0.0 0.0
0.10435435928270291 5.7480407993839376e-09
0.20870871856540582 3.899304274709008e-08
0.3130630778481087 4.639018250481264e-08
0.41741743713081164 3.1574591770549847e-07
0.5217717964135146 3.541184259319625e-06
0.6261261556962174 0.0003914099584133219
0.7304805149789203 0.00353434834007616
0.8348348742616233 0.008582456326360809
0.9391892335443263 0.0066132136996915995
1.0435435928270291 0.0011774513359511841
1.1478979521097321 5.966211496679637e-07
1.2522523113924349 1.1507741924096173e-05
1.3566066706751378 4.480733033751274e-06
1.4609610299578406 1.2742334928062062e-07
1.5653153892405436 1.3593174278074774e-06
1.6696697485232466 4.4628252330905934e-07
1.7740241078059495 1.137388765492097e-07
1.8783784670886525 3.342192951611137e-07
1.9827328263713553 1.575499070080515e-07
2.0870871856540583 4.109706716777315e-07
2.1914415449367612 2.569181508429468e-07
2.2957959042194642 2.5198172495828804e-06
2.400150263502167 5.14261109822615e-06
2.5045046227848697 3.9158585813953785e-06
2.6088589820675727 3.5626318447751324e-06
2.7132133413502757 2.126027878174019e-06
2.8175677006329787 2.4271876836836306e-07
2.921922059915681 2.213868612541615e-08
3.026276419198384 3.8856213404976516e-08
3.130630778481087 9.193591714824602e-09
3.23498513776379 1.7292487493779557e-08
3.339339497046493 1.1844780333944485e-08
3.4436938563291957 3.020088207468621e-09
3.548048215611899 2.4287508954113503e-08
3.6524025748946016 8.73098800981171e-09
3.756756934177305 2.9231620245697334e-10
3.8611112934600076 1.1823736281318262e-08
3.9654656527427106 1.900379155302418e-08
4.0698200120254135 1.1160645733524928e-08
4.1741743713081165 5.600087965389365e-09
4.2785287305908195 1.3641235476992875e-08
4.3828830898735225 9.928904020809363e-09
4.4872374491562255 1.4703461778404142e-08
4.5915918084389284 9.92053685991469e-10
4.6959461677216305 3.7506021833143e-09
4.800300527004334 1.777304104927182e-08
4.9046548862870365 6.11141921334615e-11
5.0090092455697395 4.947684055926548e-09
5.1133636048524425 9.590081268068596e-09
5.217717964135145 9.81390116837988e-12
5.322072323417848 7.116172271654002e-09
5.426426682700551 3.9854191874059504e-09
5.530781041983254 3.1018549707073136e-10
5.635135401265957 7.31232462757983e-09
5.73948976054866 7.348250353876922e-10
5.843844119831362 6.48908819348854e-10
5.948198479114066 7.222668679872365e-09
6.052552838396768 2.4928741332634387e-11
6.156907197679472 1.419787903083591e-09
6.261261556962174 5.777404834525418e-09
6.365615916244878 6.669044746281935e-10
6.46997027552758 2.984539851263438e-09
6.574324634810284 3.4124792268758673e-09
6.678678994092986 1.1859761849056953e-09
6.783033353375689 5.942502184893336e-09
6.887387712658391 8.821420643128028e-10
6.991742071941095 7.054281775845471e-10
7.096096431223798 1.0772133678197928e-08
7.200450790506501 6.887654448728782e-11
7.304805149789203 5.686836689072924e-10
7.409159509071906 1.9238430984930885e-08
7.51351386835461 3.1118719890499672e-09
7.617868227637313 3.940322273631099e-09
7.722222586920015 3.296102765180061e-08
7.826576946202718 1.5315849279484623e-08
7.930931305485421 1.886968140137322e-08
8.035285664768125 5.682434666666574e-08
8.139640024050827 4.3367196545321926e-08
8.24399438333353 5.222690252028667e-08
8.348348742616233 8.873867384802325e-08
8.452703101898935 9.516327554991141e-08
8.557057461181639 1.1419053615899422e-07
8.661411820464341 1.3214378629014633e-07
8.765766179747045 1.760683480464182e-07
8.870120539029747 2.027511994918305e-07
8.974474898312451 1.7532935136373148e-07
9.078829257595153 2.6892447776175154e-07
9.183183616877857 2.925965248006905e-07
9.287537976160559 2.0454188238112608e-07
9.391892335443261 3.6494093689566295e-07
9.496246694725965 3.625200940013204e-07
9.600601054008669 2.0371471811744533e-07
9.704955413291371 4.1406584441596217e-07
9.809309772574073 3.561839172460694e-07
9.913664131856777 1.5687213192465042e-07
10.018018491139479 3.865699968764134e-07
10.122372850422183 2.59544066210599e-07
10.226727209704885 8.021865556812189e-08
10.331081568987589 2.5544969429777806e-07
10.43543592827029 8.677108430592653e-08
10.539790287552993 2.3947267709260317e-08
10.644144646835697 5.919061306540029e-08
10.7484990061184 1.4620459093283115e-08
10.852853365401103 2.348879198134268e-07
10.957207724683805 1.1901751546217212e-07
11.061562083966509 5.73895766650765e-07
11.165916443249213 1.299452358787685e-06
11.270270802531915 1.2684829013922592e-06
11.374625161814617 3.0158204073101695e-06
11.47897952109732 4.601026583711007e-06
11.583333880380025 5.250720549813036e-06
11.687688239662725 9.325102291747045e-06
11.792042598945429 1.198765466567047e-05
11.896396958228133 1.4517008984834881e-05
12.000751317510835 2.2557812265984435e-05
12.105105676793537 2.6998000828321266e-05
12.20946003607624 3.393520864966687e-05
12.313814395358945 4.798321318290833e-05
12.418168754641647 5.467654603188542e-05
12.522523113924349 6.932921877361065e-05
12.626877473207053 9.19895746433053e-05
12.731231832489756 0.00010386491862165964
12.835586191772459 0.00013492466863455007
12.93994055105516 0.0001730206605887024
13.044294910337864 0.00019627038925144373
13.148649269620568 0.0002533757278073606
13.253003628903269 0.0003098327369047052
13.357357988185973 0.0003478314506211249
13.461712347468676 0.00044170025170086463
13.566066706751378 0.0005247561451344116
13.67042106603408 0.0005917081356376261
13.774775425316783 0.0007372309904232078
13.879129784599488 0.0008431596926210219
13.98348414388219 0.000930446942159472
14.087838503164894 0.0011159417407865285
14.192192862447596 0.0012334653445555586
14.296547221730298 0.001360586433296932
14.400901581013002 0.0016200125178448316
14.505255940295704 0.0017825730224896594
14.609610299578407 0.0019945027962429505
14.71396465886111 0.0023454490517892217
14.818319018143812 0.002546513223777766
14.922673377426518 0.0028612609704409212
15.02702773670922 0.0033387130554559242
15.131382095991922 0.0036688295454423755
15.235736455274626 0.004242387467555516
15.340090814557328 0.004940745478664758
15.44444517384003 0.005369191981431576
15.548799533122734 0.006045657102629989
15.653153892405436 0.006719470183461755
15.757508251688138 0.007096354902566155
15.861862610970842 0.007891006825132644
15.966216970253544 0.008600925799579788
16.07057132953625 0.008968542492039799
16.174925688818952 0.00979536961876352
16.279280048101654 0.010291721228372425
16.38363440738436 0.010389436357324193
16.48798876666706 0.010993805568510392
16.59234312594976 0.011157896142841772
16.696697485232466 0.011379376090022096
16.801051844515168 0.012641075164020604
16.90540620379787 0.01335517512668695
17.009760563080576 0.013892070097970173
17.114114922363278 0.014819099468254583
17.21846928164598 0.014710858365532818
17.322823640928682 0.015413651949010867
17.427178000211384 0.017500736289829486
17.53153235949409 0.018346678845954468
17.635886718776792 0.01918256537278821
17.740241078059494 0.02007177639961935
17.8445954373422 0.01959555588103286
17.948949796624902 0.02065084982551649
18.053304155907604 0.021701837598731892
18.157658515190306 0.01976377016146911
18.262012874473008 0.018895260233040976
18.366367233755714 0.019197363505955793
18.470721593038416 0.01899896391481107
18.575075952321118 0.020390463259450976
18.679430311603824 0.01883388837115522
18.783784670886522 0.013424767678594218
18.888139030169224 0.011739901142233044
18.99249338945193 0.01270155654059752
19.096847748734632 0.014123874714745141
19.201202108017338 0.01577469915259788
19.30555646730004 0.01164047610086281
19.409910826582742 0.00749866755630034
19.514265185865444 0.0106885669644728
19.618619545148146 0.012572064098854833
19.722973904430848 0.01357634611409563
19.827328263713554 0.014700937189702525
19.931682622996256 0.009727387183563412
20.036036982278958 0.014917598138076282
20.140391341561664 0.02749493590165475
20.244745700844366 0.016721505245352652
20.349100060127068 0.008018297157384781
20.45345441940977 0.03053997459538831
20.557808778692472 0.037501312231591824
20.662163137975178 0.01700876641135415
20.76651749725788 0.01634886541421955
20.87087185654058 0.0280990419542581
20.975226215823287 0.02522212955556166
21.079580575105986 0.02335655986117149
21.18393493438869 0.025485439700212296
21.288289293671394 0.02260057837390141
21.392643652954096 0.022219452247482986
21.4969980122368 0.021420157529984822
21.601352371519503 0.017237090629637294
21.705706730802206 0.018506774165854934
21.810061090084908 0.021061961723166198
21.91441544936761 0.018951802680242602
22.018769808650312 0.01479621491383661
22.123124167933018 0.00915336450285186
22.22747852721572 0.008475762494538991
22.331832886498425 0.013074299113535082
22.436187245781127 0.010116966676252299
22.54054160506383 0.00508406547343686
22.64489596434653 0.008772342329452109
22.749250323629234 0.008714789630313068
22.853604682911936 0.0021143432538266635
22.95795904219464 0.00377331022871075
23.062313401477343 0.008762621270037694
23.16666776076005 0.005229361604720065
23.27102212004275 0.0013465404176719277
23.37537647932545 0.0036715099160860875
23.479730838608155 0.0049922660137476284
23.584085197890857 0.0030183510998213737
23.68843955717356 0.0020812104924796933
23.792793916456265 0.0018995585174295187
23.897148275738967 0.0007399920144328591
24.00150263502167 0.00048219913199235693
24.10585699430437 0.001932624154874027
24.210211353587074 0.0028503313237294714
24.31456571286978 0.002071905593619259
24.41892007215248 0.0007988406023864581
24.523274431435183 0.0003698587654400483
24.62762879071789 0.0007106234695468317
24.73198315000059 0.0007598360631172964
24.836337509283293 0.00030953979630095546
24.940691868565995 7.182644398949866e-05
25.045046227848697 0.00010982224661908006
25.1494005871314 7.269682428187061e-05
25.253754946414105 3.9545744172817154e-05
25.358109305696807 9.28050106945169e-05
25.462463664979513 0.000183196372711982
25.566818024262215 0.00025824575653887326
25.671172383544917 0.00023671461752951416
25.77552674282762 0.00015940636751865812
25.87988110211032 8.664596425213816e-05
25.984235461393023 6.839628769406139e-05
26.08858982067573 0.00018989493646061716
26.19294417995843 0.0002933427787655559
26.297298539241137 0.00022395674806981826
26.401652898523835 0.00015236024752101238
26.506007257806537 0.00020106965566973
26.610361617089243 0.000214904911634565
26.714715976371945 7.837666927092484e-05
26.819070335654647 1.4413685430645855e-05
26.923424694937353 0.00033598315932557784
27.027779054220055 0.0007611137069492662
27.132133413502757 0.0006989958087996349
27.23648777278546 0.00029245342443353473
27.34084213206816 0.00019504840989834925
27.445196491350863 0.0006100945238638317
27.549550850633565 0.0011112197458198517
27.653905209916275 0.001187521562254415
27.758259569198977 0.0007899294685762529
27.86261392848168 0.000338799309630888
27.96696828776438 0.000131214438052018
28.07132264704708 0.00010646414305734213
28.17567700632979 0.00010927047414714397
28.28003136561249 7.752544224608092e-05
28.384385724895193 2.2266571228444022e-05
28.488740084177895 1.9385517608763967e-05
28.593094443460597 0.00018050263323038466
28.6974488027433 0.0004844022271844622
28.801803162026005 0.0007062864282354564
28.906157521308707 0.0006778198083646816
29.01051188059141 0.0004868736095462545
29.11486623987411 0.00031424194792193137
29.219220599156813 0.0002510568997539992
29.323574958439522 0.00027798533858038206
29.42792931772222 0.00032193720018370913
29.532283677004923 0.00031664181909924995
29.636638036287625 0.00025538684867628335
29.740992395570327 0.00018703850405021744
29.845346754853036 0.00015190574703026962
29.94970111413574 0.0001435578663158763
30.05405547341844 0.00014219577985078068
30.158409832701143 0.00010867602727359681
30.262764191983845 3.438282437381206e-05
30.367118551266543 5.546504936477576e-06
30.471472910549252 7.63542620985879e-05
30.575827269831954 0.00016886098860950693
30.680181629114657 0.00020274309532586961
30.78453598839736 0.00017435159374746493
30.88889034768006 0.00011047050184341703
30.993244706962766 4.4526813447413087e-05
31.09759906624547 7.0961159260395404e-06
31.20195342552817 1.290727010275106e-06
31.306307784810873 1.0487907524232246e-05
31.410662144093575 2.9706159316746952e-05
31.515016503376277 6.610786553623635e-05
31.619370862658986 0.00010825481657617557
31.723725221941685 0.00013603774897423404
31.828079581224387 0.00014594413815480475
31.93243394050709 0.0001291959058264492
32.03678829978979 8.126153482963476e-05
32.1411426590725 3.0047306717760943e-05
32.2454970183552 6.2942785544932586e-06
32.349851377637904 5.64348598656162e-06
32.454205736920606 1.4695004225162154e-05
32.55856009620331 2.831208384045363e-05
32.66291445548601 3.993950272517357e-05
32.76726881476872 4.620612206138051e-05
32.87162317405142 5.630540226160469e-05
32.97597753333412 7.186331442828106e-05
33.08033189261682 7.846692134593111e-05
33.18468625189952 7.277982720853546e-05
33.28904061118223 6.439721185661458e-05
33.39339497046493 5.667497770856168e-05
33.497749329747634 5.1764450362139096e-05
33.602103689030336 5.369421749801288e-05
33.70645804831304 5.4274452748137404e-05
33.81081240759574 4.390717171574911e-05
33.91516676687845 2.890272948075848e-05
34.01952112616115 1.8012726673345124e-05
34.123875485443854 1.1597357430938228e-05
34.228229844726556 1.048158846968384e-05
34.33258420400926 1.5954347452316372e-05
34.43693856329196 2.471966201877108e-05
34.54129292257466 3.382735288146734e-05
34.645647281857364 4.5233424489093404e-05
34.75000164114007 5.8981383330079684e-05
34.85435600042277 7.077548438234008e-05
34.95871035970548 7.816259805506276e-05
35.06306471898818 8.071170687970023e-05
35.16741907827088 7.488776551241e-05
35.271773437553584 6.134359348144293e-05
35.376127796836286 4.743854855115857e-05
35.48048215611899 3.590982970866602e-05
35.5848365154017 2.7022281873367786e-05
35.6891908746844 2.2361543000946732e-05
35.7935452339671 2.0830332179821432e-05
35.897899593249804 2.0818056282463017e-05
36.002253952532506 2.3347301190772655e-05
36.10660831181521 2.829921131152415e-05
36.21096267109791 3.393085704662943e-05
36.31531703038061 4.011952816484911e-05
36.419671389663314 4.65496949021932e-05
36.524025748946016 5.091132297448383e-05
36.62838010822872 5.256754981323759e-05
36.73273446751143 5.413899796613199e-05
36.83708882679413 5.4768713668822174e-05
36.94144318607683 5.1923099389908945e-05
37.045797545359534 4.798334942447094e-05
37.150151904642236 4.3870310847747247e-05
37.254506263924945 3.7191696787279144e-05
37.35886062320765 2.9299924164553954e-05
37.46321498249035 2.434233171708436e-05
37.567569341773044 2.2190380238099625e-05
37.671923701055746 2.1543864807207254e-05
37.77627806033845 2.4699748847144625e-05
37.88063241962116 3.0435738821465157e-05
37.98498677890386 3.451146446912271e-05
38.08934113818656 3.8366629065985776e-05
38.193695497469264 4.3592829833087214e-05
38.298049856751966 4.630661198574776e-05
38.402404216034675 4.689376568712736e-05
38.50675857531738 4.938742633697332e-05
38.61111293460008 5.187892101403876e-05
38.71546729388278 5.08094138060654e-05
38.819821653165484 4.811099422275026e-05
38.924176012448186 4.5983607045161165e-05
39.02853037173089 4.069122860270247e-05
39.13288473101359 3.203210787582635e-05
39.23723909029629 2.578790272150477e-05
39.341593449578994 2.1537420297841327e-05
39.445947808861696 1.7020992490137505e-05
39.550302168144405 1.5822106055506288e-05
39.65465652742711 1.836177552414042e-05
39.75901088670981 2.069824995520424e-05
39.86336524599251 2.4045485530972924e-05
39.967719605275214 3.092872137384553e-05
40.072073964557916 3.799544801914807e-05
40.176428323840625 4.28501208420918e-05
40.28078268312333 4.93442299255755e-05
40.38513704240603 5.698075311364469e-05
40.48949140168873 5.868092904232013e-05
40.59384576097143 5.5877719101963896e-05
40.698200120254135 5.369886213718288e-05
40.80255447953684 4.832934862894699e-05
40.90690883881954 3.804235549412876e-05
41.01126319810224 2.9019037077032824e-05
41.115617557384944 2.325727019880171e-05
41.21997191666765 1.7274651792359886e-05
41.324326275950355 1.2522830034553969e-05
41.42868063523306 1.2207211458684135e-05
41.53303499451576 1.3635631454583923e-05
41.63738935379846 1.5215486552984486e-05
41.74174371308116 2.039266107253377e-05
41.84609807236387 2.8036782021192327e-05
41.950452431646575 3.3639804490367845e-05
42.05480679092928 3.947259507383332e-05
42.15916115021197 4.746300802232989e-05
42.263515509494674 5.2219730790569995e-05
42.36786986877738 5.207954805807208e-05
42.472224228060085 5.2387306194708956e-05
42.57657858734279 5.260632755789857e-05
42.68093294662549 4.766418483210762e-05
42.78528730590819 4.087303277565853e-05
42.889641665190894 3.6546934290410207e-05
42.9939960244736 3.122330906909844e-05
43.098350383756305 2.3761328380363447e-05
43.20270474303901 1.8689690536315046e-05
43.30705910232171 1.6348826590738853e-05
43.41141346160441 1.3639414942203772e-05
43.51576782088712 1.2578569787844428e-05
43.620122180169815 1.5130493811251498e-05
43.72447653945252 1.7818124308249567e-05
43.82883089873522 2.0054297969885414e-05
43.93318525801792 2.5294024047567006e-05
44.037539617300624 3.163177926958038e-05
44.14189397658333 3.558054299724833e-05
44.246248335866035 4.013857010282843e-05
44.35060269514874 4.696337183850841e-05
44.45495705443144 5.117998980504396e-05
44.55931141371414 5.1069593471148325e-05
44.66366577299685 5.091725744303775e-05
44.76802013227955 4.9944115143016054e-05
44.872374491562255 4.380407774179177e-05
44.97672885084496 3.5751472556685064e-05
45.08108321012766 2.9794435991375323e-05
45.18543756941036 2.3654609485941985e-05
45.28979192869306 1.6901094543769375e-05
45.394146287975765 1.2886838205679216e-05
45.49850064725847 1.166364658693813e-05
45.60285500654117 1.0849320360125444e-05
45.70720936582387 1.1600241086756423e-05
45.81156372510658 1.5317676132433325e-05
45.91591808438928 1.9447513468742113e-05
46.020272443671985 2.3224011107075698e-05
46.12462680295469 2.9069886775980306e-05
46.22898116223739 3.5300956217809914e-05
46.3333355215201 3.8953137545723886e-05
46.4376898808028 4.211598041011291e-05
46.5420442400855 4.605798744253684e-05
46.646398599368204 4.7751679306157106e-05
46.7507529586509 4.63729765024536e-05
46.8551073179336 4.509019995967001e-05
46.95946167721631 4.372018875919811e-05
47.06381603649901 3.9267374650192457e-05
47.168170395781715 3.341650146067796e-05
47.27252475506442 2.8752147696776662e-05
47.37687911434712 2.3867947265577268e-05
47.48123347362983 1.8182296493995e-05
47.58558783291253 1.4031120224448642e-05
47.68994219219523 1.1935661048202327e-05
47.794296551477935 1.0395199352883403e-05
47.89865091076064 1.0090968346745545e-05
48.00300527004334 1.2117782757793312e-05
48.10735962932605 1.5096059745447189e-05
48.21171398860874 1.8459517502659703e-05
48.316068347891445 2.3630017298647895e-05
48.42042270717415 2.981701003978433e-05
48.52477706645685 3.496266016678172e-05
48.62913142573956 3.9479071905009866e-05
48.73348578502226 4.398610128374866e-05
48.83784014430496 4.6811542932350326e-05
48.942194503587665 4.685610832249029e-05
49.04654886287037 4.5789632324994596e-05
49.15090322215307 4.411254762916325e-05
49.25525758143578 4.055424538996008e-05
49.35961194071848 3.592338121240183e-05
49.46396630000118 3.154652254348275e-05
49.568320659283884 2.7117857371646926e-05
49.672675018566586 2.2247624265321787e-05
49.77702937784929 1.776836570664269e-05
49.88138373713199 1.4374480292214804e-05
49.98573809641469 1.1685220273887554e-05
50.090092455697395 9.960871983242725e-06
50.1944468149801 9.856854784580718e-06
50.2988011742628 1.1020635505405972e-05
50.40315553354551 1.3137739267141818e-05
50.50750989282821 1.6456594044512928e-05
50.61186425211091 2.063776746236571e-05
50.716218611393614 2.516726474680045e-05
50.82057297067632 2.9941171662689326e-05
50.924927329959026 3.47650596127689e-05
51.02928168924173 3.9134557600507625e-05
51.13363604852443 4.249749816423781e-05
51.23799040780713 4.4804910300213314e-05
51.342344767089834 4.5718533690287626e-05
51.446699126372536 4.4951134276286586e-05
51.55105348565524 4.2930548305456855e-05
51.65540784493794 3.977896404404908e-05
51.75976220422064 3.582865737135918e-05
51.864116563503345 3.1609004065992065e-05
51.96847092278605 2.727516717768335e-05
52.072825282068756 2.2900670003630177e-05
52.17717964135146 1.8751278440496182e-05
52.28153400063416 1.5291610267807645e-05
52.38588835991686 1.2435354392677925e-05
52.490242719199564 1.0200216940518911e-05
52.59459707848227 9.250109257969311e-06
52.698951437764975 9.577050152559763e-06
52.80330579704767 1.0753531388139027e-05
52.90766015633037 1.3117340081866974e-05
53.012014515613075 1.666240204250996e-05
53.11636887489578 2.0471471385842474e-05
53.220723234178486 2.4335699059558683e-05
53.32507759346119 2.8747001983177028e-05
53.42943195274389 3.324120180253139e-05
53.53378631202659 3.667855867463508e-05
53.638140671309294 3.949915463643253e-05
53.742495030592 4.2359553658428896e-05
53.846849389874706 4.3885020249982535e-05
53.95120374915741 4.3503792688388325e-05
54.05555810844011 4.250338569661116e-05
54.15991246772281 4.117619803822012e-05
54.264266827005514 3.831981897325659e-05
54.368621186288216 3.4161731224842694e-05
54.47297554557092 3.0398027894427195e-05
54.57732990485362 2.6704925828182687e-05
54.68168426413632 2.2135293655528053e-05
54.786038623419024 1.7800657919083744e-05
54.89039298270173 1.4592656293980268e-05
54.99474734198443 1.1765862459534018e-05
55.09910170126713 9.295707256546207e-06
55.20345606054985 8.317997365475966e-06
55.30781041983255 8.582730253385529e-06
55.41216477911525 9.202127141582541e-06
55.51651913839795 1.0886504490239555e-05
55.620873497680655 1.3945562628296628e-05
55.72522785696336 1.704560855688724e-05
55.82958221624606 2.0233727692333163e-05
55.93393657552876 2.4704175730628758e-05
56.03829093481146 2.952622029812764e-05
56.14264529409416 3.320642312209514e-05
56.24699965337686 3.660510049033062e-05
56.35135401265958 4.061455481017543e-05
56.45570837194228 4.328943493573472e-05
56.56006273122498 4.359657062293003e-05
56.66441709050768 4.3638741211088794e-05
56.768771449790385 4.3608362012316954e-05
56.87312580907309 4.1531951989359427e-05
56.97748016835579 3.797648985358095e-05
57.08183452763849 3.5053817415297604e-05
57.186188886921194 3.2176879184083125e-05
57.290543246203896 2.770982548288651e-05
57.3948976054866 2.3034692596455573e-05
57.49925196476931 1.9581841099051357e-05
57.60360632405201 1.6099822292307104e-05
57.70796068333471 1.2250439556003477e-05
57.81231504261741 9.580398520390688e-06
57.916669401900116 8.206919903257505e-06
58.02102376118282 7.055863619846642e-06
58.12537812046552 6.706167243050643e-06
58.22973247974822 7.967114043200918e-06
58.334086839030924 9.792578987361561e-06
58.438441198313626 1.17745414426089e-05
58.54279555759633 1.513071944221083e-05
58.647149916879044 1.938778406818956e-05
58.75150427616175 2.2974351283223698e-05
58.85585863544444 2.6633700546462302e-05
58.960212994727144 3.127762447428384e-05
59.064567354009846 3.524844769163781e-05
59.16892171329255 3.743908582574844e-05
59.27327607257525 3.9600728136939476e-05
59.37763043185795 4.220760126054695e-05
59.481984791140654 4.311494403698965e-05
59.586339150423356 4.247493852557742e-05
59.69069350970607 4.2318247922475833e-05
59.795047868988775 4.207057816568022e-05
59.89940222827148 3.987306590547672e-05
60.00375658755418 3.661576774386397e-05
60.10811094683688 3.404599390661886e-05
60.21246530611958 3.095125454936077e-05
60.316819665402285 2.634532156591557e-05
60.42117402468499 2.1989457032536154e-05
60.52552838396769 1.8673670754172124e-05
60.629882743250384 1.5211025210056662e-05
60.734237102533086 1.1619631968164255e-05
60.8385914618158 9.21766991308024e-06
60.942945821098505 7.79903808895888e-06
61.04730018038121 6.487939930392578e-06
61.15165453966391 6.00736854291065e-06
61.25600889894661 6.853833599949874e-06
61.36036325822931 8.064905110907096e-06
61.464717617512015 9.582795945867866e-06
61.56907197679472 1.2257112057727141e-05
61.67342633607742 1.55129136100164e-05
61.77778069536012 1.8450841121836777e-05
61.88213505464282 2.1786065026561627e-05
61.98648941392553 2.609938048369042e-05
62.090843773208235 3.0120966230535912e-05
62.19519813249094 3.3261249851597784e-05
62.29955249177364 3.674726834191182e-05
62.40390685105634 4.035782651696214e-05
62.50826121033904 4.251992460068056e-05
62.612615569621745 4.3426448021849966e-05
62.71696992890445 4.434379146888766e-05
62.82132428818715 4.476147674375888e-05
62.92567864746985 4.352243007940346e-05
63.030033006752554 4.164937698691009e-05
63.13438736603527 4.017934566429592e-05
63.23874172531797 3.8152938615266216e-05
63.343096084600674 3.503670965140245e-05
63.44745044388337 3.181465337606793e-05
63.55180480316607 2.89314656420544e-05
63.65615916244877 2.547517170268172e-05
63.760513521731475 2.1439502955432018e-05
63.86486788101418 1.789989985432695e-05
63.96922224029688 1.4834796385034074e-05
64.07357659957958 1.1754171273720043e-05
64.17793095886229 9.089363090296514e-06
64.282285318145 7.3330238236297915e-06
64.3866396774277 6.171755256620791e-06
64.4909940367104 5.4021939895496946e-06
64.5953483959931 5.433331216109423e-06
64.69970275527581 6.264823942682856e-06
64.8040571145585 7.477078599366598e-06
64.90841147384121 9.219427072625354e-06
65.01276583312391 1.1715062249790823e-05
65.11712019240662 1.4544518462744198e-05
65.22147455168931 1.7483636742608464e-05
65.32582891097202 2.0798460160648938e-05
65.43018327025473 2.4486515518095628e-05
65.53453762953744 2.8092060376678762e-05
65.63889198882013 3.1496717227765485e-05
65.74324634810284 3.501791498139974e-05
65.84760070738554 3.837930483490664e-05
65.95195506666823 4.112386738885596e-05
66.05630942595094 4.3292598496927065e-05
66.16066378523364 4.500135267320765e-05
66.26501814451635 4.613387162559173e-05
66.36937250379904 4.6459569490784605e-05
66.47372686308175 4.61810847847262e-05
66.57808122236446 4.551775679680623e-05
66.68243558164717 4.438162562528747e-05
66.78678994092986 4.2790260664824525e-05
66.89114430021257 4.0751638240807376e-05
66.99549865949527 3.837836665075905e-05
67.09985301877798 3.569851701636127e-05
67.20420737806067 3.2624775900613315e-05
67.30856173734338 2.9259251586282232e-05
67.41291609662608 2.5766149201561943e-05
67.51727045590879 2.233589573875806e-05
67.62162481519148 1.896218526782841e-05
67.72597917447419 1.5693994557362027e-05
67.8303335337569 1.2820003007430365e-05
67.9346878930396 1.0367073221690695e-05
68.0390422523223 8.219549080320095e-06
68.143396611605 6.4747208538448385e-06
68.24775097088771 5.305732254794459e-06
68.3521053301704 4.64736481410025e-06
68.45645968945311 4.391968191377276e-06
68.5608140487358 4.715646008090938e-06
68.66516840801852 5.653062919472117e-06
68.76952276730121 6.924883058969393e-06
68.87387712658392 8.580239618521413e-06
68.97823148586663 1.0858157047628601e-05
69.08258584514932 1.3497578107817027e-05
69.18694020443203 1.622426808304096e-05
69.29129456371473 1.9308307802582605e-05
69.39564892299744 2.2904559033738236e-05
69.50000328228013 2.642275528398984e-05
69.60435764156284 2.9555692742146033e-05
69.70871200084554 3.290656108696193e-05
69.81306636012825 3.6404209718586226e-05
69.91742071941096 3.924349439679763e-05
70.02177507869366 4.1549452095881475e-05
70.12612943797636 4.411431860607316e-05
70.23048379725907 4.67010801813809e-05
70.33483815654176 4.835570659717462e-05
70.43919251582446 4.9506050978178354e-05
70.54354687510717 5.097376423515448e-05
70.64790123438986 5.1997356900451796e-05
70.75225559367257 5.179188144359445e-05
70.85660995295527 5.111919242283994e-05
70.96096431223798 5.071338503417418e-05
71.06531867152069 4.9671173237982234e-05
71.1696730308034 4.749706574961413e-05
71.27402739008609 4.53715536587751e-05
71.3783817493688 4.362510191864019e-05
71.4827361086515 4.1221774626967216e-05
71.5870904679342 3.805041197846032e-05
71.6914448272169 3.5199600781820776e-05
71.79579918649961 3.268854235734804e-05
71.9001535457823 2.9493215758836206e-05
72.00450790506501 2.596381587863026e-05
72.1088622643477 2.3075406436722282e-05
72.21321662363042 2.0454155622931308e-05
72.31757098291313 1.7426936050207474e-05
72.42192534219582 1.451881013935993e-05
72.52627970147853 1.2336694737732053e-05
72.63063406076122 1.0303408140656123e-05
72.73498842004393 8.085857773030227e-06
72.83934277932663 6.348137762333758e-06
72.94369713860934 5.225499710340667e-06
73.04805149789203 4.191601400557775e-06
73.15240585717474 3.365740479712708e-06
73.25676021645744 3.1956626548502165e-06
73.36111457574015 3.3964679477379557e-06
73.46546893502286 3.658982796289507e-06
73.56982329430555 4.413841028858396e-06
73.67417765358826 5.776959102988778e-06
73.77853201287095 7.183462676059162e-06
73.88288637215366 8.735793728538348e-06
73.98724073143636 1.1022438059846878e-05
74.09159509071907 1.3659270823211534e-05
74.19594945000176 1.600257619329393e-05
74.30030380928447 1.854292848462492e-05
74.40465816856717 2.1814513188337408e-05
74.50901252784989 2.500043523970187e-05
74.61336688713259 2.760958532865473e-05
74.7177212464153 3.065228245324603e-05
74.82207560569799 3.43884529162954e-05
74.9264299649807 3.769722516712878e-05
75.0307843242634 4.0427042697399176e-05
75.13513868354609 4.374605111809339e-05
75.2394930428288 4.755582992390714e-05
75.34384740211149 5.046210390375382e-05
75.4482017613942 5.279664575552274e-05
75.5525561206769 5.5863787743460764e-05
75.65691047995962 5.909309051081236e-05
75.76126483924232 6.12454084598011e-05
75.86561919852502 6.302235457147953e-05
75.96997355780772 6.564336086552993e-05
76.07432791709043 6.807355200712635e-05
76.17868227637312 6.917196982286701e-05
76.28303663565583 7.01053150086376e-05
76.38739099493853 7.174714492561581e-05
76.49174535422124 7.288903663708564e-05
76.59609971350393 7.280760696931968e-05
76.70045407278664 7.294125494964159e-05
76.80480843206935 7.391158700085029e-05
76.90916279135205 7.424253052771536e-05
77.01351715063475 7.361544812899777e-05
77.11787150991745 7.339800315130058e-05
77.22222586920016 7.371304408222197e-05
77.32658022848285 7.310594356942362e-05
77.43093458776556 7.15507274809387e-05
77.53528894704826 7.051433988519442e-05
77.63964330633097 6.980093749241806e-05
77.74399766561366 6.821207090288854e-05
77.84835202489637 6.617326281366108e-05
77.95270638417908 6.485214324899445e-05
78.05706074346178 6.382070886490793e-05
78.16141510274448 6.196532815092399e-05
78.26576946202718 5.9859629516122014e-05
78.37012382130989 5.838061670513172e-05
78.47447818059258 5.685472571718335e-05
78.5788325398753 5.459011782213364e-05
78.68318689915799 5.227090579062721e-05
78.7875412584407 5.0578394469738154e-05
78.89189561772339 4.881443010493779e-05
78.9962499770061 4.6508621059700686e-05
79.10060433628881 4.439755765584298e-05
79.20495869557152 4.276864230533179e-05
79.30931305485421 4.096380964534656e-05
79.41366741413692 3.87406656209125e-05
79.51802177341962 3.675778873412299e-05
79.62237613270231 3.518456502285339e-05
79.72673049198502 3.341341364680191e-05
79.83108485126772 3.144971335695062e-05
79.93543921055043 2.9811591075381483e-05
80.03979356983312 2.8476242885702612e-05
80.14414792911583 2.6957298739908123e-05
80.24850228839854 2.527075098530963e-05
80.35285664768125 2.384726036993828e-05
80.45721100696395 2.2557450125162174e-05
80.56156536624665 2.1067321625552566e-05
80.66591972552935 1.9527321693746302e-05
80.77027408481206 1.8241909752302643e-05
80.87462844409475 1.7130747434962617e-05
80.97898280337746 1.5942607146390537e-05
81.08333716266016 1.4810349494130937e-05
81.18769152194287 1.3909194835633857e-05
81.29204588122558 1.308989036394853e-05
81.39640024050827 1.219187775723658e-05
81.50075459979098 1.1283958141019763e-05
81.60510895907368 1.0504673791748688e-05
81.70946331835638 9.770025529806542e-06
81.81381767763908 8.988147149224962e-06
81.91817203692179 8.25277641840823e-06
82.02252639620448 7.631416362188454e-06
82.12688075548719 7.082494452874114e-06
82.23123511476989 6.524900583331994e-06
82.3355894740526 5.985792962724991e-06
82.4399438333353 5.524496980499016e-06
82.544298192618 5.101729447090534e-06
82.64865255190071 4.6771405114570045e-06
82.7530069111834 4.259681393057352e-06
82.85736127046611 3.904699263333417e-06
82.96171562974881 3.6083386383782883e-06
83.06606998903152 3.30609508322602e-06
83.17042434831421 3.00493544330687e-06
83.27477870759692 2.744916213875033e-06
83.37913306687962 2.524363751588083e-06
83.48348742616233 2.2884947798352084e-06
83.58784178544504 2.0369834914980804e-06
83.69219614472775 1.8390433470196729e-06
83.79655050401044 1.6870301982343801e-06
83.90090486329315 1.5294734733007735e-06
84.00525922257584 1.3725646528627984e-06
84.10961358185855 1.2665655310495176e-06
84.21396794114125 1.1980487241632651e-06
84.31832230042394 1.0950041135075319e-06
84.42267665970665 9.736944858721112e-07
84.52703101898935 8.893352073899309e-07
84.63138537827206 8.169153167680453e-07
84.73573973755477 7.091851481339207e-07
84.84009409683748 5.981600273500694e-07
84.94444845612017 5.39494345749671e-07
85.04880281540288 4.987979286196548e-07
85.15315717468557 4.3271010194825827e-07
85.25751153396828 3.755327091721695e-07
85.36186589325098 3.5942042069475073e-07
85.46622025253369 3.4685539287194936e-07
85.57057461181638 2.9874150928599655e-07
85.67492897109909 2.5534978394283955e-07
85.77928333038179 2.470529025930855e-07
85.8836376896645 2.3062597671012324e-07
85.9879920489472 1.873735086961079e-07
86.0923464082299 1.5758903369665216e-07
86.19670076751261 1.5777103485175003e-07
86.3010551267953 1.4733386471316203e-07
86.40540948607801 1.13856049188009e-07
86.50976384536071 9.724259093055983e-08
86.61411820464342 1.0085780549081064e-07
86.71847256392611 8.984931894403883e-08
86.82282692320882 6.464630555524674e-08
86.92718128249152 5.6754881798805776e-08
87.03153564177424 6.420631552361878e-08
87.13589000105694 5.713687097034722e-08
87.24024436033963 4.033145526268991e-08
87.34459871962234 3.921396409209099e-08
87.44895307890503 4.5479475980695205e-08
87.55330743818774 3.573329152868371e-08
87.65766179747044 2.1104247270438923e-08
87.76201615675315 2.1584611179941177e-08
87.86637051603584 2.442380489939866e-08
87.97072487531855 1.684484938868759e-08
88.07507923460125 9.836461628403471e-09
88.17943359388397 1.392425717695846e-08
88.28378795316667 2.013793676148548e-08
88.38814231244938 1.4835432190426818e-08
88.49249667173207 9.182957097035907e-09
88.59685103101478 1.4481569358706936e-08
88.70120539029747 1.515481313002507e-08
88.80555974958018 6.567780197058889e-09
88.90991410886288 3.7229748101341647e-09
89.01426846814557 6.607808023895004e-09
89.11862282742828 5.3647452424207395e-09
89.22297718671098 1.4278044584840755e-09
89.3273315459937 8.571509389135238e-10
89.4316859052764 3.763419820463134e-09
89.5360402645591 4.612646903569807e-09
89.6403946238418 1.5126988267709711e-09
89.74474898312451 1.0598800867266605e-09
89.8491033424072 4.255260288455149e-09
89.95345770168991 3.9320990201709574e-09
90.05781206097261 8.049022026386639e-10
90.16216642025532 1.4835555898737793e-09
90.26652077953801 4.103424060568839e-09
90.37087513882072 2.4749281670412285e-09
90.47522949810343 1.7876412620804471e-10
90.57958385738613 1.871263948736707e-09
90.68393821666884 2.2552533563561215e-09
90.78829257595153 3.484971998857354e-10
90.89264693523424 2.688395897761184e-10
90.99700129451693 5.319037754851498e-10
91.10135565379964 8.189059914438324e-10
91.20571001308234 1.1695011995400259e-09
91.31006437236505 1.4381029347306433e-10
91.41441873164774 7.742182718068922e-10
91.51877309093047 2.1031801900929887e-09
91.62312745021316 6.415224921289323e-10
91.72748180949586 2.4964500391740436e-10
91.83183616877857 1.3880454719963153e-09
91.93619052806126 6.880314574336388e-10
92.04054488734397 2.1793079832967206e-10
92.14489924662666 4.2503494937319304e-10
92.24925360590937 3.6998332539418493e-10
92.35360796519207 8.543454168508776e-10
92.45796232447478 4.4752012116131607e-10
92.56231668375747 1.318651557700499e-10
92.6666710430402 1.0600302233195677e-09
92.77102540232289 6.600841464444736e-10
92.8753797616056 7.279760983144494e-11
92.9797341208883 7.211989517661204e-10
93.084088480171 5.340575605316516e-10
93.1884428394537 1.88264624241913e-10
93.29279719873641 4.969743477170316e-10
93.3971515580191 3.195096836832783e-10
93.5015059173018 2.423817407454328e-10
93.60586027658451 5.291296118675603e-10
93.7102146358672 3.384030883235618e-10
93.81456899514993 1.168613782367036e-10
93.91892335443262 4.807374348086509e-10
94.02327771371533 5.820455182355859e-10
94.12763207299803 7.491755838968221e-11
94.23198643228073 3.6968321911597443e-10
94.33634079156343 8.659482716495878e-10
94.44069515084614 1.8150286392983261e-10
94.54504951012883 3.0593263576699247e-10
94.64940386941154 1.012248208489234e-09
94.75375822869424 2.630946541650544e-10
94.85811258797695 3.20133980200386e-10
94.96246694725966 1.0675652033574459e-09
95.06682130654235 2.898825597688991e-10
95.17117566582506 3.9207797503065235e-10
95.27553002510776 1.1308777063039296e-09
95.37988438439046 3.3443991906928294e-10
95.48423874367316 4.238167464772714e-10
95.58859310295587 1.1072748086926305e-09
95.69294746223856 3.617408446991763e-10
95.79730182152127 3.4895266986295114e-10
95.90165618080397 9.222366400145204e-10
96.00601054008668 3.2832854292830803e-10
96.11036489936939 1.9602986592307828e-10
96.2147192586521 6.430287646016557e-10
96.31907361793479 2.761799322355496e-10
96.42342797721749 7.562538321294421e-11
96.5277823365002 4.218213079313865e-10
96.63213669578289 2.777384052980776e-10
96.7364910550656 2.5027602643152712e-11
96.8408454143483 2.9582277272328667e-10
96.945199773631 3.4309839539480443e-10
97.0495541329137 5.0196193013546897e-11
97.15390849219641 2.512730593665585e-10
97.25826285147912 4.456827536805088e-10
97.36261721076183 1.335398400412458e-10
97.46697157004452 2.440270504322689e-10
97.57132592932723 5.232747155621504e-10
97.67568028860993 2.2401764582308723e-10
97.78003464789263 2.339481289268212e-10
97.88438900717533 5.390721642900569e-10
97.98874336645804 2.773568790678216e-10
98.09309772574073 1.8985171464153343e-10
98.19745208502343 4.74083921044218e-10
98.30180644430614 2.678842598324468e-10
98.40616080358885 1.1639649622530687e-10
98.51051516287156 3.574712654752315e-10
98.61486952215425 2.148933406567075e-10
98.71922388143696 4.309248543503068e-11
98.82357824071966 2.2819096160396662e-10
98.92793260000236 1.498367112445668e-10
99.03228695928506 2.773937617704058e-12
99.13664131856777 1.2169951707632846e-10
99.24099567785046 1.045485023353728e-10
99.34535003713317 1.2243722669348672e-11
99.44970439641587 5.2656338033869635e-11
99.55405875569858 9.358835595145068e-11
99.65841311498129 6.747325648238822e-11
99.76276747426398 1.970335270331323e-11
99.86712183354669 1.1403090538815953e-10
99.97147619282939 1.4190729256577463e-10
100.0758305521121 9.291470187601737e-12
100.18018491139479 1.5220990583225234e-10
100.2845392706775 2.0702771219802986e-10
100.3888936299602 8.740918885406874e-12
100.4932479892429 1.8333190828457897e-10
100.5976023485256 2.3453052420788717e-10
100.70195670780832 1.635699005916929e-11
100.80631106709102 1.9934692670898411e-10
100.91066542637373 2.2010485376281076e-10
101.01501978565642 4.069554312393254e-11
101.11937414493912 2.0411319025248336e-10
101.22372850422182 1.8782038501369334e-10
101.32808286350452 9.334286062702333e-11
101.43243722278723 1.9335696125487726e-10
101.53679158206992 1.554398176375052e-10
101.64114594135263 1.8383128921039762e-10
101.74550030063534 1.7867327628948976e-10
101.84985465991805 1.4232898854248924e-10
101.95420901920075 2.9533090814745987e-10
102.05856337848346 1.614629707919124e-10
102.16291773776615 1.638623033370331e-10
102.26727209704886 4.0786629941492406e-10
102.37162645633155 1.38971462251902e-10
102.47598081561426 2.0980792186845747e-10
102.58033517489696 4.991647826592474e-10
102.68468953417967 1.2096844591248498e-10
102.78904389346236 2.6158441002352025e-10
102.89339825274507 5.329509633417186e-10
102.99775261202778 1.0693175401270281e-10
103.10210697131048 3.1356417919303233e-10
103.20646133059319 5.211290047414901e-10
103.31081568987588 1.0652713144128908e-10
103.41517004915859 3.419621110796167e-10
103.51952440844128 4.748183268982115e-10
103.623878767724 1.3324142692773745e-10
103.72823312700669 3.401723562868663e-10
103.8325874862894 4.125812367108634e-10
103.9369418455721 1.8778320462133024e-10
104.0412962048548 3.1500432020496317e-10
104.14565056413751 3.706143872625612e-10
104.2500049234202 2.653008114454518e-10
104.35435928270292 2.697425364393688e-10
104.45871364198561 3.6267059480821545e-10
104.56306800126832 3.4966550934217216e-10
104.66742236055102 2.2119165931527557e-10
104.77177671983372 3.9639773834453103e-10
104.87613107911642 4.155056825786551e-10
104.98048543839913 1.7533971718509813e-10
105.08483979768182 4.641919067534998e-10
105.18919415696455 4.5287905215920796e-10
105.29354851624724 1.440539473714238e-10
105.39790287552995 5.386640127860862e-10
105.50225723481265 4.5099529022928423e-10
105.60661159409534 1.3742238184097323e-10
105.71096595337805 5.998010217375895e-10
105.81532031266075 4.1395802816541313e-10
105.91967467194345 1.5348506304731236e-10
106.02402903122615 6.229336229839364e-10
106.12838339050886 3.543374184877987e-10
106.23273774979155 1.915189638287556e-10
106.33709210907428 6.011081755398959e-10
106.44144646835697 2.8757663223298635e-10
106.54580082763968 2.385456345277242e-10
106.65015518692238 5.487275374592269e-10
106.75450954620509 2.414800551477752e-10
106.85886390548778 2.7588364649366215e-10
106.96321826477049 4.682817192233939e-10
107.06757262405318 2.2648637513351788e-10
107.1719269833359 2.9618211415111243e-10
107.27628134261859 3.7961830199935205e-10
107.38063570190128 2.3938184157164346e-10
107.484990061184 2.916850843175916e-10
107.5893444204667 3.062099382536593e-10
107.69369877974941 2.744650329403552e-10
107.7980531390321 2.6275125198693424e-10
107.90240749831482 2.581297032125843e-10
108.00676185759751 3.146073372742687e-10
108.11111621688022 2.1846168411845558e-10
108.21547057616291 2.4510253118541683e-10
108.31982493544562 3.406733659055518e-10
108.42417929472832 1.6555839257301404e-10
108.52853365401103 2.639506709770864e-10
108.63288801329374 3.479404731790481e-10
108.73724237257643 1.1732168084395648e-10
108.84159673185914 2.9806741818306715e-10
108.94595109114184 3.312593866583615e-10
109.05030545042455 8.551025862792373e-11
109.15465980970724 3.3071072964372316e-10
109.25901416898995 2.9124253616259665e-10
109.36336852827264 7.295210594667484e-11
109.46772288755535 3.446770019741215e-10
109.57207724683805 2.346082999420702e-10
109.67643160612076 7.68797155069233e-11
109.78078596540345 3.3450547725380084e-10
109.88514032468616 1.7317965120167922e-10
109.98949468396886 9.031466429719027e-11
110.09384904325157 3.0234128999830616e-10
110.19820340253426 1.2309390009339894e-10
110.30255776181698 1.0288180187689754e-10
110.4069121210997 2.4974328440014605e-10
110.51126648038239 9.036536087354692e-11
110.6156208396651 1.0886704068715729e-10
110.7199751989478 1.86573919372324e-10
110.8243295582305 7.449679369675591e-11
110.9286839175132 1.0548321626982705e-10
111.0330382767959 1.2754435833633694e-10
111.1373926360786 7.372845935523377e-11
111.24174699536131 9.197629425530032e-11
111.346101354644 8.270897426345514e-11
111.45045571392671 8.175177626389483e-11
111.55481007320941 7.165608025531377e-11
111.65916443249212 5.680359115867995e-11
111.76351879177481 9.365366930886841e-11
111.86787315105752 4.841364733322744e-11
111.97222751034022 4.7906481934691116e-11
112.07658186962291 1.0606707123947441e-10
112.18093622890562 3.005417482503475e-11
112.28529058818832 4.977380458591683e-11
112.38964494747103 1.1192783717830175e-10
112.49399930675372 1.779781397722657e-11
112.59835366603646 5.6260043884337165e-11
112.70270802531915 1.0890997329668175e-10
112.80706238460186 9.317261513827788e-12
112.91141674388456 6.359806402336604e-11
113.01577110316725 1.0177717305105416e-10
113.12012546244996 4.646432893795737e-12
113.22447982173266 6.702804249149625e-11
113.32883418101537 9.278508152684968e-11
113.43318854029806 2.574679292590379e-12
113.53754289958077 6.43413671155927e-11
113.64189725886347 8.114605132215534e-11
113.74625161814618 2.006307282646436e-12
113.85060597742887 5.618260998486521e-11
113.95496033671158 6.635432903577239e-11
114.05931469599427 4.025885886249974e-12
114.16366905527698 4.7859627891042195e-11
114.26802341455968 5.145140240452592e-11
114.37237777384239 1.078719915853939e-11
114.47673213312508 4.340919321803263e-11
114.58108649240779 4.083144705276141e-11
114.68544085169049 2.3363002576203606e-11
114.7897952109732 4.0034120124549034e-11
114.89414957025592 3.637296838230052e-11
114.99850392953861 4.298572231666793e-11
115.10285828882132 3.5693165154246534e-11
115.20721264810402 3.979155079781787e-11
115.31156700738673 6.954451593372931e-11
115.41592136666942 3.024987115264627e-11
115.52027572595213 5.269562950756736e-11
115.62463008523483 9.893963915409685e-11
115.72898444451754 2.462012188458191e-11
115.83333880380023 7.531433489247956e-11
115.93769316308294 1.2447928320402518e-10
116.04204752236564 1.9948654767817047e-11
116.14640188164834 1.0574411001011414e-10
116.25075624093104 1.3952790338079445e-10
116.35511060021375 1.8301295342660925e-11
116.45946495949644 1.415193405257581e-10
116.56381931877915 1.4315745915523785e-10
116.66817367806185 2.30666238634746e-11
116.77252803734454 1.7626991285314556e-10
116.87688239662725 1.3789971272678461e-10
116.98123675590995 3.706500499021882e-11
117.08559111519266 2.011706266032912e-10
117.18994547447538 1.2655701589600529e-10
117.29429983375809 6.16092599498718e-11
117.39865419304078 2.1219826020255193e-10
117.5030085523235 1.1548036818306528e-10
117.60736291160619 9.449566996385212e-11
117.71171727088888 2.1171271819840265e-10
117.81607163017159 1.1360963230656941e-10
117.92042598945429 1.2729610554173465e-10
118.024780348737 2.012881370204827e-10
118.12913470801969 1.2794492388964255e-10
118.2334890673024 1.5288500000289703e-10
118.3378434265851 1.839512493748161e-10
118.4421977858678 1.599055749452908e-10
118.5465521451505 1.685072186074433e-10
118.65090650443321 1.680821430732461e-10
118.7552608637159 2.0275915415556638e-10
118.85961522299861 1.7231568962056311e-10
118.96396958228131 1.6358604884192807e-10
119.06832394156402 2.4635771052804956e-10
119.17267830084671 1.6167041869577156e-10
119.27703266012942 1.7549920643360361e-10
119.38138701941214 2.830701016169827e-10
119.48574137869484 1.41593154287343e-10
119.59009573797755 2.037234206221165e-10
119.69445009726024 3.0645833665686497e-10
119.79880445654295 1.2182561068001277e-10
119.90315881582565 2.4197013157779656e-10
120.00751317510836 3.1082475865487443e-10
120.11186753439105 1.095471219728528e-10
120.21622189367376 2.815301164668931e-10
120.32057625295646 2.9612236989872685e-10
120.42493061223917 1.0977256617977298e-10
120.52928497152186 3.1194025601915404e-10
120.63363933080457 2.682279966911687e-10
120.73799369008727 1.2434478468331473e-10
120.84234804936997 3.26882764620496e-10
120.94670240865267 2.373532190836574e-10
121.05105676793538 1.4955162653741295e-10
121.15541112721807 3.230421526383834e-10
121.25976548650077 2.1455465450212656e-10
121.36411984578348 1.7906589572935397e-10
121.46847420506617 2.9963996133241316e-10
121.57282856434888 2.055394691041383e-10
121.6771829236316 2.0516344258989424e-10
121.78153728291431 2.655319644439674e-10
121.88589164219701 2.113038427022271e-10
121.99024600147972 2.1913866143161225e-10
122.09460036076241 2.317105231566822e-10
122.19895472004512 2.3149857807461083e-10
122.30330907932782 2.1483081059856044e-10
122.40766343861051 2.0432295149794045e-10
122.51201779789322 2.603723658768495e-10
122.61637215717592 1.9590488143969342e-10
122.72072651645863 1.8894567313931087e-10
122.82508087574132 2.863288758629307e-10
122.92943523502403 1.6848915702003093e-10
123.03378959430673 1.8802253358132392e-10
123.13814395358943 2.9845504767841105e-10
123.24249831287213 1.3706168233207397e-10
123.34685267215484 2.0018337475901816e-10
123.45120703143753 2.9240180954488925e-10
123.55556139072024 1.0800011577366454e-10
123.65991575000294 2.1785812497207638e-10
123.76427010928565 2.7069637081050596e-10
123.86862446856834 8.826054486992251e-11
123.97297882785107 2.3196812639527158e-10
124.07733318713377 2.3731588670525877e-10
124.18168754641647 8.106860951433742e-11
124.28604190569918 2.3536191753901e-10
124.39039626498187 1.978606002109279e-10
124.49475062426458 8.423684052967733e-11
124.59910498354728 2.2469924125541133e-10
124.70345934282999 1.611489412858677e-10
124.80781370211268 9.251327338534839e-11
124.91216806139539 1.9997128183619163e-10
125.01652242067809 1.3353586040893558e-10
125.1208767799608 1.0191192763636546e-10
125.22523113924349 1.66084297230308e-10
125.3295854985262 1.1857398812865963e-10
125.4339398578089 1.0740927730954895e-10
125.5382942170916 1.3023629805854203e-10
125.6426485763743 1.1560132203620825e-10
125.74700293565701 1.0507886131653977e-10
125.8513572949397 9.815112305160869e-11
125.9557116542224 1.209614071992167e-10
126.06006601350511 9.465452665352118e-11
126.1644203727878 7.389185263319827e-11
126.26877473207054 1.2927944504586773e-10
126.37312909135323 7.834802412324353e-11
126.47748345063594 5.990132097467315e-11
126.58183780991864 1.3535024436230644e-10
126.68619216920135 6.007264081308534e-11
126.79054652848404 5.440996840957476e-11
126.89490088776674 1.3481019580083777e-10
126.99925524704945 4.2715911043941004e-11
127.10360960633214 5.401387851921903e-11
127.20796396561485 1.251579989861591e-10
127.31231832489755 2.8182496536079654e-11
127.41667268418026 5.523163331083222e-11
127.52102704346295 1.0779473138240305e-10
127.62538140274566 1.744229702111353e-11
127.72973576202835 5.5442895379517265e-11
127.83409012131106 8.752372848645579e-11
127.93844448059376 1.1370488178092924e-11
128.04279883987647 5.2208616831932755e-11
128.14715319915916 6.695530936737661e-11
128.25150755844186 9.799847319818262e-12
128.35586191772458 4.5259109995490163e-11
128.4602162770073 4.806805624649065e-11
128.56457063629 1.1563560681562771e-11
128.6689249955727 3.740635812513729e-11
128.7732793548554 3.3528503402013295e-11
128.8776337141381 1.5460817975647823e-11
128.9819880734208 2.9848070703181485e-11
129.0863424327035 2.5020376672804136e-11
129.1906967919862 2.1523802683483344e-11
129.29505115126892 2.2685434581553503e-11
129.39940551055162 2.175665311401575e-11
129.5037598698343 3.0510488558187995e-11
129.608114229117 1.7541515749071127e-11
129.71246858839973 2.2827057535809422e-11
129.81682294768243 4.1683173246399296e-11
129.92117730696512 1.4626928433540102e-11
130.02553166624782 2.7671149581127145e-11
130.12988602553054 5.249649481762815e-11
130.23424038481323 1.2539907295589012e-11
130.33859474409593 3.605183237366944e-11
130.44294910337862 6.206993118234637e-11
130.54730346266132 1.1013532374429968e-11
130.65165782194404 4.717357848098643e-11
130.75601218122677 6.894771217962602e-11
130.86036654050946 1.0949788548767632e-11
130.96472089979216 5.992138517968268e-11
131.06907525907488 7.205053670800462e-11
131.17342961835757 1.3640233582407799e-11
131.27778397764027 7.228995651554333e-11
131.38213833692296 7.107075543036912e-11
131.4864926962057 2.0249229803700715e-11
131.59084705548838 8.189345176084195e-11
131.69520141477108 6.667844726442254e-11
131.79955577405377 3.196488153966941e-11
131.90391013333647 8.74667960156672e-11
132.0082644926192 6.197973762412532e-11
132.11261885190189 4.852665616237799e-11
132.21697321118458 8.9246838145219e-11
132.32132757046728 6.128112661103631e-11
132.42568192975 6.778335422484212e-11
132.5300362890327 8.713742037551013e-11
132.6343906483154 6.77357066676066e-11
132.73874500759808 8.619179939725186e-11
132.8430993668808 8.18514890010919e-11
132.9474537261635 8.246593930860532e-11
133.05180808544623 1.0116418546033415e-10
133.15616244472892 7.722351575568775e-11
133.26051680401162 1.041012126041688e-10
133.36487116329434 1.0996450796634161e-10
133.46922552257703 7.728194076744318e-11
133.57357988185973 1.3036306664266125e-10
133.67793424114242 1.1161750397780033e-10
133.78228860042515 8.472438529587039e-11
133.88664295970784 1.563300992338438e-10
133.99099731899054 1.0785135443716267e-10
134.09535167827323 1.0031473181017336e-10
134.19970603755596 1.7582660801144204e-10
134.30406039683865 1.0115493518043948e-10
134.40841475612135 1.236448302713567e-10
134.51276911540404 1.8582314383527131e-10
134.61712347468676 9.502414369217506e-11
134.72147783396946 1.5110964483448685e-10
134.82583219325215 1.8632277711800802e-10
134.93018655253485 9.439236420044271e-11
135.03454091181757 1.767658831749525e-10
135.13889527110027 1.788827917031413e-10
135.24324963038296 1.0169857362762469e-10
135.34760398966569 1.9482175181456452e-10
135.45195834894838 1.6539020319882096e-10
135.5563127082311 1.1647892880841925e-10
135.6606670675138 2.027617829591648e-10
135.7650214267965 1.5099710089395557e-10
135.8693757860792 1.34741553523007e-10
135.9737301453619 2.0064024900067058e-10
136.0780845046446 1.4276056961408053e-10
136.1824388639273 1.520289475891877e-10
136.28679322321 1.897479621611597e-10
136.3911475824927 1.4452060959143925e-10
136.49550194177542 1.6467838241363676e-10
136.5998563010581 1.7355211920665655e-10
136.7042106603408 1.5516998819518587e-10
136.8085650196235 1.6851534895892767e-10
136.91291937890622 1.5887150612325458e-10
137.01727373818892 1.7242087351843415e-10
137.1216280974716 1.6177799872654042e-10
137.2259824567543 1.502908320131228e-10
137.33033681603703 1.9325161103875854e-10
137.43469117531973 1.477286137109855e-10
137.53904553460242 1.510158350185703e-10
137.64339989388515 2.1144809528492148e-10
137.74775425316784 1.296958004725108e-10
137.85210861245056 1.6066571210079377e-10
137.95646297173326 2.2072760258756484e-10
138.06081733101595 1.1066758016622825e-10
138.16517169029865 1.7621750472467993e-10
138.26952604958137 2.2005003661217138e-10
138.37388040886407 9.455580521646227e-11
138.47823476814676 1.920911830346573e-10
138.58258912742946 2.1049607276298116e-10
138.68694348671218 8.521963850590081e-11
138.79129784599488 2.0146201191798894e-10
138.89565220527757 1.93550401925852e-10
139.00000656456027 8.301461129131224e-11
139.104360923843 1.9980993161988457e-10
139.20871528312568 1.715381563148734e-10
139.31306964240838 8.541107051892066e-11
139.41742400169107 1.8802480102717408e-10
139.5217783609738 1.516082509635596e-10
139.6261327202565 8.88863566921035e-11
139.7304870795392 1.6684712727843732e-10
139.8348414388219 1.3899625177217848e-10
139.9391957981046 9.117407390341981e-11
140.04355015738733 1.3985228824502813e-10
140.14790451667002 1.3484062663177344e-10
140.25225887595272 9.070468928881698e-11
140.35661323523541 1.1264556781521415e-10
140.46096759451814 1.3815608021292813e-10
140.56532195380083 8.572856720205888e-11
140.66967631308353 9.044060373607131e-11
140.77403067236622 1.4711722242276776e-10
140.87838503164892 7.697639466898096e-11
140.98273939093164 7.558916785411742e-11
141.08709375021434 1.5730392574651298e-10
141.19144810949703 6.614675997784071e-11
141.29580246877973 6.824576562237155e-11
141.40015682806245 1.6431309453427923e-10
141.50451118734514 5.4801151482122194e-11
141.60886554662784 6.573047052240247e-11
141.71321990591053 1.6417522420593908e-10
141.81757426519326 4.433787976077359e-11
141.92192862447595 6.428073490269931e-11
142.02628298375865 1.558477797318081e-10
142.13063734304137 3.6199463554254943e-11
142.23499170232407 6.028649856463973e-11
142.3393460616068 1.3986575225771317e-10
142.44370042088948 3.171853357595099e-11
142.54805478017218 5.2032750591924066e-11
142.65240913945487 1.1831315889131824e-10
142.7567634987376 3.1093424854048e-11
142.8611178580203 4.032608329776434e-11
142.965472217303 9.510999615839928e-11
143.06982657658568 3.364748694150513e-11
143.1741809358684 2.7418164436772254e-11
143.2785352951511 7.535022622578835e-11
143.3828896544338 4.0003591568143765e-11
143.4872440137165 1.5319868700031026e-11
143.59159837299921 6.11209329783252e-11
143.6959527322819 5.0211954185358836e-11
143.8003070915646 6.980056467609753e-12
143.9046614508473 5.252312621909003e-11
144.00901581013002 6.273505870467259e-11
144.11337016941272 3.684100632588475e-12
144.2177245286954 4.778458529328924e-11
144.3220788879781 7.425623579132582e-11
144.42643324726083 4.3229484123478494e-12
144.53078760654356 4.510512377801628e-11
144.63514196582625 8.273452516740006e-11
144.73949632510895 6.8660377623498154e-12
144.84385068439164 4.235649496512679e-11
144.94820504367436 8.761041666865698e-11
145.05255940295706 1.0032293617701045e-11
145.15691376223975 3.702244205320169e-11
145.26126812152245 8.743151546627749e-11
145.36562248080517 1.3608070363089648e-11
145.46997684008787 2.835064621699923e-11
145.57433119937056 8.125552939437229e-11
145.67868555865326 1.825593546025332e-11
145.78303991793595 1.9000125139214678e-11
145.88739427721868 7.217304416768446e-11
145.99174863650137 2.6734744342536506e-11
146.09610299578407 1.1283588909068631e-11
146.20045735506676 6.309113744444353e-11
146.30481171434948 4.206455324215324e-11
146.40916607363218 7.397034952281696e-12
146.51352043291487 5.564012650944803e-11
146.61787479219757 6.477853319675957e-11
146.7222291514803 9.039933872379933e-12
146.82658351076302 5.091359409121224e-11
146.9309378700457 9.207618754873099e-11
147.0352922293284 1.5188754697723405e-11
147.1396465886111 4.9498936811512355e-11
147.24400094789382 1.2019581198217658e-10
147.34835530717652 2.3721198309971304e-11
147.4527096664592 4.962990060105862e-11
147.5570640257419 1.4467858903841426e-10
147.66141838502463 3.335814180007342e-11
147.76577274430733 4.82749616752517e-11
147.87012710359002 1.6069725077777257e-10
147.97448146287272 4.476167734014035e-11
148.07883582215544 4.303079769741725e-11
148.18319018143814 1.6353596407751314e-10
148.28754454072083 5.919552435533278e-11
148.39189890000353 3.529314290025534e-11
148.49625325928625 1.5447109784933656e-10
148.60060761856894 7.904982229413576e-11
148.70496197785164 2.8606372457052067e-11
148.80931633713433 1.4027464378062557e-10
148.91367069641706 1.0797507232584128e-10
149.01802505569978 2.5051428487027844e-11
149.12237941498248 1.2701267013748498e-10
149.22673377426517 1.4772985382172515e-10
149.33108813354787 2.638532238805607e-11
149.4354424928306 1.1732191280817403e-10
149.53979685211328 1.9469861530587892e-10
149.64415121139598 3.321705275156498e-11
149.74850557067867 1.1176015022039495e-10
149.8528599299614 2.4208439142543493e-10
149.9572142892441 4.4540010252671554e-11
150.0615686485268 1.0784262845270028e-10
150.16592300780948 2.8154110518848107e-10
150.27027736709218 5.921819484153514e-11
150.3746317263749 1.0102378731966679e-10
150.4789860856576 3.0594419535683e-10
150.5833404449403 7.735517685522188e-11
150.68769480422299 8.759146601889368e-11
150.7920491635057 3.109177555039329e-10
150.8964035227884 1.0081739465397045e-10
151.0007578820711 6.827680338657552e-11
151.1051122413538 2.9858375556226526e-10
151.20946660063652 1.3290784739086795e-10
151.31382095991924 4.7949296810369065e-11
151.41817531920194 2.7506815793811117e-10
151.52252967848463 1.7402979724104084e-10
151.62688403776733 3.261921739465172e-11
151.73123839705005 2.4915329232709423e-10
151.83559275633274 2.210663627065659e-10
151.93994711561544 2.5123797230778467e-11
152.04430147489813 2.2799109567247475e-10
152.14865583418086 2.6784706627683317e-10
152.25301019346355 2.4492987949329152e-11
152.35736455274625 2.145380265214697e-10
152.46171891202894 3.0936718713135835e-10
152.56607327131167 2.7994834926591337e-11
152.67042763059436 2.0420863109768112e-10
152.77478198987706 3.4001545939798697e-10
152.87913634915975 3.458446753535087e-11
152.98349070844247 1.8903028626423728e-10
153.08784506772517 3.52981411265164e-10
153.19219942700786 4.475700955157407e-11
153.29655378629056 1.648389712868618e-10
153.40090814557328 3.4508451481713726e-10
153.505262504856 5.901814247864909e-11
153.6096168641387 1.3368240534812383e-10
153.7139712234214 3.2083161114579963e-10
153.8183255827041 7.830942939356256e-11
153.92267994198681 1.0054716519892352e-10
154.0270343012695 2.890360353186999e-10
154.1313886605522 1.0244164251803588e-10
154.2357430198349 7.126299865423284e-11
154.34009737911762 2.598704657741252e-10
154.44445173840032 1.301559296560821e-10
154.548806097683 4.820652794698185e-11
154.6531604569657 2.375915902511102e-10
154.7575148162484 1.579115628437013e-10
154.86186917553113 3.2201232118189766e-11
154.96622353481382 2.211990898817857e-10
155.07057789409652 1.7975581504823593e-10
155.1749322533792 2.228634153164193e-11
155.27928661266193 2.0656466818979397e-10
155.38364097194463 1.9040697518158518e-10
155.48799533122732 1.7380081404073652e-11
155.59234969051002 1.914627229889534e-10
155.69670404979274 1.8987134997639752e-10
155.80105840907547 1.5786800602591472e-11
155.90541276835816 1.7039500251871387e-10
156.00976712764086 1.7790291905701537e-10
156.11412148692355 1.7771165115033967e-11
156.21847584620627 1.439680408543859e-10
156.32283020548897 1.5835380190901555e-10
156.42718456477166 2.2616742941135723e-11
156.53153892405436 1.138931360485829e-10
156.63589328333708 1.3569621885556623e-10
156.74024764261978 3.0268731476233605e-11
156.84460200190247 8.587718623851011e-11
156.94895636118517 1.1619510481505381e-10
157.0533107204679 3.8712319303570686e-11
157.1576650797506 6.181245185716856e-11
157.26201943903328 1.026614434845036e-10
157.36637379831598 4.679325223700121e-11
157.4707281575987 4.318003521799072e-11
157.5750825168814 9.521244027309386e-11
157.6794368761641 5.32041725272909e-11
157.78379123544678 2.907148878647827e-11
157.8881455947295 8.958674172288686e-11
157.9924999540122 5.633232090479761e-11
158.09685431329493 2.0399259513205778e-11
158.20120867257762 8.394566131679704e-11
158.30556303186032 5.547780498352128e-11
158.40991739114304 1.5787390649533818e-11
158.51427175042573 7.616586508567402e-11
158.61862610970843 5.085430997457989e-11
158.72298046899112 1.3919222701457183e-11
158.82733482827385 6.566795034943689e-11
158.93168918755654 4.379522077706871e-11
159.03604354683924 1.3775347438330253e-11
159.14039790612193 5.3137743951211724e-11
159.24475226540463 3.624447997383329e-11
159.34910662468735 1.5191682474035935e-11
159.45346098397005 4.07256602674667e-11
159.55781534325274 3.0310092613221925e-11
159.66216970253544 1.7969994974095014e-11
159.76652406181816 2.942284940366387e-11
159.87087842110085 2.5964614698169945e-11
159.97523278038355 2.1430486666164507e-11
160.07958713966624 2.0802920865985133e-11
160.18394149894897 2.394739592405678e-11
160.28829585823166 2.508390407091056e-11
160.3926502175144 1.485525673330865e-11
160.49700457679708 2.381333301086025e-11
160.60135893607978 2.8512981937349224e-11
160.7057132953625 1.137053050690465e-11
160.8100676546452 2.4888209464261724e-11
160.9144220139279 3.144702069083729e-11
161.01877637321059 1.0094105157474443e-11
161.1231307324933 2.6064907986935872e-11
161.227485091776 3.2759623782268545e-11
161.3318394510587 1.0375717292408222e-11
161.4361938103414 2.6903165873316088e-11
161.54054816962412 3.246677579221631e-11
161.6449025289068 1.2784450675596248e-11
161.7492568881895 2.803654954566581e-11
161.8536112474722 3.156902859498835e-11
161.95796560675493 1.7561985974252425e-11
162.06231996603762 2.9067142855479167e-11
162.16667432532032 3.0603663169443927e-11
162.271028684603 2.465489571079424e-11
162.37538304388573 2.950341285376839e-11
162.47973740316843 3.053224880244176e-11
162.58409176245115 3.442708423850194e-11
162.68844612173385 2.970148852016491e-11
162.79280048101654 3.228713387982249e-11
162.89715484029927 4.605702412070885e-11
163.00150919958196 2.98592368725934e-11
163.10586355886466 3.664898113878233e-11
163.21021791814735 5.819118801759592e-11
163.31457227743007 2.9955922246545716e-11
163.41892663671277 4.315778329677155e-11
163.52328099599546 6.862500435991059e-11
163.62763535527816 3.0167662722799976e-11
163.73198971456088 5.109331512496029e-11
163.83634407384358 7.60955802884608e-11
163.94069843312627 3.155174037967969e-11
164.04505279240897 6.002839615133258e-11
164.14940715169166 8.073685153293648e-11
164.25376151097439 3.506887329018775e-11
164.35811587025708 6.765337410017814e-11
164.46247022953978 8.194519379230958e-11
164.56682458882247 4.114011999912804e-11
164.6711789481052 7.300696992473441e-11
164.7755333073879 8.137243072416727e-11
164.8798876666706 4.9952976184429597e-11
164.9842420259533 7.564452618621916e-11
165.088596385236 8.139587028339528e-11
165.19295074451873 6.095248664142296e-11
165.29730510380142 7.525517923140941e-11
165.40165946308412 8.398211397800786e-11
165.5060138223668 7.31487472538504e-11
165.61036818164953 7.279662050841498e-11
165.71472254093223 8.998813077235437e-11
165.81907690021492 8.409615474021417e-11
165.92343125949762 6.919906249046999e-11
166.02778561878034 9.963997457813043e-11
166.13213997806304 9.266084950448275e-11
166.23649433734573 6.650862023773935e-11
166.34084869662843 1.1178991615718462e-10
166.44520305591115 9.771203046803726e-11
166.54955741519385 6.616943683952914e-11
166.65391177447654 1.2414419393187232e-10
166.75826613375924 9.87808311060357e-11
166.86262049304196 6.872986996876285e-11
166.96697485232465 1.3433405560228578e-10
167.07132921160735 9.692938784945901e-11
167.17568357089007 7.389165289261179e-11
167.28003793017277 1.396455212093704e-10
167.3843922894555 9.369960405378592e-11
167.48874664873819 8.134325770546358e-11
167.59310100802088 1.4010073553780836e-10
167.69745536730358 9.147472033622283e-11
167.8018097265863 8.905365357179271e-11
167.906164085869 1.355175295001554e-10
168.0105184451517 9.147641002782174e-11
168.11487280443438 9.471891529404469e-11
168.2192271637171 1.267738979454054e-10
168.3235815229998 9.420654859171636e-11
168.4279358822825 9.740810901794421e-11
168.5322902415652 1.1743372960041755e-10
168.6366446008479 1.0019460620155677e-10
168.7409989601306 9.650950826585154e-11
168.8453533194133 1.0965000046424977e-10
168.949707678696 1.077408011030774e-10
169.0540620379787 9.180184716529614e-11
169.15841639726142 1.0429195420915902e-10
169.2627707565441 1.139398724959981e-10
169.3671251158268 8.422726177130652e-11
169.47147947510953 1.0274934272392047e-10
169.57583383439223 1.1783416513980933e-10
169.68018819367495 7.617583452478522e-11
169.78454255295765 1.0482074359915038e-10
169.88889691224034 1.184488031420651e-10
169.99325127152304 6.941419344750872e-11
170.09760563080576 1.0785892477568679e-10
170.20195999008845 1.1368716141785629e-10
170.30631434937115 6.40665208492454e-11
170.41066870865384 1.0971592507645467e-10
170.51502306793657 1.0513705757773694e-10
170.61937742721926 6.178378770372468e-11
170.72373178650196 1.0961862466898599e-10
170.82808614578465 9.530184169774435e-11
170.93244050506738 6.257885250998786e-11
171.03679486435007 1.0594051182122994e-10
171.14114922363277 8.488147819716565e-11
171.24550358291546 6.411305329170988e-11
171.34985794219818 9.769618575866555e-11
171.45421230148088 7.549975743652603e-11
171.55856666076357 6.540266716927226e-11
171.6629210200463 8.670887942224933e-11
171.767275379329 6.924987394206908e-11
171.87162973861172 6.610666089761685e-11
171.9759840978944 7.528014793171212e-11
172.0803384571771 6.601791102401703e-11
172.1846928164598 6.403763641588905e-11
172.28904717574252 6.353338659058497e-11
172.39340153502522 6.415537898901245e-11
172.49775589430791 5.882056155008531e-11
172.6021102535906 5.343049772426288e-11
172.70646461287333 6.334663042499104e-11
172.81081897215603 5.2100707058007405e-11
172.91517333143872 4.692039141108339e-11
173.01952769072142 6.280343407263042e-11
173.1238820500041 4.438644009030623e-11
173.22823640928684 4.2830006260508604e-11
173.33259076856953 6.028938981775154e-11
173.43694512785223 3.6124735310514e-11
173.54129948713492 4.03672757996444e-11
173.64565384641764 5.561089977538065e-11
173.75000820570034 2.8988802070384396e-11
173.85436256498303 3.974290796688647e-11
173.95871692426576 5.014453245840829e-11
174.06307128354848 2.402563316223085e-11
174.16742564283118 3.9259090820522746e-11
174.27178000211387 4.348626032270336e-11
174.37613436139657 2.0681712254022238e-11
174.48048872067926 3.748026919900402e-11
174.58484307996198 3.600095569015182e-11
174.68919743924468 1.877806825697864e-11
174.79355179852737 3.495551440552814e-11
174.89790615781007 2.967026833990081e-11
175.0022605170928 1.863894329367301e-11
175.1066148763755 3.1848332201092614e-11
175.21096923565818 2.4849200627438793e-11
175.31532359494088 1.929135289453743e-11
175.4196779542236 2.77678572860384e-11
175.5240323135063 2.1150060507115765e-11
175.628386672789 1.9848143465825514e-11
175.7327410320717 2.3259919372273902e-11
175.8370953913544 1.918581103976417e-11
175.9414497506371 2.0880398625870485e-11
176.0458041099198 1.9513152254416596e-11
176.1501584692025 1.919968921373976e-11
176.25451282848522 2.221632659810925e-11
176.35886718776794 1.6611736894899377e-11
176.46322154705064 2.046456044766561e-11
176.56757590633333 2.3000615029957122e-11
176.67193026561603 1.4206872565250165e-11
176.77628462489875 2.2606802401839888e-11
176.88063898418145 2.347599166545356e-11
176.98499334346414 1.3079017473294107e-11
177.08934770274684 2.5921066415396097e-11
177.19370206202956 2.403174585445987e-11
177.29805642131225 1.3566893008179905e-11
177.40241078059495 2.999708478144286e-11
177.50676513987764 2.433277225766992e-11
177.61111949916037 1.5121249796357846e-11
177.71547385844306 3.3576084739545185e-11
177.81982821772576 2.4086469826006822e-11
177.92418257700845 1.805046157975039e-11
178.02853693629115 3.679754586865153e-11
178.13289129557387 2.424668872151226e-11
178.23724565485657 2.2700969316347778e-11
178.34160001413926 3.981563300495673e-11
178.44595437342196 2.5625242260517974e-11
178.5503087327047 2.8276938206011685e-11
178.6546630919874 4.1457569835920187e-11
178.7590174512701 2.800220359409801e-11
178.8633718105528 3.397417187537933e-11
178.9677261698355 4.203265819307541e-11
179.0720805291182 3.215492893365251e-11
179.1764348884009 3.9570123186108005e-11
179.2807892476836 4.28494464125032e-11
179.3851436069663 3.8887763806413993e-11
179.48949796624902 4.4434989919505355e-11
179.5938523255317 4.404114650157924e-11
179.6982066848144 4.682402596482988e-11
179.8025610440971 4.726222894124641e-11
179.90691540337983 4.610579845061848e-11
180.01126976266252 5.519497339940138e-11
180.11562412194522 4.831648239467653e-11
180.2199784812279 5.0342512136048185e-11
180.32433284051064 6.384448571697178e-11
180.42868719979333 4.877262551746067e-11
180.53304155907603 5.689823055457618e-11
180.63739591835872 7.083221120949584e-11
180.74175027764144 4.853020789723169e-11
180.84610463692417 6.464605251750017e-11
180.95045899620686 7.495527005389455e-11
181.05481335548956 4.860833930253318e-11
181.15916771477225 7.309982202775263e-11
181.26352207405498 7.695886729928704e-11
181.36787643333767 5.093277520640292e-11
181.47223079262037 8.154335239552586e-11
181.57658515190306 7.708784966880995e-11
181.68093951118578 5.520658103955717e-11
181.78529387046848 8.778099073840724e-11
181.88964822975117 7.573237570111184e-11
181.99400258903387 6.093428865479028e-11
182.0983569483166 9.094573404642529e-11
182.2027113075993 7.475440588036618e-11
182.30706566688198 6.832366771898328e-11
182.41142002616468 9.189512875916308e-11
182.51577438544737 7.58198503991212e-11
182.6201287447301 7.569369871350396e-11
182.7244831040128 9.02441121299664e-11
182.82883746329549 7.885813966681258e-11
182.93319182257818 8.112395506516047e-11
183.03754618186093 8.676145395857706e-11
183.14190054114363 8.389045708377213e-11
183.24625490042632 8.429604243875503e-11
183.35060925970902 8.391770573004506e-11
183.4549636189917 9.08029833167051e-11
183.55931797827444 8.466574545040109e-11
183.66367233755713 8.237626104722874e-11
183.76802669683983 9.754540571162058e-11
183.87238105612252 8.193920846150083e-11
183.97673541540524 8.23169925688735e-11
184.08108977468794 1.0221154401381499e-10
184.18544413397063 7.731851020552974e-11
184.28979849325333 8.464192791496057e-11
184.39415285253605 1.0452991660078981e-10
184.49850721181875 7.244417928299539e-11
184.60286157110144 8.833211184965214e-11
184.70721593038414 1.0342885134608518e-10
184.81157028966686 6.823832899560108e-11
184.91592464894956 9.160933124600885e-11
185.02027900823225 9.859788406050982e-11
185.12463336751495 6.552755453186403e-11
185.22898772679767 9.381086177207276e-11
185.3333420860804 9.203818978615706e-11
185.4376964453631 6.510377289647943e-11
185.54205080464578 9.376877364229593e-11
185.64640516392848 8.492858548368011e-11
185.7507595232112 6.632168777534642e-11
185.8551138824939 9.052892015669803e-11
185.9594682417766 7.812342523342812e-11
186.0638226010593 6.790610009547163e-11
186.168176960342 8.465070202270799e-11
186.2725313196247 7.340031147379975e-11
186.3768856789074 6.927210637020827e-11
186.4812400381901 7.71627531505759e-11
186.58559439747282 7.106826147476625e-11
186.6899487567555 6.922364999526662e-11
186.7943031160382 6.907738156788545e-11
186.8986574753209 7.028111927114926e-11
187.0030118346036 6.656924293296593e-11
187.10736619388632 6.14999888350892e-11
187.21172055316902 7.05933596839868e-11
187.3160749124517 6.18817271006517e-11
187.4204292717344 5.562396122668675e-11
187.52478363101713 7.085578390333519e-11
187.62913799029985 5.560278118940469e-11
187.73349234958255 5.1698464739538415e-11
187.83784670886524 6.97054373135928e-11
187.94220106814797 4.8210681113189017e-11
188.04655542743066 4.9170004801119433e-11
188.15090978671336 6.661521114205885e-11
188.25526414599605 4.113447022028891e-11
188.35961850527875 4.7722353725553466e-11
188.46397286456147 6.157211194848086e-11
188.56832722384416 3.522042616654647e-11
188.67268158312686 4.6545352878541e-11
188.77703594240955 5.500152154552936e-11
188.88139030169228 3.073440496016498e-11
188.98574466097497 4.448812562881385e-11
189.09009902025767 4.750901149140336e-11
189.19445337954036 2.7916073217420376e-11
189.2988077388231 4.1487275000612134e-11
189.40316209810578 4.0221055547083337e-11
189.50751645738848 2.6448490411041864e-11
189.61187081667117 3.7485463388169323e-11
189.7162251759539 3.407307782977758e-11
189.8205795352366 2.5790724597758467e-11
189.9249338945193 3.249321275711265e-11
190.029288253802 2.929109241754407e-11
190.1336426130847 2.5453385581240374e-11
190.23799697236743 2.729014026309175e-11
190.34235133165012 2.6222521713535854e-11
190.44670569093282 2.5018162613871396e-11
190.5510600502155 2.2404158011712177e-11
190.65541440949823 2.4788827291335898e-11
190.75976876878093 2.4338780705878486e-11
190.86412312806362 1.8198503902782634e-11
190.96847748734632 2.4357990821784687e-11
191.07283184662904 2.324749618002811e-11
191.17718620591174 1.5066061085040907e-11
191.28154056519443 2.4692477839562006e-11
191.38589492447713 2.187908139064937e-11
191.49024928375985 1.3070712129567463e-11
191.59460364304255 2.5425909243625034e-11
191.69895800232524 2.0522053635234534e-11
191.80331236160794 1.2185228420539753e-11
191.90766672089063 2.6054160446626366e-11
192.01202108017335 1.914770634535212e-11
192.11637543945605 1.2300230541800051e-11
192.22072979873877 2.6524578206816303e-11
192.32508415802147 1.804843139135749e-11
192.4294385173042 1.3302656206223559e-11
192.5337928765869 2.6718163994344698e-11
192.63814723586958 1.751145400045414e-11
192.74250159515228 1.513119503815396e-11
192.84685595443497 2.655565444116642e-11
192.9512103137177 1.764223186275293e-11
193.0555646730004 1.754675291709666e-11
193.15991903228309 2.6109416267551837e-11
193.26427339156578 1.8781500730034733e-11
193.3686277508485 2.0354629419732765e-11
193.4729821101312 2.550929444972414e-11
193.5773364694139 2.1157608674228558e-11
193.6816908286966 2.3394571487125556e-11
193.7860451879793 2.5152103431346443e-11
193.890399547262 2.4814603980501745e-11
193.9947539065447 2.618506953202547e-11
194.0991082658274 2.533353923481553e-11
194.20346262511012 2.967264600919125e-11
194.30781698439282 2.8501806811862314e-11
194.41217134367554 2.6449413440870064e-11
194.51652570295823 3.5296586921800236e-11
194.62088006224093 3.02897209521914e-11
194.72523442152365 2.8988801523898457e-11
194.82958878080635 4.113507131850235e-11
194.93394314008904 3.1533844362346147e-11
195.03829749937174 3.3004583085480093e-11
195.14265185865446 4.651238190699469e-11
195.24700621793716 3.26785483464045e-11
195.35136057721985 3.8342334882929255e-11
195.45571493650255 5.069512811808016e-11
195.56006929578527 3.421112987073315e-11
195.66442365506796 4.4698516210882486e-11
195.76877801435066 5.3521039371485564e-11
195.87313237363335 3.661509465533204e-11
195.97748673291608 5.1171552705768813e-11
196.08184109219877 5.5014890868665166e-11
196.18619545148147 4.037741661747921e-11
196.29054981076416 5.693993781583766e-11
196.39490417004686 5.553146255544002e-11
196.49925852932958 4.545690123289421e-11
196.60361288861228 6.139968462738792e-11
196.707967247895 5.5988049222593156e-11
196.8123216071777 5.147243308731673e-11
196.91667596646042 6.393995720786875e-11
197.0210303257431 5.7081784087500064e-11
197.1253846850258 5.777832559694217e-11
197.2297390443085 6.47619712904588e-11
197.3340934035912 5.944332945928027e-11
197.43844776287392 6.334609110617563e-11
197.54280212215662 6.443570877215876e-11
197.6471564814393 6.350859786843718e-11
197.751510840722 6.742923696650601e-11
197.85586520000473 6.366375108088684e-11
197.96021955928742 6.884926873544452e-11
198.06457391857012 6.951796368379673e-11
198.1689282778528 6.356390139108544e-11
198.27328263713554 7.480007846918678e-11
198.37763699641823 6.945545711223249e-11
198.48199135570093 6.479276195959203e-11
198.58634571498362 8.054717435293847e-11
198.69070007426635 6.791215686934608e-11
198.79505443354904 6.757869119439069e-11
198.89940879283174 8.487498638938344e-11
199.00376315211446 6.560437513384685e-11
199.10811751139715 7.170254294874253e-11
199.21247187067988 8.714810686622076e-11
199.31682622996257 6.343316995295903e-11
199.42118058924527 7.619362720290375e-11
199.52553494852796 8.71337804149641e-11
199.62988930781069 6.237525609413115e-11
199.73424366709338 8.004235122965785e-11
199.83859802637608 8.495312125624747e-11
199.94295238565877 6.266226899324269e-11
