0.0 0.0
0.10435435928270291 3.3734855833824947e-12
0.20870871856540582 6.631789193518397e-10
0.3130630778481087 1.807883946937195e-09
0.41741743713081164 3.119755606621532e-07
0.5217717964135146 3.0968179761844085e-06
0.6261261556962174 0.0004134270544578158
0.7304805149789203 0.003680677670681197
0.8348348742616233 0.0088628815295081
0.9391892335443263 0.006784942295758633
1.0435435928270291 0.0011972920363195645
1.1478979521097321 2.0193486792012803e-07
1.2522523113924349 1.1563733145533224e-05
1.3566066706751378 4.277148535698321e-06
1.4609610299578406 7.333048194034611e-08
1.5653153892405436 1.2993209197802687e-06
1.6696697485232466 3.5778764796870724e-07
1.7740241078059495 9.179433477362894e-08
1.8783784670886525 3.349999043209873e-07
1.9827328263713553 1.1742629895770002e-07
2.0870871856540583 4.294118844701821e-07
2.1914415449367612 2.42198662460265e-07
2.2957959042194642 2.513097321471777e-06
2.400150263502167 5.397744459649217e-06
2.5045046227848697 4.003396781265657e-06
2.6088589820675727 3.68584453979434e-06
2.7132133413502757 2.325074327911024e-06
2.8175677006329787 2.6171383803942836e-07
2.921922059915681 3.7165528568719406e-08
3.026276419198384 7.155045272236223e-08
3.130630778481087 3.595567144622029e-09
3.23498513776379 3.438715341664279e-09
3.339339497046493 3.78714018433522e-08
3.4436938563291957 3.62411327834042e-11
3.548048215611899 4.382054271327203e-09
3.6524025748946016 3.136366631789449e-08
3.756756934177305 3.4516878316302412e-09
3.8611112934600076 1.5315815314952803e-09
3.9654656527427106 3.2542511128339734e-08
4.0698200120254135 1.285125141047726e-08
4.1741743713081165 1.7296159064382743e-09
4.2785287305908195 1.177554629923367e-08
4.3828830898735225 3.268547576528203e-09
4.4872374491562255 2.0140705059129828e-08
4.5915918084389284 1.6337575097562855e-09
4.6959461677216305 1.8839161068017054e-09
4.800300527004334 5.531694443569414e-08
4.9046548862870365 2.5640877308825283e-08
5.0090092455697395 1.3350791766111745e-08
5.1133636048524425 8.386831301266051e-08
5.217717964135145 5.85011207951025e-08
5.322072323417848 2.402469578205837e-08
5.426426682700551 8.531990334406075e-08
5.530781041983254 6.462939493974075e-08
5.635135401265957 1.3087626212964328e-08
5.73948976054866 3.461319156889115e-08
5.843844119831362 1.728487020403736e-08
5.948198479114066 6.338284640159561e-09
6.052552838396768 1.175489415905084e-08
6.156907197679472 4.7498623178918276e-08
6.261261556962174 2.809853447365475e-07
6.365615916244878 4.939825124998851e-07
6.46997027552758 8.376861265541212e-07
6.574324634810284 1.8598296320279632e-06
6.678678994092986 2.9661885068092956e-06
6.783033353375689 4.3472859701972185e-06
6.887387712658391 7.314649787032263e-06
6.991742071941095 1.0800198464253635e-05
7.096096431223798 1.4781371212395036e-05
7.200450790506501 2.17844890554606e-05
7.304805149789203 3.028259720480388e-05
7.409159509071906 3.961274377488647e-05
7.51351386835461 5.389423119625334e-05
7.617868227637313 7.134033339793134e-05
7.722222586920015 9.011500239985377e-05
7.826576946202718 0.00011603909729911103
7.930931305485421 0.00014749104058696814
8.035285664768125 0.0001809446382970347
8.139640024050827 0.00022352501159282024
8.24399438333353 0.00027438327958770824
8.348348742616233 0.0003279375313903266
8.452703101898935 0.00039161183997246646
8.557057461181639 0.00046617837469926416
8.661411820464341 0.0005439489020252663
8.765766179747045 0.000630977836994606
8.870120539029747 0.0007307081211704758
8.974474898312451 0.0008337128548045063
9.078829257595153 0.0009424660388928592
9.183183616877857 0.001064158684981089
9.287537976160559 0.0011884143489718627
9.391892335443261 0.0013119529017936633
9.496246694725965 0.001446838829075948
9.600601054008669 0.0015827652408283745
9.704955413291371 0.0017089367927191294
9.809309772574073 0.0018431037822686197
9.913664131856777 0.0019759261661776314
10.018018491139479 0.0020883445689644053
10.122372850422183 0.0022042042182976195
10.226727209704885 0.0023158568654129603
10.331081568987589 0.002396807708624758
10.43543592827029 0.0024767164298400805
10.539790287552993 0.0025498800330608956
10.644144646835697 0.002584696189587069
10.7484990061184 0.0026151065583704626
10.852853365401103 0.002636768801296038
10.957207724683805 0.002616674123596246
11.061562083966509 0.0025909812564007487
11.165916443249213 0.002556153660989528
11.270270802531915 0.0024820919073425666
11.374625161814617 0.002403940098447328
11.47897952109732 0.002317823463443178
11.583333880380025 0.0022001208767482077
11.687688239662725 0.002081320240583158
11.792042598945429 0.0019567146133850095
11.896396958228133 0.0018122386866324545
12.000751317510835 0.0016710767744882137
12.105105676793537 0.0015276350709501777
12.20946003607624 0.0013778427157389323
12.313814395358945 0.0012351658973847796
12.418168754641647 0.0010931826120609111
12.522523113924349 0.0009564555680254742
12.626877473207053 0.0008289295123244736
12.731231832489756 0.0007049372424203986
12.835586191772459 0.0005951947756300167
12.93994055105516 0.0004954514337483766
13.044294910337864 0.00040097140070127253
13.148649269620568 0.000324295352638786
13.253003628903269 0.0002557723062792851
13.357357988185973 0.00019251578470072376
13.461712347468676 0.00014629780123360676
13.566066706751378 0.000106383017381384
13.67042106603408 7.152660971553806e-05
13.774775425316783 4.980653748309278e-05
13.879129784599488 3.1994530734650705e-05
13.98348414388219 1.7534164353089168e-05
14.087838503164894 1.0554965653652441e-05
14.192192862447596 5.9604975756714084e-06
14.296547221730298 3.05014678660994e-06
14.400901581013002 2.7183820724261227e-06
14.505255940295704 4.194972130293569e-06
14.609610299578407 5.558719238151315e-06
14.71396465886111 6.3693293780465154e-06
14.818319018143812 9.246351931898507e-06
14.922673377426518 1.0790085723855969e-05
15.02702773670922 1.073480726300681e-05
15.131382095991922 1.2586099168174475e-05
15.235736455274626 1.179631238321834e-05
15.340090814557328 9.96245874241526e-06
15.44444517384003 1.0377275596062275e-05
15.548799533122734 8.561601798174027e-06
15.653153892405436 7.28709722791658e-06
15.757508251688138 7.250383413379714e-06
15.861862610970842 4.900215586274543e-06
15.966216970253544 3.7500404032598394e-06
16.07057132953625 2.922942539311717e-06
16.174925688818952 9.286956504932219e-07
16.279280048101654 5.224724798046293e-07
16.38363440738436 2.635645152023826e-07
16.48798876666706 7.403838853645448e-08
16.59234312594976 2.1726837728413458e-07
16.696697485232466 5.1274709044147e-08
16.801051844515168 1.1933298395067303e-06
16.90540620379787 1.4819899282973385e-06
17.009760563080576 2.1124540402217962e-06
17.114114922363278 3.2434305669734186e-06
17.21846928164598 1.256250201525662e-06
17.322823640928682 1.240795458511097e-06
17.427178000211384 3.2782241254392967e-06
17.53153235949409 1.8226392353589942e-06
17.635886718776792 1.7793978278767766e-06
17.740241078059494 2.0503534895603297e-06
17.8445954373422 4.0738970017693377e-07
17.948949796624902 1.8495539818879888e-06
18.053304155907604 2.8968671806103174e-06
18.157658515190306 1.375375170992158e-06
18.262012874473008 6.356070745121223e-07
18.366367233755714 3.0867829398276673e-07
18.470721593038416 9.633306759380284e-07
18.575075952321118 2.4944268970622127e-06
18.679430311603824 7.910086137163974e-06
18.783784670886522 1.1884024871149014e-05
18.888139030169224 7.3517110960010985e-06
18.99249338945193 3.2092445468360835e-06
19.096847748734632 1.5996689122461e-06
19.201202108017338 2.537495477907175e-06
19.30555646730004 1.6632754819525456e-05
19.409910826582742 1.7493467430057066e-05
19.514265185865444 3.703973333821601e-06
19.618619545148146 4.043971156148667e-06
19.722973904430848 3.219317798246653e-06
19.827328263713554 3.485726390970071e-06
19.931682622996256 2.6479967719992273e-05
20.036036982278958 3.0462013208985064e-05
20.140391341561664 3.166245472135721e-05
20.244745700844366 8.543221234591925e-05
20.349100060127068 0.0001186104937635021
20.45345441940977 0.00010933557429845742
20.557808778692472 7.017764050415757e-05
20.662163137975178 4.096146771423266e-05
20.76651749725788 1.712047828450306e-05
20.87087185654058 1.4439708178501291e-05
20.975226215823287 3.4913135976901536e-06
21.079580575105986 2.3235895184010303e-06
21.18393493438869 1.5128197324934453e-05
21.288289293671394 1.3620197591219738e-05
21.392643652954096 1.1822496079066734e-05
21.4969980122368 1.5138995958625218e-05
21.601352371519503 5.546313459740917e-06
21.705706730802206 6.17431635702144e-07
21.810061090084908 1.0337972919607303e-05
21.91441544936761 2.044367596367141e-05
22.018769808650312 3.13268676506032e-05
22.123124167933018 4.3585849068943555e-05
22.22747852721572 3.2206315462472737e-05
22.331832886498425 4.73985835807712e-06
22.436187245781127 5.6197910119524094e-06
22.54054160506383 2.7218581089469036e-05
22.64489596434653 1.813574131178201e-05
22.749250323629234 1.9764148212029778e-07
22.853604682911936 2.293653580176743e-05
22.95795904219464 5.0309053822388585e-05
23.062313401477343 3.496178891933477e-05
23.16666776076005 5.224005750754831e-06
23.27102212004275 1.0096052633039857e-05
23.37537647932545 3.4047716350186974e-05
23.479730838608155 3.7890296435256e-05
23.584085197890857 2.339086864654913e-05
23.68843955717356 8.304275512162547e-06
23.792793916456265 2.0037611071670775e-06
23.897148275738967 4.582633597697772e-06
24.00150263502167 8.141321790919424e-06
24.10585699430437 1.0498472517615701e-05
24.210211353587074 1.968579056224764e-05
24.31456571286978 3.283865641512357e-05
24.41892007215248 3.8242450755220344e-05
24.523274431435183 3.430652272066949e-05
24.62762879071789 2.1451747722227225e-05
24.73198315000059 8.423513660289827e-06
24.836337509283293 5.951344440764061e-06
24.940691868565995 7.240541080197365e-06
25.045046227848697 4.5762166031329805e-06
25.1494005871314 1.227210938136675e-06
25.253754946414105 5.357221612461936e-07
25.358109305696807 1.112714241753378e-06
25.462463664979513 2.891572219218198e-06
25.566818024262215 5.361355076531995e-06
25.671172383544917 6.414683632626752e-06
25.77552674282762 4.558155436307277e-06
25.87988110211032 3.5140307939363343e-06
25.984235461393023 3.957162896976271e-06
26.08858982067573 3.6489901851755645e-06
26.19294417995843 2.727824703905686e-06
26.297298539241137 2.979294602727495e-06
26.401652898523835 3.036605930158129e-06
26.506007257806537 2.5812332792063276e-06
26.610361617089243 1.5111807129497354e-06
26.714715976371945 2.6740240667698237e-07
26.819070335654647 8.513633840991183e-07
26.923424694937353 5.795302959413242e-06
27.027779054220055 1.1966151919177528e-05
27.132133413502757 1.256120989944914e-05
27.23648777278546 9.815244079373614e-06
27.34084213206816 1.0143083241271944e-05
27.445196491350863 1.647319497286052e-05
27.549550850633565 2.4680558074336446e-05
27.653905209916275 2.8546554777634226e-05
27.758259569198977 2.312597095098152e-05
27.86261392848168 1.3882804959462706e-05
27.96696828776438 6.675959147863261e-06
28.07132264704708 3.662569336449408e-06
28.17567700632979 2.724194704209414e-06
28.28003136561249 2.0484100722873642e-06
28.384385724895193 6.074861504157366e-07
28.488740084177895 2.7385716734664795e-07
28.593094443460597 5.092827297084825e-06
28.6974488027433 1.4406448669211104e-05
28.801803162026005 2.0658178825054012e-05
28.906157521308707 1.858960271653596e-05
29.01051188059141 1.3432014190528008e-05
29.11486623987411 1.0456862586245263e-05
29.219220599156813 1.1095016541297913e-05
29.323574958439522 1.2314294997272078e-05
29.42792931772222 1.1556867692295905e-05
29.532283677004923 7.982673666302347e-06
29.636638036287625 4.163206848665502e-06
29.740992395570327 1.7165550087026425e-06
29.845346754853036 9.198574603586937e-07
29.94970111413574 9.344956826520555e-07
30.05405547341844 1.2930326620223846e-06
30.158409832701143 1.2640182113068739e-06
30.262764191983845 4.905057222312664e-07
30.367118551266543 4.908097100455423e-07
30.471472910549252 1.7210832041995703e-06
30.575827269831954 2.7452845461864534e-06
30.680181629114657 2.849291842118324e-06
30.78453598839736 2.4868980024213244e-06
30.88889034768006 1.705989783315702e-06
30.993244706962766 7.285766663330924e-07
31.09759906624547 1.1617058705529037e-07
31.20195342552817 2.3240779595548548e-07
31.306307784810873 5.466161479426154e-07
31.410662144093575 8.896060750963691e-07
31.515016503376277 1.5166205586269872e-06
31.619370862658986 1.9915565834374085e-06
31.723725221941685 1.9659546482867983e-06
31.828079581224387 1.9951195421663286e-06
31.93243394050709 1.7558900899766725e-06
32.03678829978979 1.0088812609065124e-06
32.1411426590725 2.6073338501786904e-07
32.2454970183552 5.2317423829693856e-08
32.349851377637904 1.8840626805884012e-07
32.454205736920606 4.91778616302676e-07
32.55856009620331 8.206235888130303e-07
32.66291445548601 8.674838409238068e-07
32.76726881476872 6.554409083558174e-07
32.87162317405142 6.621957154508373e-07
32.97597753333412 8.657062010108038e-07
33.08033189261682 7.755842643898447e-07
33.18468625189952 5.361613349215659e-07
33.28904061118223 3.921072379832588e-07
33.39339497046493 2.405634884526947e-07
33.497749329747634 1.4734267513698483e-07
33.602103689030336 1.9826486948945128e-07
33.70645804831304 2.8118028529093656e-07
33.81081240759574 2.4596393467017135e-07
33.91516676687845 1.254232271561192e-07
34.01952112616115 7.536917967800172e-08
34.123875485443854 8.523284899661511e-08
34.228229844726556 2.1176436617327583e-07
34.33258420400926 4.443784344008141e-07
34.43693856329196 5.728826483245635e-07
34.54129292257466 5.307266310520697e-07
34.645647281857364 5.58300225764013e-07
34.75000164114007 6.077535358609936e-07
34.85435600042277 6.047560194477358e-07
34.95871035970548 6.199581419888577e-07
35.06306471898818 6.400656365658032e-07
35.16741907827088 5.894698548523258e-07
35.271773437553584 3.896513921757762e-07
35.376127796836286 2.1514677834544354e-07
35.48048215611899 1.386646176578496e-07
35.5848365154017 8.874476002758571e-08
35.6891908746844 1.114666450229909e-07
35.7935452339671 2.0280369440734214e-07
35.897899593249804 2.6859032722601663e-07
36.002253952532506 3.401702754599162e-07
36.10660831181521 4.6141448988032524e-07
36.21096267109791 5.546340250356148e-07
36.31531703038061 6.374072147922637e-07
36.419671389663314 6.932636373763885e-07
36.524025748946016 7.210984867534277e-07
36.62838010822872 7.149163958099148e-07
36.73273446751143 6.219111369440115e-07
36.83708882679413 4.99248182614835e-07
36.94144318607683 3.446392244533728e-07
37.045797545359534 2.0503830353387851e-07
37.150151904642236 1.0916200881043048e-07
37.254506263924945 3.5200272226935974e-08
37.35886062320765 1.3803546354035153e-08
37.46321498249035 4.012900995346238e-08
37.567569341773044 9.031941982658528e-08
37.671923701055746 1.8141901852090361e-07
37.77627806033845 3.250022128898414e-07
37.88063241962116 4.365726926735887e-07
37.98498677890386 5.210712135589871e-07
38.08934113818656 5.86776038349603e-07
38.193695497469264 6.204984779649697e-07
38.298049856751966 5.990928557645516e-07
38.402404216034675 5.347173931976088e-07
38.50675857531738 5.072155292610323e-07
38.61111293460008 4.4759459618421044e-07
38.71546729388278 3.521543256639783e-07
38.819821653165484 2.788777892121901e-07
38.924176012448186 1.95187920603137e-07
39.02853037173089 1.0382672517762701e-07
39.13288473101359 4.899027878828599e-08
39.23723909029629 5.63938747411607e-08
39.341593449578994 1.0155710749305753e-07
39.445947808861696 2.0414821180446455e-07
39.550302168144405 3.3435036977441897e-07
39.65465652742711 4.308835049665169e-07
39.75901088670981 4.840231839137655e-07
39.86336524599251 5.600732792946878e-07
39.967719605275214 6.214935458108694e-07
40.072073964557916 5.800096607067468e-07
40.176428323840625 5.538220615615053e-07
40.28078268312333 5.560376816146122e-07
40.38513704240603 4.890366376774317e-07
40.48949140168873 3.5517305637768473e-07
40.59384576097143 2.475972929786611e-07
40.698200120254135 1.8625806911394407e-07
40.80255447953684 9.621482695689529e-08
40.90690883881954 3.309515223676532e-08
41.01126319810224 3.4084706555693314e-08
41.115617557384944 4.0375353339439764e-08
41.21997191666765 5.8340590759536946e-08
41.324326275950355 1.448391982164123e-07
41.42868063523306 2.3845920612437176e-07
41.53303499451576 2.9877131945839887e-07
41.63738935379846 4.0925789196718767e-07
41.74174371308116 5.434566734529077e-07
41.84609807236387 5.914431737911618e-07
41.950452431646575 5.588788041475685e-07
42.05480679092928 5.757291239635945e-07
42.15916115021197 5.871221903350597e-07
42.263515509494674 4.860402764085985e-07
42.36786986877738 3.937910665866685e-07
42.472224228060085 3.4403846030879335e-07
42.57657858734279 2.6010292030520075e-07
42.68093294662549 1.440449398014688e-07
42.78528730590819 7.429139626919921e-08
42.889641665190894 4.778018601823258e-08
42.9939960244736 2.7168993080027538e-08
43.098350383756305 6.094370259305459e-08
43.20270474303901 1.244515228721593e-07
43.30705910232171 1.6251815614836122e-07
43.41141346160441 2.2041323153812995e-07
43.51576782088712 3.308526190332272e-07
43.620122180169815 3.85213547702067e-07
43.72447653945252 3.987726096596532e-07
43.82883089873522 4.857833174142134e-07
43.93318525801792 5.86679753824391e-07
44.037539617300624 5.939086361028664e-07
44.14189397658333 5.361815759283662e-07
44.246248335866035 5.31571188137159e-07
44.35060269514874 5.0024680335328e-07
44.45495705443144 3.6456516463407105e-07
44.55931141371414 2.5653263815091636e-07
44.66366577299685 2.0207366312081274e-07
44.76802013227955 1.2911680320723887e-07
44.872374491562255 4.943540591978268e-08
44.97672885084496 2.6914863385940993e-08
45.08108321012766 3.800686672876775e-08
45.18543756941036 5.611766646224882e-08
45.28979192869306 1.3160563198194066e-07
45.394146287975765 2.3405761345686566e-07
45.49850064725847 2.836527162517804e-07
45.60285500654117 3.348360822271241e-07
45.70720936582387 4.437719433936766e-07
45.81156372510658 4.967494685825383e-07
45.91591808438928 4.892191926369152e-07
46.020272443671985 5.21364074045147e-07
46.12462680295469 5.643179091347804e-07
46.22898116223739 5.428733271475972e-07
46.3333355215201 4.6663754481794265e-07
46.4376898808028 4.263521071182934e-07
46.5420442400855 3.666951867533501e-07
46.646398599368204 2.4092694430021426e-07
46.7507529586509 1.4790754243138002e-07
46.8551073179336 1.0061025838150424e-07
46.95946167721631 5.5133503579684805e-08
47.06381603649901 1.9605007361846875e-08
47.168170395781715 2.2089813039556463e-08
47.27252475506442 3.746699333611124e-08
47.37687911434712 5.988797296975828e-08
47.48123347362983 1.2352750757123638e-07
47.58558783291253 2.1041069780922852e-07
47.68994219219523 2.687586588560092e-07
47.794296551477935 3.391412817176799e-07
47.89865091076064 4.5762201337569335e-07
48.00300527004334 5.203139766966115e-07
48.10735962932605 5.279415480181332e-07
48.21171398860874 5.638003013317852e-07
48.316068347891445 6.044039758770903e-07
48.42042270717415 5.812925870914953e-07
48.52477706645685 4.980770503313767e-07
48.62913142573956 4.4444734304149597e-07
48.73348578502226 3.8152562069241237e-07
48.83784014430496 2.6227919044335125e-07
48.942194503587665 1.580747034718176e-07
49.04654886287037 9.55344322102193e-08
49.15090322215307 4.983945301387772e-08
49.25525758143578 1.6277295191842307e-08
49.35961194071848 1.3170127946729523e-08
49.46396630000118 2.6802667086173577e-08
49.568320659283884 4.715466785076161e-08
49.672675018566586 8.959783688422215e-08
49.77702937784929 1.5635170176562318e-07
49.88138373713199 2.1562262401039408e-07
49.98573809641469 2.759151792660718e-07
50.090092455697395 3.6169722360930876e-07
50.1944468149801 4.2562644807764837e-07
50.2988011742628 4.65336889193394e-07
50.40315553354551 5.054715666849067e-07
50.50750989282821 5.402457876349975e-07
50.61186425211091 5.464938248176326e-07
50.716218611393614 5.173107118632651e-07
50.82057297067632 4.99327883495797e-07
50.924927329959026 4.630300991426044e-07
51.02928168924173 3.803600482881063e-07
51.13363604852443 2.893545013169649e-07
51.23799040780713 2.0755755097199502e-07
51.342344767089834 1.3661592249704996e-07
51.446699126372536 7.139054308858896e-08
51.55105348565524 3.003198166629375e-08
51.65540784493794 1.4205011805704492e-08
51.75976220422064 1.1973252586914461e-08
51.864116563503345 2.8112161288980784e-08
51.96847092278605 6.65175179883792e-08
52.072825282068756 1.152084586875109e-07
52.17717964135146 1.740889700044016e-07
52.28153400063416 2.5074573485571665e-07
52.38588835991686 3.222831248344731e-07
52.490242719199564 3.842669529621267e-07
52.59459707848227 4.330798119467318e-07
52.698951437764975 4.781755905458059e-07
52.80330579704767 5.187859795649049e-07
52.90766015633037 5.331957999527106e-07
53.012014515613075 5.392030289202155e-07
53.11636887489578 5.31540483897727e-07
53.220723234178486 5.109436724429814e-07
53.32507759346119 4.692097440960755e-07
53.42943195274389 3.9330897158748865e-07
53.53378631202659 3.1543348306364144e-07
53.638140671309294 2.407280333612954e-07
53.742495030592 1.7026380413495508e-07
53.846849389874706 1.0703459054880669e-07
53.95120374915741 5.7094877977894045e-08
54.05555810844011 2.823000291770359e-08
54.15991246772281 1.2082444140685854e-08
54.264266827005514 1.3119148978148382e-08
54.368621186288216 3.689798667424067e-08
54.47297554557092 7.541579536258884e-08
54.57732990485362 1.231899269274592e-07
54.68168426413632 1.8911328332239506e-07
54.786038623419024 2.521068693150574e-07
54.89039298270173 3.0350248291611763e-07
54.99474734198443 3.5940044190062765e-07
55.09910170126713 4.187018792062963e-07
55.20345606054985 4.692376962253449e-07
55.30781041983255 4.935061353488353e-07
55.41216477911525 5.230639032373256e-07
55.51651913839795 5.535702515264905e-07
55.620873497680655 5.446266246212639e-07
55.72522785696336 5.130889973932542e-07
55.82958221624606 4.7469184607399097e-07
55.93393657552876 4.2726801996090377e-07
56.03829093481146 3.558308714986281e-07
56.14264529409416 2.8318415291135695e-07
56.24699965337686 2.3338839681163664e-07
56.35135401265958 1.7422302669633038e-07
56.45570837194228 1.0863323855922572e-07
56.56006273122498 6.223320758836472e-08
56.66441709050768 3.453766378303611e-08
56.768771449790385 1.3957315959907937e-08
56.87312580907309 1.0196295812854723e-08
56.97748016835579 2.894308835490224e-08
57.08183452763849 5.282196076386265e-08
57.186188886921194 8.534687188534488e-08
57.290543246203896 1.412343669766597e-07
57.3948976054866 2.0498132751227795e-07
57.49925196476931 2.5225331920191086e-07
57.60360632405201 3.179533315106723e-07
57.70796068333471 4.0666998819661793e-07
57.81231504261741 4.666019397985095e-07
57.916669401900116 4.963831348992713e-07
58.02102376118282 5.34281899507098e-07
58.12537812046552 5.804969707772523e-07
58.22973247974822 5.73586132103027e-07
58.334086839030924 5.351544968040067e-07
58.438441198313626 5.282455422871969e-07
58.54279555759633 5.166492247089518e-07
58.647149916879044 4.640975070753508e-07
58.75150427616175 3.9446237198391863e-07
58.85585863544444 3.441960755561997e-07
58.960212994727144 2.860566689454802e-07
59.064567354009846 2.0093061484445576e-07
59.16892171329255 1.3656264043497018e-07
59.27327607257525 9.632515838883826e-08
59.37763043185795 5.570651642823851e-08
59.481984791140654 2.223601493774185e-08
59.586339150423356 9.887929355029419e-09
59.69069350970607 8.780877135650118e-09
59.795047868988775 1.5025422533278126e-08
59.89940222827148 4.337363655946158e-08
60.00375658755418 8.382216433086485e-08
60.10811094683688 1.1913656781184758e-07
60.21246530611958 1.6801627133265378e-07
60.316819665402285 2.4383148088670395e-07
60.42117402468499 3.023679030368486e-07
60.52552838396769 3.4245506562568503e-07
60.629882743250384 4.1091189615015106e-07
60.734237102533086 4.891845810008651e-07
60.8385914618158 5.294149671302362e-07
60.942945821098505 5.409421541819118e-07
61.04730018038121 5.809017715561049e-07
61.15165453966391 6.145937770229511e-07
61.25600889894661 5.831275829703771e-07
61.36036325822931 5.41539450321531e-07
61.464717617512015 5.265358900690377e-07
61.56907197679472 5.001975858929494e-07
61.67342633607742 4.324932504492081e-07
61.77778069536012 3.675260876516077e-07
61.88213505464282 3.343106664625724e-07
61.98648941392553 2.825051572801146e-07
62.090843773208235 2.096895713780527e-07
62.19519813249094 1.5420100601236953e-07
62.29955249177364 1.1541072591183483e-07
62.40390685105634 7.196234243643726e-08
62.50826121033904 3.255354315746441e-08
62.612615569621745 1.6367848936131545e-08
62.71696992890445 1.035232433063222e-08
62.82132428818715 1.0713550732017582e-08
62.92567864746985 3.059054322144824e-08
63.030033006752554 6.215640287762954e-08
63.13438736603527 9.290246782094288e-08
63.23874172531797 1.4367791381911162e-07
63.343096084600674 2.127115390625627e-07
63.44745044388337 2.6628694740859305e-07
63.55180480316607 3.124654610428771e-07
63.65615916244877 3.749283074383823e-07
63.760513521731475 4.404029600445189e-07
63.86486788101418 4.7336996931250503e-07
63.96922224029688 5.003894728272355e-07
64.07357659957958 5.562325388956337e-07
64.17793095886229 5.959587197693347e-07
64.282285318145 5.981895103886272e-07
64.3866396774277 5.953496619835414e-07
64.4909940367104 6.088013626133709e-07
64.5953483959931 6.013829817882854e-07
64.69970275527581 5.537663204657307e-07
64.8040571145585 5.19333241709003e-07
64.90841147384121 5.000429274203918e-07
65.01276583312391 4.5833033833148535e-07
65.11712019240662 3.949094252834685e-07
65.22147455168931 3.391130493624964e-07
65.32582891097202 2.9414854415011497e-07
65.43018327025473 2.2991254834536864e-07
65.53453762953744 1.62530622708639e-07
65.63889198882013 1.1581130385553491e-07
65.74324634810284 7.826679413699736e-08
65.84760070738554 4.385311534018143e-08
65.95195506666823 2.00929992544362e-08
66.05630942595094 1.063604620635503e-08
66.16066378523364 8.571410508429342e-09
66.26501814451635 1.602190701596489e-08
66.36937250379904 3.7340868052120095e-08
66.47372686308175 6.647730672770302e-08
66.57808122236446 9.946195199635562e-08
66.68243558164717 1.4530785822951576e-07
66.78678994092986 1.98291120813051e-07
66.89114430021257 2.452119299191972e-07
66.99549865949527 2.982622416962635e-07
67.09985301877798 3.604619983852764e-07
67.20420737806067 4.2283275789018396e-07
67.30856173734338 4.750695036025526e-07
67.41291609662608 5.24713629138399e-07
67.51727045590879 5.799845655996162e-07
67.62162481519148 6.164113543749486e-07
67.72597917447419 6.371140367378302e-07
67.8303335337569 6.558369854290408e-07
67.9346878930396 6.71431414196485e-07
68.0390422523223 6.761529485323374e-07
68.143396611605 6.631216222100242e-07
68.24775097088771 6.518804688272773e-07
68.3521053301704 6.362757821825525e-07
68.45645968945311 6.040533685861215e-07
68.5608140487358 5.623772719055082e-07
68.66516840801852 5.154365397441754e-07
68.76952276730121 4.7078004970866684e-07
68.87387712658392 4.1862287600413726e-07
68.97823148586663 3.6163488025964065e-07
69.08258584514932 3.096745058910816e-07
69.18694020443203 2.594250940935688e-07
69.29129456371473 2.1143410097308352e-07
69.39564892299744 1.6163638090242658e-07
69.50000328228013 1.1645779809366137e-07
69.60435764156284 8.034443439618655e-08
69.70871200084554 4.9123171006952374e-08
69.81306636012825 2.536238521997859e-08
69.91742071941096 1.1781720598241433e-08
70.02177507869366 8.09597225648224e-09
70.12612943797636 1.1733743804059047e-08
70.23048379725907 2.3770112102647363e-08
70.33483815654176 4.4830906598541005e-08
70.43919251582446 7.212300148569524e-08
70.54354687510717 1.029134309522309e-07
70.64790123438986 1.437454209535252e-07
70.75225559367257 1.9286150111822665e-07
70.85660995295527 2.3796361988619763e-07
70.96096431223798 2.8541055541185115e-07
71.06531867152069 3.40997213665393e-07
71.1696730308034 4.010446217831755e-07
71.27402739008609 4.5436528412721583e-07
71.3783817493688 5.067762051138943e-07
71.4827361086515 5.73367271681606e-07
71.5870904679342 6.31439019685791e-07
71.6914448272169 6.71590395190807e-07
71.79579918649961 7.08688174066438e-07
71.9001535457823 7.481041797758317e-07
72.00450790506501 7.743078438572434e-07
72.1088622643477 7.7665787431457e-07
72.21321662363042 7.877939055506753e-07
72.31757098291313 8.062374653193352e-07
72.42192534219582 8.017725767438461e-07
72.52627970147853 7.81454287549744e-07
72.63063406076122 7.665516740797274e-07
72.73498842004393 7.548160265376863e-07
72.83934277932663 7.140338314469229e-07
72.94369713860934 6.600888397756444e-07
73.04805149789203 6.269087802603576e-07
73.15240585717474 5.931085575242156e-07
73.25676021645744 5.401382091547471e-07
73.36111457574015 4.837673813497414e-07
73.46546893502286 4.468646952315082e-07
73.56982329430555 4.0856283647897343e-07
73.67417765358826 3.469759355195987e-07
73.77853201287095 2.9134374986566964e-07
73.88288637215366 2.526105173623052e-07
73.98724073143636 2.1108464185833036e-07
74.09159509071907 1.6084755631926426e-07
74.19594945000176 1.2060557561841527e-07
74.30030380928447 9.598161365321082e-08
74.40465816856717 6.79095682841834e-08
74.50901252784989 3.926171538487719e-08
74.61336688713259 2.3036568574973867e-08
74.7177212464153 1.381148948006017e-08
74.82207560569799 6.223416664438269e-09
74.9264299649807 7.060696326714085e-09
75.0307843242634 1.586750057066278e-08
75.13513868354609 2.55648928860658e-08
75.2394930428288 4.186812691180648e-08
75.34384740211149 7.072078316588745e-08
75.4482017613942 1.0236548711380139e-07
75.5525561206769 1.3073778341087853e-07
75.65691047995962 1.7408161214362373e-07
75.76126483924232 2.3011131337146335e-07
75.86561919852502 2.732010101827598e-07
75.96997355780772 3.114655186016623e-07
76.07432791709043 3.662879333111851e-07
76.17868227637312 4.276105887903889e-07
76.28303663565583 4.6822911337889977e-07
76.38739099493853 5.081796636904749e-07
76.49174535422124 5.776656288163414e-07
76.59609971350393 6.435272896014196e-07
76.70045407278664 6.834518340446734e-07
76.80480843206935 7.278964930891846e-07
76.90916279135205 7.999416109915045e-07
77.01351715063475 8.624383557959216e-07
77.11787150991745 8.903536930707277e-07
77.22222586920016 9.363462698142471e-07
77.32658022848285 1.0104495127580296e-06
77.43093458776556 1.0609552504082118e-06
77.53528894704826 1.0787664687686312e-06
77.63964330633097 1.1113839165943134e-06
77.74399766561366 1.1673973821280886e-06
77.84835202489637 1.185275847616524e-06
77.95270638417908 1.1743220493855692e-06
78.05706074346178 1.193174348315848e-06
78.16141510274448 1.2267705296280044e-06
78.26576946202718 1.2294320279766983e-06
78.37012382130989 1.2121371794198085e-06
78.47447818059258 1.2277321839144183e-06
78.5788325398753 1.2504328394868266e-06
78.68318689915799 1.230236843245965e-06
78.7875412584407 1.2030802892818936e-06
78.89189561772339 1.2034861294702257e-06
78.9962499770061 1.2049085304519227e-06
79.10060433628881 1.1736107182919555e-06
79.20495869557152 1.145151793430563e-06
79.30931305485421 1.1513463696507202e-06
79.41366741413692 1.1448155634870472e-06
79.51802177341962 1.1082842430765582e-06
79.62237613270231 1.078216137837416e-06
79.72673049198502 1.0683898064140516e-06
79.83108485126772 1.0420573843676366e-06
79.93543921055043 9.877389912646933e-07
80.03979356983312 9.535995168064995e-07
80.14414792911583 9.377041519565664e-07
80.24850228839854 9.014627672710594e-07
80.35285664768125 8.500880525180336e-07
80.45721100696395 8.151953104019783e-07
80.56156536624665 7.945664492546245e-07
80.66591972552935 7.518442062887169e-07
80.77027408481206 7.02119806782909e-07
80.87462844409475 6.775831781427089e-07
80.97898280337746 6.616741533649968e-07
81.08333716266016 6.311976127612455e-07
81.18769152194287 5.947041806149525e-07
81.29204588122558 5.763392419699038e-07
81.39640024050827 5.58595608253795e-07
81.50075459979098 5.196669935821331e-07
81.60510895907368 4.815387293254792e-07
81.70946331835638 4.578278831210427e-07
81.81381767763908 4.36127908786328e-07
81.91817203692179 4.0376469292520565e-07
82.02252639620448 3.749162151082696e-07
82.12688075548719 3.606498322702234e-07
82.23123511476989 3.422194212929168e-07
82.3355894740526 3.153749148645976e-07
82.4399438333353 2.9202908574421153e-07
82.544298192618 2.766070339519535e-07
82.64865255190071 2.595430871185497e-07
82.7530069111834 2.362618936356151e-07
82.85736127046611 2.1949023328217056e-07
82.96171562974881 2.0783071740385515e-07
83.06606998903152 1.9254547811440786e-07
83.17042434831421 1.7498750994825574e-07
83.27477870759692 1.607315999562292e-07
83.37913306687962 1.5103763250270267e-07
83.48348742616233 1.3869881276971713e-07
83.58784178544504 1.264714834498433e-07
83.69219614472775 1.1943740084486857e-07
83.79655050401044 1.1398605841829684e-07
83.90090486329315 1.071288167404202e-07
84.00525922257584 9.858289907956331e-08
84.10961358185855 9.222785826847592e-08
84.21396794114125 8.585149280356628e-08
84.31832230042394 7.628371878248507e-08
84.42267665970665 6.731157324791793e-08
84.52703101898935 6.016431756622913e-08
84.63138537827206 5.449893778636719e-08
84.73573973755477 4.853509200792198e-08
84.84009409683748 4.299457851202322e-08
84.94444845612017 3.985128469416498e-08
85.04880281540288 3.698639846229254e-08
85.15315717468557 3.3793021650055456e-08
85.25751153396828 3.034550553887305e-08
85.36186589325098 2.7916999400285812e-08
85.46622025253369 2.674414397646491e-08
85.57057461181638 2.474797839044785e-08
85.67492897109909 2.2594594052371254e-08
85.77928333038179 2.090978189853609e-08
85.8836376896645 1.9770677229329232e-08
85.9879920489472 1.8004828473037692e-08
86.0923464082299 1.504883262259132e-08
86.19670076751261 1.3128482052606197e-08
86.3010551267953 1.203732073565103e-08
86.40540948607801 1.067653928578819e-08
86.50976384536071 9.051102512840661e-09
86.61411820464342 8.035301701616987e-09
86.71847256392611 8.006983931350663e-09
86.82282692320882 7.137252010605532e-09
86.92718128249152 5.6192560346082255e-09
87.03153564177424 4.792617935250246e-09
87.13589000105694 4.4224581607700416e-09
87.24024436033963 3.800324615321183e-09
87.34459871962234 2.875192081307168e-09
87.44895307890503 2.7729075381133845e-09
87.55330743818774 3.2414478519617477e-09
87.65766179747044 3.1586960166162555e-09
87.76201615675315 2.723123540524046e-09
87.86637051603584 2.745258735966197e-09
87.97072487531855 3.084004275796843e-09
88.07507923460125 2.574831354841515e-09
88.17943359388397 1.872817597110292e-09
88.28378795316667 1.9838720667636563e-09
88.38814231244938 1.9014187706654374e-09
88.49249667173207 1.2261650705586303e-09
88.59685103101478 7.807143150406493e-10
88.70120539029747 7.940911091473635e-10
88.80555974958018 5.883834401954287e-10
88.90991410886288 1.7007864527778057e-10
89.01426846814557 6.884573995163236e-11
89.11862282742828 1.963124372086014e-10
89.22297718671098 4.707859630943964e-10
89.3273315459937 4.780632868934779e-10
89.4316859052764 3.66515437200999e-10
89.5360402645591 8.327905890742889e-10
89.6403946238418 1.0189164877626157e-09
89.74474898312451 5.50101976344914e-10
89.8491033424072 5.102337014450391e-10
89.95345770168991 7.443187729834205e-10
90.05781206097261 4.4680055553989235e-10
90.16216642025532 1.0098396432432128e-10
90.26652077953801 2.0589299772262004e-10
90.37087513882072 2.3110743029149852e-10
90.47522949810343 3.925706749818682e-11
90.57958385738613 8.104707764665819e-12
90.68393821666884 3.809501162492981e-11
90.78829257595153 4.889509401741648e-11
90.89264693523424 1.1085235218034687e-10
90.99700129451693 5.844209663446639e-11
91.10135565379964 3.4762469683667654e-11
91.20571001308234 2.33288786171918e-10
91.31006437236505 2.0984192827279318e-10
91.41441873164774 2.5926020301254227e-11
91.51877309093047 1.6037150473143883e-10
91.62312745021316 1.989941143279502e-10
91.72748180949586 1.8015945170915336e-11
91.83183616877857 2.4290088727874856e-11
91.93619052806126 7.433003495907988e-11
92.04054488734397 6.769714734643209e-11
92.14489924662666 2.9660156986321694e-11
92.24925360590937 1.17530368884045e-11
92.35360796519207 1.0958815922320481e-10
92.45796232447478 7.657951506976419e-11
92.56231668375747 2.989915275950264e-12
92.6666710430402 8.752790745062911e-11
92.77102540232289 6.330998495486177e-11
92.8753797616056 1.3437112121478392e-11
92.9797341208883 7.871748457847654e-11
93.084088480171 4.542448230976971e-11
93.1884428394537 1.5538499657825833e-11
93.29279719873641 1.0074377868041848e-10
93.3971515580191 7.756938753109762e-11
93.5015059173018 1.3978202328476167e-12
93.60586027658451 1.1149003156318659e-10
93.7102146358672 1.6246544494641073e-10
93.81456899514993 1.8575284550335363e-11
93.91892335443262 1.1435845549097727e-10
94.02327771371533 2.5195246164450805e-10
94.12763207299803 6.325317287900942e-11
94.23198643228073 1.147466844278914e-10
94.33634079156343 2.931271314825129e-10
94.44069515084614 8.970190712169104e-11
94.54504951012883 1.1091709030932085e-10
94.64940386941154 2.9575888561659937e-10
94.75375822869424 1.0014799954700742e-10
94.85811258797695 1.0268907687961272e-10
94.96246694725966 2.8568501617455216e-10
95.06682130654235 1.148386658112856e-10
95.17117566582506 8.100746348213649e-11
95.27553002510776 2.6510638692632276e-10
95.37988438439046 1.4250075688544734e-10
95.48423874367316 5.757696689960312e-11
95.58859310295587 2.478045469555421e-10
95.69294746223856 1.8792650393856676e-10
95.79730182152127 5.2911653432201805e-11
95.90165618080397 2.4773415847727336e-10
96.00601054008668 2.3940428434476137e-10
96.11036489936939 6.4940915608449e-11
96.2147192586521 2.5935762344240675e-10
96.31907361793479 2.802321093440208e-10
96.42342797721749 7.76377014842758e-11
96.5277823365002 2.5921985273439814e-10
96.63213669578289 2.9527771046945914e-10
96.7364910550656 7.798434594332404e-11
96.8408454143483 2.2817329318936866e-10
96.945199773631 2.795119737124822e-10
97.0495541329137 6.670256602256035e-11
97.15390849219641 1.700719404162517e-10
97.25826285147912 2.459396556935017e-10
97.36261721076183 5.944247838596127e-11
97.46697157004452 1.1227808770289722e-10
97.57132592932723 2.1902606563520387e-10
97.67568028860993 7.153736716304218e-11
97.78003464789263 7.984135043838508e-11
97.88438900717533 2.102171057041049e-10
97.98874336645804 9.900468284296482e-11
98.09309772574073 7.226313990693812e-11
98.19745208502343 2.0895059768029873e-10
98.30180644430614 1.2429924899148332e-10
98.40616080358885 7.362944550057122e-11
98.51051516287156 1.9525298523377691e-10
98.61486952215425 1.2964708774219475e-10
98.71922388143696 6.733670756819186e-11
98.82357824071966 1.5893116248773567e-10
98.92793260000236 1.1115745043958952e-10
99.03228695928506 4.99224456972232e-11
99.13664131856777 1.0997389130167711e-10
99.24099567785046 8.367721347462188e-11
99.34535003713317 3.2087267984070145e-11
99.44970439641587 6.748500589915512e-11
99.55405875569858 6.506769433324753e-11
99.65841311498129 2.5555174495702296e-11
99.76276747426398 4.493441500834097e-11
99.86712183354669 6.217548479886748e-11
99.97147619282939 3.138536572287738e-11
100.0758305521121 3.9232977937073304e-11
100.18018491139479 6.723396893929773e-11
100.2845392706775 4.087408689308837e-11
100.3888936299602 3.8079928752159425e-11
100.4932479892429 6.728869956163275e-11
100.5976023485256 4.416657228194485e-11
100.70195670780832 3.1568210141263224e-11
100.80631106709102 5.5506755783075056e-11
100.91066542637373 3.760319295229471e-11
101.01501978565642 1.879853570836547e-11
101.11937414493912 3.6064592228487355e-11
101.22372850422182 2.6759650216221624e-11
101.32808286350452 7.023305962048788e-12
101.43243722278723 1.774414772063675e-11
101.53679158206992 1.8944148163956304e-11
101.64114594135263 3.1724313121193717e-12
101.74550030063534 7.0032196348086494e-12
101.84985465991805 1.785760519953144e-11
101.95420901920075 8.288401636152565e-12
102.05856337848346 3.745722004260684e-12
102.16291773776615 2.1324743257495714e-11
102.26727209704886 1.677215126237386e-11
102.37162645633155 3.5141965544325303e-12
102.47598081561426 2.432759815799434e-11
102.58033517489696 2.1861837624525537e-11
102.68468953417967 2.5604003812168997e-12
102.78904389346236 2.3636643314453242e-11
102.89339825274507 2.0411247116119272e-11
102.99775261202778 6.104678593954883e-13
103.10210697131048 1.9180031038092466e-11
103.20646133059319 1.4954951678520355e-11
103.31081568987588 1.9499832828765872e-13
103.41517004915859 1.3297697472974907e-11
103.51952440844128 1.0261073515735694e-11
103.623878767724 3.030246514888545e-12
103.72823312700669 8.256080982200379e-12
103.8325874862894 9.780905559079147e-12
103.9369418455721 7.978920568086186e-12
104.0412962048548 4.8188734628412876e-12
104.14565056413751 1.3667363089820484e-11
104.2500049234202 1.184401379214037e-11
104.35435928270292 3.482546921897151e-12
104.45871364198561 1.9210747816623328e-11
104.56306800126832 1.2450747366782478e-11
104.66742236055102 4.8149480831124364e-12
104.77177671983372 2.3379844860842445e-11
104.87613107911642 1.0059170532588019e-11
104.98048543839913 9.396388340691485e-12
105.08483979768182 2.4239009556522122e-11
105.18919415696455 7.597227915412658e-12
105.29354851624724 1.6669521993937362e-11
105.39790287552995 2.1888610205675742e-11
105.50225723481265 8.05083126805774e-12
105.60661159409534 2.4097768683017608e-11
105.71096595337805 1.8258105232777848e-11
105.81532031266075 1.2202282957917965e-11
105.91967467194345 2.830368966724271e-11
106.02402903122615 1.5520656477516406e-11
106.12838339050886 1.8599702557926242e-11
106.23273774979155 2.7480131685865826e-11
106.33709210907428 1.596594721443972e-11
106.44144646835697 2.4375548767991545e-11
106.54580082763968 2.3105872017250225e-11
106.65015518692238 2.06429041200587e-11
106.75450954620509 2.6879470650254996e-11
106.85886390548778 1.8299107576506215e-11
106.96321826477049 2.83354202288719e-11
107.06757262405318 2.5404705883942625e-11
107.1719269833359 1.627867055674222e-11
107.27628134261859 3.5773752749291674e-11
107.38063570190128 2.0877652332441773e-11
107.484990061184 1.837043373020316e-11
107.5893444204667 3.920972021908795e-11
107.69369877974941 1.594470915084891e-11
107.7980531390321 2.31382129787677e-11
107.90240749831482 3.6973644990998537e-11
108.00676185759751 1.3449901964707563e-11
108.11111621688022 2.755197195742238e-11
108.21547057616291 3.078839242620932e-11
108.31982493544562 1.5374988758336798e-11
108.42417929472832 2.899299719588542e-11
108.52853365401103 2.4687413867172472e-11
108.63288801329374 2.1536910833778484e-11
108.73724237257643 2.650935543268912e-11
108.84159673185914 2.2513627901026608e-11
108.94595109114184 2.9410051284437494e-11
109.05030545042455 2.1559348509807257e-11
109.15465980970724 2.5461569408892553e-11
109.25901416898995 3.534416368829405e-11
109.36336852827264 1.6679724892889562e-11
109.46772288755535 3.1433751228817004e-11
109.57207724683805 3.657614437188374e-11
109.67643160612076 1.4149274478860059e-11
109.78078596540345 3.667476862617995e-11
109.88514032468616 3.297435070252726e-11
109.98949468396886 1.514710940338698e-11
110.09384904325157 3.7509303454457403e-11
110.19820340253426 2.718512113386308e-11
110.30255776181698 1.9024454799313824e-11
110.4069121210997 3.293577409728854e-11
110.51126648038239 2.2712067198060936e-11
110.6156208396651 2.3788130643519432e-11
110.7199751989478 2.476751676178663e-11
110.8243295582305 2.2029253605935676e-11
110.9286839175132 2.7043493403296846e-11
111.0330382767959 1.6525286366922055e-11
111.1373926360786 2.500799171045007e-11
111.24174699536131 2.7025398584231177e-11
111.346101354644 1.1390088756760515e-11
111.45045571392671 2.8765818268090924e-11
111.55481007320941 2.3618189605389848e-11
111.65916443249212 1.0107570291334568e-11
111.76351879177481 3.0158371936579345e-11
111.86787315105752 1.8390457315365474e-11
111.97222751034022 1.1518225965619677e-11
112.07658186962291 2.7230326121161962e-11
112.18093622890562 1.4081620463389429e-11
112.28529058818832 1.360676169532008e-11
112.38964494747103 2.0919814711998297e-11
112.49399930675372 1.2957977970724445e-11
112.59835366603646 1.4605880869927447e-11
112.70270802531915 1.416571552788822e-11
112.80706238460186 1.551737750725995e-11
112.91141674388456 1.3926569153194923e-11
113.01577110316725 9.512130860164082e-12
113.12012546244996 2.0085237946575948e-11
113.22447982173266 1.1658788465151836e-11
113.32883418101537 8.090866832998016e-12
113.43318854029806 2.3367026242579867e-11
113.53754289958077 8.572570286533978e-12
113.64189725886347 8.815447461120494e-12
113.74625161814618 2.326393322925478e-11
113.85060597742887 5.770062966915506e-12
113.95496033671158 9.601897275230874e-12
114.05931469599427 1.9488193626455126e-11
114.16366905527698 4.403204173056035e-12
114.26802341455968 8.929468630278888e-12
114.37237777384239 1.3293693920556828e-11
114.47673213312508 4.850666014953488e-12
114.58108649240779 6.968675470582893e-12
114.68544085169049 7.652162235374048e-12
114.7897952109732 6.417204668055716e-12
114.89414957025592 4.717229166747776e-12
114.99850392953861 4.569887077379508e-12
115.10285828882132 7.96833459500507e-12
115.20721264810402 2.530038216871788e-12
115.31156700738673 4.022177670449536e-12
115.41592136666942 8.65739315028041e-12
115.52027572595213 1.0955929794338447e-12
115.62463008523483 4.592229076912621e-12
115.72898444451754 7.967121994740064e-12
115.83333880380023 4.632944056678647e-13
115.93769316308294 4.6023095069714904e-12
116.04204752236564 5.75772488196194e-12
116.14640188164834 1.4875119202562787e-13
116.25075624093104 3.677614857437581e-12
116.35511060021375 3.0874264382051875e-12
116.45946495949644 1.9343197578001935e-13
116.56381931877915 2.367161235133905e-12
116.66817367806185 1.3531806306177911e-12
116.77252803734454 8.163429875423915e-13
116.87688239662725 1.2454234076092293e-12
116.98123675590995 8.40315277785487e-13
117.08559111519266 2.2735249646245167e-12
117.18994547447538 8.260763712963683e-13
117.29429983375809 1.2122624112521022e-12
117.39865419304078 4.311235000070167e-12
117.5030085523235 1.058659155436926e-12
117.60736291160619 1.7116845885575581e-12
117.71171727088888 5.859566031494738e-12
117.81607163017159 1.1585565258735297e-12
117.92042598945429 1.9224577251143858e-12
118.024780348737 6.416070816731106e-12
118.12913470801969 1.077809071214759e-12
118.2334890673024 2.007153931450802e-12
118.3378434265851 5.821192806072557e-12
118.4421977858678 1.4620922488054902e-12
118.5465521451505 2.202667233406396e-12
118.65090650443321 4.3401606169346145e-12
118.7552608637159 3.144814576303521e-12
118.85961522299861 2.9496111497659857e-12
118.96396958228131 2.9425615260892983e-12
119.06832394156402 6.31566005985684e-12
119.17267830084671 3.93287889360028e-12
119.27703266012942 2.513722887715744e-12
119.38138701941214 1.0044289579507162e-11
119.48574137869484 4.394286872204939e-12
119.59009573797755 3.26896004390052e-12
119.69445009726024 1.2808195932605262e-11
119.79880445654295 4.052640578539981e-12
119.90315881582565 4.840253562310879e-12
120.00751317510836 1.3412475582703088e-11
120.11186753439105 3.5755808952459197e-12
120.21622189367376 6.625367057068492e-12
120.32057625295646 1.1760558439832833e-11
120.42493061223917 4.1504961413027495e-12
120.52928497152186 8.07157257869455e-12
120.63363933080457 9.33301383241998e-12
120.73799369008727 6.727429469878455e-12
120.84234804936997 8.779757553735916e-12
120.94670240865267 8.009226397591338e-12
121.05105676793538 1.105341829304733e-11
121.15541112721807 8.485193041006098e-12
121.25976548650077 8.903722806215603e-12
121.36411984578348 1.56160161253238e-11
121.46847420506617 7.501857990381338e-12
121.57282856434888 1.1909389039417728e-11
121.6771829236316 1.8565923474862378e-11
121.78153728291431 6.830826305797504e-12
121.88589164219701 1.567911755960137e-11
121.99024600147972 1.9064161461778738e-11
122.09460036076241 7.646668346878703e-12
122.19895472004512 1.8376957125044825e-11
122.30330907932782 1.7548201067516716e-11
122.40766343861051 1.0624163633522846e-11
122.51201779789322 1.876051027547468e-11
122.61637215717592 1.573417134960422e-11
122.72072651645863 1.5250827272282045e-11
122.82508087574132 1.6854364600920185e-11
122.92943523502403 1.557702841246798e-11
123.03378959430673 1.9986326282271073e-11
123.13814395358943 1.374695993492202e-11
123.24249831287213 1.77191635326575e-11
123.34685267215484 2.3155203783243807e-11
123.45120703143753 1.0952757444074108e-11
123.55556139072024 2.1202478313009794e-11
123.65991575000294 2.3552884943796115e-11
123.76427010928565 9.855164891345096e-12
123.86862446856834 2.3916854238219754e-11
123.97297882785107 2.1471897976087703e-11
124.07733318713377 1.0866202742674786e-11
124.18168754641647 2.4131229493126346e-11
124.28604190569918 1.865102289138607e-11
124.39039626498187 1.3463254102364345e-11
124.49475062426458 2.151663989338283e-11
124.59910498354728 1.7323137171087136e-11
124.70345934282999 1.6577601384825912e-11
124.80781370211268 1.7321041510710094e-11
124.91216806139539 1.89243421421644e-11
125.01652242067809 1.8741735386907907e-11
125.1208767799608 1.3688281291782227e-11
125.22523113924349 2.2939545980709434e-11
125.3295854985262 1.912145596808893e-11
125.4339398578089 1.1947473031929081e-11
125.5382942170916 2.7189404469185536e-11
125.6426485763743 1.7776645958244755e-11
125.74700293565701 1.2437589108568761e-11
125.8513572949397 2.912784757800143e-11
125.9557116542224 1.5747480145979455e-11
126.06006601350511 1.4391219430108694e-11
126.1644203727878 2.761940303551548e-11
126.26877473207054 1.4618061835752222e-11
126.37312909135323 1.6276590073655374e-11
126.47748345063594 2.3508093928098795e-11
126.58183780991864 1.5357343286050695e-11
126.68619216920135 1.6822565813167737e-11
126.79054652848404 1.8491436948398423e-11
126.89490088776674 1.7847629914744136e-11
126.99925524704945 1.5516109000548215e-11
127.10360960633214 1.4767470839790352e-11
127.20796396561485 2.0643839520385025e-11
127.31231832489755 1.2770460813002106e-11
127.41667268418026 1.3387746325040721e-11
127.52102704346295 2.2122371103054344e-11
127.62538140274566 9.673472822135969e-12
127.72973576202835 1.3724666384314718e-11
127.83409012131106 2.1091262657471643e-11
127.93844448059376 7.378756623526938e-12
128.04279883987647 1.444185845150141e-11
128.14715319915916 1.7667203981671943e-11
128.25150755844186 6.640155133846448e-12
128.35586191772458 1.4112760019548726e-11
128.4602162770073 1.3610880535875438e-11
128.56457063629 7.503472500464024e-12
128.6689249955727 1.2293781435191043e-11
128.7732793548554 1.0650861843131583e-11
128.8776337141381 9.316754442755997e-12
128.9819880734208 9.388223978142098e-12
129.0863424327035 9.731837372342535e-12
129.1906967919862 1.0964221661849318e-11
129.29505115126892 6.393678831605203e-12
129.39940551055162 1.049065272855646e-11
129.5037598698343 1.1418478103737549e-11
129.608114229117 4.257537895621559e-12
129.71246858839973 1.1536145675663906e-11
129.81682294768243 1.0386527603894985e-11
129.92117730696512 3.31715849931266e-12
130.02553166624782 1.1505486162594209e-11
130.12988602553054 8.192632468920167e-12
130.23424038481323 3.405389564838642e-12
130.33859474409593 9.816086892184453e-12
130.44294910337862 5.9234938022720386e-12
130.54730346266132 3.979846527138835e-12
130.65165782194404 6.892991188856952e-12
130.75601218122677 4.4599344182761405e-12
130.86036654050946 4.5919424099199285e-12
130.96472089979216 3.832250871652583e-12
131.06907525907488 4.048354879216571e-12
131.17342961835757 4.923663001185758e-12
131.27778397764027 1.663355768129063e-12
131.38213833692296 4.321728183531012e-12
131.4864926962057 4.660973395941582e-12
131.59084705548838 6.639137753773892e-13
131.69520141477108 4.503026675076805e-12
131.79955577405377 3.876252226154534e-12
131.90391013333647 4.2066045035656276e-13
132.0082644926192 4.013909801656681e-12
132.11261885190189 2.742773051384575e-12
132.21697321118458 4.529281207961683e-13
132.32132757046728 2.8697889935619914e-12
132.42568192975 1.6696705712190071e-12
132.5300362890327 5.478018255510894e-13
132.6343906483154 1.5848374247875088e-12
132.73874500759808 1.0857323287657862e-12
132.8430993668808 7.796499444362019e-13
132.9474537261635 6.619510677335915e-13
133.05180808544623 1.1437163229931863e-12
133.15616244472892 1.279444266837433e-12
133.26051680401162 2.264833660741585e-13
133.36487116329434 1.7029783843433335e-12
133.46922552257703 1.9238357476190672e-12
133.57357988185973 9.920927930724771e-14
133.67793424114242 2.426682037185625e-12
133.78228860042515 2.4629662924035237e-12
133.88664295970784 8.164228860877552e-14
133.99099731899054 3.0338448513363037e-12
134.09535167827323 2.636923293933132e-12
134.19970603755596 2.418911192673228e-13
134.30406039683865 3.3351999650583248e-12
134.40841475612135 2.4558857029057828e-12
134.51276911540404 8.969808963393099e-13
134.61712347468676 3.2885459114470445e-12
134.72147783396946 2.2778175403091553e-12
134.82583219325215 2.28019271557524e-12
134.93018655253485 2.957494259042079e-12
135.03454091181757 2.5489113857273017e-12
135.13889527110027 4.2768274854941765e-12
135.24324963038296 2.4523099190584825e-12
135.34760398966569 3.5777968749881583e-12
135.45195834894838 6.286393289875497e-12
135.5563127082311 2.022702950567682e-12
135.6606670675138 5.207111840173099e-12
135.7650214267965 7.61323054673813e-12
135.8693757860792 1.9373691749793134e-12
135.9737301453619 6.8010886613710565e-12
136.0780845046446 7.866206209201441e-12
136.1824388639273 2.5149984774027565e-12
136.28679322321 7.59597595397081e-12
136.3911475824927 7.271529757806361e-12
136.49550194177542 3.961079251254155e-12
136.5998563010581 7.337876294678338e-12
136.7042106603408 6.832638947463552e-12
136.8085650196235 6.067934143998896e-12
136.91291937890622 6.353752314592388e-12
137.01727373818892 7.570032412793444e-12
137.1216280974716 8.33378516572295e-12
137.2259824567543 5.185336785880095e-12
137.33033681603703 9.73613420415979e-12
137.43469117531973 1.005598537995263e-11
137.53904553460242 4.586621744616528e-12
137.64339989388515 1.2568213558384984e-11
137.74775425316784 1.0728510259848344e-11
137.85210861245056 5.038823890460353e-12
137.95646297173326 1.4847115099982453e-11
138.06081733101595 1.060047764972337e-11
138.16517169029865 6.592790007203847e-12
138.26952604958137 1.5638584305722065e-11
138.37388040886407 1.0505267998544422e-11
138.47823476814676 8.936647590152698e-12
138.58258912742946 1.4783832078898537e-11
138.68694348671218 1.139328172121185e-11
138.79129784599488 1.119724457505275e-11
138.89565220527757 1.3036452294718596e-11
139.00000656456027 1.3626055372449307e-11
139.104360923843 1.2528244899998859e-11
139.20871528312568 1.140415544036855e-11
139.31306964240838 1.6691851446688134e-11
139.41742400169107 1.2629265147596452e-11
139.5217783609738 1.0863750253888066e-11
139.6261327202565 1.9317807450938656e-11
139.7304870795392 1.1687020877081517e-11
139.8348414388219 1.1665901659135518e-11
139.9391957981046 2.025426737191577e-11
140.04355015738733 1.0472192399808182e-11
140.14790451667002 1.3117140821725774e-11
140.25225887595272 1.9204000154913494e-11
140.35661323523541 9.977484777899272e-12
140.46096759451814 1.4370469596775969e-11
140.56532195380083 1.6826000409805176e-11
140.66967631308353 1.088271816863194e-11
140.77403067236622 1.470851847040422e-11
140.87838503164892 1.457885342313508e-11
140.98273939093164 1.2968106392804352e-11
141.08709375021434 1.3735924331401366e-11
141.19144810949703 1.361286332659216e-11
141.29580246877973 1.5338008001161267e-11
141.40015682806245 1.1876271635667773e-11
141.50451118734514 1.4222727669600019e-11
141.60886554662784 1.694074820995932e-11
141.71321990591053 1.0109647782426966e-11
141.81757426519326 1.592684092337294e-11
141.92192862447595 1.7039955521553836e-11
142.02628298375865 9.289129102891483e-12
142.13063734304137 1.7397772988038296e-11
142.23499170232407 1.5801271481354703e-11
142.3393460616068 9.70377526895833e-12
142.44370042088948 1.7377537040760716e-11
142.54805478017218 1.392210399978297e-11
142.65240913945487 1.113424727333434e-11
142.7567634987376 1.5630812819544413e-11
142.8611178580203 1.2462136183633553e-11
142.965472217303 1.2831326841072296e-11
143.06982657658568 1.2825431947220011e-11
143.1741809358684 1.2181227813614906e-11
143.2785352951511 1.3843378331639768e-11
143.3828896544338 9.952666115510617e-12
143.4872440137165 1.2743623392167069e-11
143.59159837299921 1.3623221330748635e-11
143.6959527322819 7.921030670690092e-12
143.8003070915646 1.3215041252708305e-11
143.9046614508473 1.2035539190291486e-11
144.00901581013002 7.135970531313796e-12
144.11337016941272 1.2818488250073637e-11
144.2177245286954 9.853053897890536e-12
144.3220788879781 7.321784292099152e-12
144.42643324726083 1.1172989723127336e-11
144.53078760654356 8.124007354934397e-12
144.63514196582625 7.943538284697475e-12
144.73949632510895 8.635440623676987e-12
144.84385068439164 7.414656282144678e-12
144.94820504367436 8.375858092300029e-12
145.05255940295706 6.1078806042479626e-12
145.15691376223975 7.743754170266962e-12
145.26126812152245 8.093450868649701e-12
145.36562248080517 4.327297974467696e-12
145.46997684008787 8.48036197617936e-12
145.57433119937056 7.1379942828092656e-12
145.67868555865326 3.5204811752886443e-12
145.78303991793595 8.716395740285732e-12
145.88739427721868 5.828898289906562e-12
145.99174863650137 3.4529134797440267e-12
146.09610299578407 7.899765154983917e-12
146.20045735506676 4.583312272606533e-12
146.30481171434948 3.6377905041500216e-12
146.40916607363218 6.1873859588466935e-12
146.51352043291487 3.898534926542838e-12
146.61787479219757 3.665686739629273e-12
146.7222291514803 4.164217832466963e-12
146.82658351076302 3.87790521536777e-12
146.9309378700457 3.4352495124645008e-12
147.0352922293284 2.517796435548487e-12
147.1396465886111 4.1798038941341895e-12
147.24400094789382 2.859083336849544e-12
147.34835530717652 1.5531242626172698e-12
147.4527096664592 4.412181801431883e-12
147.5570640257419 2.11377848969728e-12
147.66141838502463 1.13397849365669e-12
147.76577274430733 4.264930220070265e-12
147.87012710359002 1.5013916854398569e-12
147.97448146287272 9.802198182394352e-13
148.07883582215544 3.5676141606536133e-12
148.18319018143814 1.066991322524626e-12
148.28754454072083 8.27638379768706e-13
148.39189890000353 2.51092141626686e-12
148.49625325928625 8.779776370009695e-13
148.60060761856894 6.03950079753199e-13
148.70496197785164 1.4254473867857254e-12
148.80931633713433 9.935277937528873e-13
148.91367069641706 5.462447970038875e-13
149.01802505569978 6.713732215101127e-13
149.12237941498248 1.4651513203228813e-12
149.22673377426517 7.896974832205526e-13
149.33108813354787 3.826679556527364e-13
149.4354424928306 2.268411897100451e-12
149.53979685211328 1.2389284618254895e-12
149.64415121139598 3.520033570930294e-13
149.74850557067867 3.141969662206739e-12
149.8528599299614 1.7282026324811078e-12
149.9572142892441 3.383205804859442e-13
150.0615686485268 3.608908374353642e-12
150.16592300780948 1.9758622252302455e-12
150.27027736709218 3.421601215990894e-13
150.3746317263749 3.5932454346292015e-12
150.4789860856576 2.180013615177476e-12
150.5833404449403 4.92576608080342e-13
150.68769480422299 3.2347869507670283e-12
150.7920491635057 2.88788179298023e-12
150.8964035227884 9.300158019525509e-13
151.0007578820711 2.521468696200291e-12
151.1051122413538 4.334115468328927e-12
151.20946660063652 1.9110054437056206e-12
151.31382095991924 1.9105208049328886e-12
151.41817531920194 6.08508108498346e-12
151.52252967848463 2.9737099335077592e-12
151.62688403776733 1.8900579560254588e-12
151.73123839705005 7.676608823486304e-12
151.83559275633274 3.4530514423289097e-12
151.93994711561544 2.403832038601881e-12
152.04430147489813 9.0153547936062e-12
152.14865583418086 3.6289219971052364e-12
152.25301019346355 3.047632276551183e-12
152.35736455274625 9.387541037808812e-12
152.46171891202894 4.017544834371521e-12
152.56607327131167 3.679362149168484e-12
152.67042763059436 8.47215221514521e-12
152.77478198987706 4.837484941630722e-12
152.87913634915975 4.46058657294996e-12
152.98349070844247 7.338192199336004e-12
153.08784506772517 6.263809535434143e-12
153.19219942700786 5.000007472819633e-12
153.29655378629056 6.920178486416995e-12
153.40090814557328 8.272448566860132e-12
153.505262504856 5.0028819009807875e-12
153.6096168641387 7.38035240391848e-12
153.7139712234214 1.0255734585802893e-11
153.8183255827041 4.825229903979577e-12
153.92267994198681 8.580534203441366e-12
154.0270343012695 1.1434590416377425e-11
154.1313886605522 4.832280462428994e-12
154.2357430198349 1.0174109909124277e-11
154.34009737911762 1.1726966744532552e-11
154.44445173840032 5.427671378358228e-12
154.548806097683 1.1279610417116567e-11
154.6531604569657 1.1442044764629677e-11
154.7575148162484 6.905501750556868e-12
154.86186917553113 1.1300360133984134e-11
154.96622353481382 1.1051367889692945e-11
155.07057789409652 9.00724372735346e-12
155.1749322533792 1.0485592842539259e-11
155.27928661266193 1.1317253619387114e-11
155.38364097194463 1.1173011159245524e-11
155.48799533122732 9.253331000793336e-12
155.59234969051002 1.2414741542313583e-11
155.69670404979274 1.2739141574774284e-11
155.80105840907547 8.235798760633476e-12
155.90541276835816 1.367319011447279e-11
156.00976712764086 1.3092023144565629e-11
156.11412148692355 7.976011508590973e-12
156.21847584620627 1.4418487615240925e-11
156.32283020548897 1.235699298611901e-11
156.42718456477166 8.570897463125235e-12
156.53153892405436 1.4237096040147804e-11
156.63589328333708 1.1454798804977158e-11
156.74024764261978 9.7729406469804e-12
156.84460200190247 1.288727658636595e-11
156.94895636118517 1.1014078506405499e-11
157.0533107204679 1.1019786524183802e-11
157.1576650797506 1.1011358145093744e-11
157.26201943903328 1.1457737764801991e-11
157.36637379831598 1.1707887329654554e-11
157.4707281575987 9.38603298844302e-12
157.5750825168814 1.2714439263218879e-11
157.6794368761641 1.1640873914779377e-11
157.78379123544678 8.524818344270919e-12
157.8881455947295 1.3935895401246648e-11
157.9924999540122 1.101803615534819e-11
158.09685431329493 8.612213323021467e-12
158.20120867257762 1.4107723585047225e-11
158.30556303186032 1.0095378930807843e-11
158.40991739114304 9.367044221536139e-12
158.51427175042573 1.3219706675155983e-11
158.61862610970843 9.617455808502261e-12
158.72298046899112 1.0185376775561108e-11
158.82733482827385 1.1554118435605244e-11
158.93168918755654 9.911696081194811e-12
159.03604354683924 1.0457493486641173e-11
159.14039790612193 9.66191529336824e-12
159.24475226540463 1.064579965818372e-11
159.34910662468735 9.886183902879122e-12
159.45346098397005 8.308497065673274e-12
159.55781534325274 1.1292527909842932e-11
159.66216970253544 8.52301794416689e-12
159.76652406181816 7.71667394188327e-12
159.87087842110085 1.1407734828003967e-11
159.97523278038355 7.017928271846008e-12
160.07958713966624 7.662714536123899e-12
160.18394149894897 1.0555562365355801e-11
160.28829585823166 5.856998414415546e-12
160.3926502175144 7.661669127997264e-12
160.49700457679708 8.893324376308834e-12
160.60135893607978 5.279776407997639e-12
160.7057132953625 7.28539045384373e-12
160.8100676546452 7.146537240499984e-12
160.9144220139279 5.3927839890179744e-12
161.01877637321059 6.3367722671001484e-12
161.1231307324933 5.788521084009981e-12
161.227485091776 5.8389180750553355e-12
161.3318394510587 5.007940357314758e-12
161.4361938103414 5.0962595666122784e-12
161.54054816962412 6.1045590703456464e-12
161.6449025289068 3.693524685061581e-12
161.7492568881895 5.007736514568615e-12
161.8536112474722 5.911307202836687e-12
161.95796560675493 2.7249632647976363e-12
162.06231996603762 5.02840313301844e-12
162.16667432532032 5.18252500011228e-12
162.271028684603 2.260424483647079e-12
162.37538304388573 4.740762015854229e-12
162.47973740316843 4.116054263365811e-12
162.58409176245115 2.2033210963219505e-12
162.68844612173385 3.983139962019255e-12
162.79280048101654 3.1178124720876698e-12
162.89715484029927 2.3642593267453635e-12
163.00150919958196 2.8586124663892593e-12
163.10586355886466 2.4485577717723357e-12
163.21021791814735 2.6045109870154357e-12
163.31457227743007 1.7635206968105006e-12
163.41892663671277 2.1324405065922717e-12
163.52328099599546 2.7000611240715588e-12
163.62763535527816 9.787373091616162e-13
163.73198971456088 2.0041464142146013e-12
163.83634407384358 2.5094815556853444e-12
163.94069843312627 5.211907543904435e-13
164.04505279240897 1.8337716400144157e-12
164.14940715169166 2.0931607224087093e-12
164.25376151097439 3.4449639573163115e-13
164.35811587025708 1.508596300214187e-12
164.46247022953978 1.5534609881566072e-12
164.56682458882247 3.5951107256671905e-13
164.6711789481052 1.109033708970259e-12
164.7755333073879 1.0784624271033412e-12
164.8798876666706 4.985049192794822e-13
164.9842420259533 7.50228313923098e-13
165.088596385236 7.879149294685468e-13
165.19295074451873 7.664728353268937e-13
165.29730510380142 5.260459297034565e-13
165.40165946308412 7.189861178633854e-13
165.5060138223668 1.12807000704097e-12
165.61036818164953 4.4204715603091027e-13
165.71472254093223 8.804544544992976e-13
165.81907690021492 1.4887848889405056e-12
165.92343125949762 4.1595489537145086e-13
166.02778561878034 1.2154238761547658e-12
166.13213997806304 1.781941296376131e-12
166.23649433734573 4.69087408456533e-13
166.34084869662843 1.5834782277443024e-12
166.44520305591115 1.8990448870098478e-12
166.54955741519385 7.198580550027082e-13
166.65391177447654 1.9275210357074257e-12
166.75826613375924 1.885869422869957e-12
166.86262049304196 1.3017504993281838e-12
166.96697485232465 2.2209851708899397e-12
167.07132921160735 1.954167257108813e-12
167.17568357089007 2.238130078540534e-12
167.28003793017277 2.3317647276149094e-12
167.3843922894555 2.2645274416133818e-12
167.48874664873819 3.3741963031082364e-12
167.59310100802088 2.300702822179978e-12
167.69745536730358 2.910644045776949e-12
167.8018097265863 4.4395504310417606e-12
167.906164085869 2.314102444629892e-12
168.0105184451517 3.821298284651447e-12
168.11487280443438 5.161149170407113e-12
168.2192271637171 2.5516012035725523e-12
168.3235815229998 4.673394651327111e-12
168.4279358822825 5.359324221134155e-12
168.5322902415652 3.154093580653155e-12
168.6366446008479 5.181749008243963e-12
168.7409989601306 5.241728614398797e-12
168.8453533194133 4.166926837627064e-12
168.949707678696 5.2853534271551535e-12
169.0540620379787 5.330305801483788e-12
169.15841639726142 5.4565763108833454e-12
169.2627707565441 4.994997550280469e-12
169.3671251158268 5.896063787429897e-12
169.47147947510953 6.683082045899239e-12
169.57583383439223 4.56099802311328e-12
169.68018819367495 6.860344847986079e-12
169.78454255295765 7.487989505261779e-12
169.88889691224034 4.44318323420231e-12
169.99325127152304 8.04507377946107e-12
170.09760563080576 7.7808396736879e-12
170.20195999008845 4.89172047917222e-12
170.30631434937115 9.045794329658397e-12
170.41066870865384 7.76836564019641e-12
170.51502306793657 5.836287986192978e-12
170.61937742721926 9.351360435352415e-12
170.72373178650196 7.84416410363172e-12
170.82808614578465 7.100834135373039e-12
170.93244050506738 9.004671991708296e-12
171.03679486435007 8.431591744269587e-12
171.14114922363277 8.369055364161818e-12
171.24550358291546 8.441133819758174e-12
171.34985794219818 9.587562289597135e-12
171.45421230148088 9.127908399786264e-12
171.55856666076357 7.969069506546343e-12
171.6629210200463 1.093741831047292e-11
171.767275379329 9.162608472202237e-12
171.87162973861172 7.890295502439227e-12
171.9759840978944 1.20045627720253e-11
172.0803384571771 8.785364532542427e-12
172.1846928164598 8.36416491364629e-12
172.28904717574252 1.2335237955648655e-11
172.39340153502522 8.395708961929532e-12
172.49775589430791 9.093485738372174e-12
172.6021102535906 1.1723399925458048e-11
172.70646461287333 8.295066466557547e-12
172.81081897215603 9.615488741295095e-12
172.91517333143872 1.056807002148445e-11
173.01952769072142 8.754243607444617e-12
173.1238820500041 9.663789214158342e-12
173.22823640928684 9.52341588079884e-12
173.33259076856953 9.692445131765093e-12
173.43694512785223 9.163682171756723e-12
173.54129948713492 8.95218931759462e-12
173.64565384641764 1.0563550786913534e-11
173.75000820570034 8.265094285667237e-12
173.85436256498303 8.979244762969284e-12
173.95871692426576 1.0906428451371468e-11
174.06307128354848 7.424531727063177e-12
174.16742564283118 9.454457170388627e-12
174.27178000211387 1.0631692169033774e-11
174.37613436139657 7.067745700053233e-12
174.48048872067926 9.803993110261874e-12
174.58484307996198 9.804748558399508e-12
174.68919743924468 7.26450142245618e-12
174.79355179852737 9.571343520066811e-12
174.89790615781007 8.761505846350863e-12
175.0022605170928 7.855340237091272e-12
175.1066148763755 8.758808173430701e-12
175.21096923565818 8.061825288257907e-12
175.31532359494088 8.517880389334168e-12
175.4196779542236 7.54425336449245e-12
175.5240323135063 7.854076835427248e-12
175.628386672789 8.797538391940205e-12
175.7327410320717 6.260540166429741e-12
175.8370953913544 7.855546831693847e-12
175.9414497506371 8.40809625113201e-12
176.0458041099198 5.325168602904056e-12
176.1501584692025 7.778691158731055e-12
176.25451282848522 7.471275514139721e-12
176.35886718776794 4.901777495830668e-12
176.46322154705064 7.317777479926332e-12
176.56757590633333 6.332647385597998e-12
176.67193026561603 4.833038423329267e-12
176.77628462489875 6.299852296905384e-12
176.88063898418145 5.33599968048965e-12
176.98499334346414 4.887645545103587e-12
177.08934770274684 4.981221385153726e-12
177.19370206202956 4.7828261455872095e-12
177.29805642131225 4.824924679957542e-12
177.40241078059495 3.751754173976559e-12
177.50676513987764 4.679300557272313e-12
177.61111949916037 4.456348835501592e-12
177.71547385844306 2.8287829631064753e-12
177.81982821772576 4.6927673027457106e-12
177.92418257700845 3.815860522322245e-12
178.02853693629115 2.3126769915552526e-12
178.13289129557387 4.514041147468699e-12
178.23724565485657 3.079665507493623e-12
178.34160001413926 2.151472682363839e-12
178.44595437342196 4.017230118264594e-12
178.5503087327047 2.4518677439851207e-12
178.6546630919874 2.1056273703560977e-12
178.7590174512701 3.2198694345061536e-12
178.8633718105528 2.0733333451322133e-12
178.9677261698355 1.9772594159348478e-12
179.0720805291182 2.3099508480434904e-12
179.1764348884009 1.9580170929127913e-12
179.2807892476836 1.748897763578147e-12
179.3851436069663 1.550133919649232e-12
179.48949796624902 1.990232947610454e-12
179.5938523255317 1.4375343003123648e-12
179.6982066848144 1.0545793224687188e-12
179.8025610440971 1.9989547470870556e-12
179.90691540337983 1.095768318587866e-12
180.01126976266252 7.814496350698944e-13
180.11562412194522 1.8763297901154617e-12
180.2199784812279 8.15726750145024e-13
180.32433284051064 6.559185239749269e-13
180.42868719979333 1.5950670559893506e-12
180.53304155907603 6.344232749464361e-13
180.63739591835872 6.107981910787553e-13
180.74175027764144 1.213172423750947e-12
180.84610463692417 5.532813457334455e-13
180.95045899620686 6.227739849940768e-13
181.05481335548956 8.401460179358476e-13
181.15916771477225 5.901407888162053e-13
181.26352207405498 7.104330482319308e-13
181.36787643333767 5.620488154801074e-13
181.47223079262037 7.766690134497352e-13
181.57658515190306 8.770157109208445e-13
181.68093951118578 4.1152950183441016e-13
181.78529387046848 1.0941349632844257e-12
181.88964822975117 1.0801144826935187e-12
181.99400258903387 3.9105835414474175e-13
182.0983569483166 1.4510485217505437e-12
182.2027113075993 1.2371183878703578e-12
182.30706566688198 5.180841777128162e-13
182.41142002616468 1.7570614626342541e-12
182.51577438544737 1.3432847632481354e-12
182.6201287447301 8.270986378363137e-13
182.7244831040128 1.951988298866753e-12
182.82883746329549 1.5143505394403089e-12
182.93319182257818 1.3232517561101334e-12
183.03754618186093 2.0032048743910927e-12
183.14190054114363 1.883996415976892e-12
183.24625490042632 1.948265556180521e-12
183.35060925970902 1.9771135347111964e-12
183.4549636189917 2.529818080298777e-12
183.55931797827444 2.563690746298935e-12
183.66367233755713 2.017156154927847e-12
183.76802669683983 3.410447101946722e-12
183.87238105612252 3.032821631220224e-12
183.97673541540524 2.239103989395933e-12
184.08108977468794 4.3098508886602395e-12
184.18544413397063 3.3189072285181503e-12
184.28979849325333 2.7143882548148026e-12
184.39415285253605 4.943231332337393e-12
184.49850721181875 3.516518847032761e-12
184.60286157110144 3.441119600014075e-12
184.70721593038414 5.180130552324043e-12
184.81157028966686 3.828602772385566e-12
184.91592464894956 4.265117125221776e-12
185.02027900823225 5.09103631136096e-12
185.12463336751495 4.431032424442995e-12
185.22898772679767 4.943695611385601e-12
185.3333420860804 4.882555493661578e-12
185.4376964453631 5.349037652702488e-12
185.54205080464578 5.324681573771228e-12
185.64640516392848 4.845534571678577e-12
185.7507595232112 6.4072991995542736e-12
185.8551138824939 5.412819598943567e-12
185.9594682417766 5.172136677609279e-12
186.0638226010593 7.298513399303514e-12
186.168176960342 5.374674407376077e-12
186.2725313196247 5.8284833623902925e-12
186.3768856789074 7.769346260511125e-12
186.4812400381901 5.491695798772984e-12
186.58559439747282 6.615462990113681e-12
186.6899487567555 7.795880169320272e-12
186.7943031160382 6.004999103882862e-12
186.8986574753209 7.2470203593484525e-12
187.0030118346036 7.601616173041304e-12
187.10736619388632 6.954268004297542e-12
187.21172055316902 7.491522464032183e-12
187.3160749124517 7.496210230203023e-12
187.4204292717344 8.140803577697321e-12
187.52478363101713 7.345193496156442e-12
187.62913799029985 7.716744539207807e-12
187.73349234958255 9.199333463062601e-12
187.83784670886524 7.000870894328604e-12
187.94220106814797 8.272202526866334e-12
188.04655542743066 9.774972572702129e-12
188.15090978671336 6.730929569519225e-12
188.25526414599605 8.892698807139003e-12
188.35961850527875 9.737488158337012e-12
188.46397286456147 6.770377869537889e-12
188.56832722384416 9.23714718756447e-12
188.67268158312686 9.249786938094525e-12
188.77703594240955 7.181961229999059e-12
188.88139030169228 9.09418731343792e-12
188.98574466097497 8.68314393253023e-12
189.09009902025767 7.795762521399287e-12
189.19445337954036 8.46545891183829e-12
189.2988077388231 8.394880679744899e-12
189.40316209810578 8.309281260345676e-12
189.50751645738848 7.587869715978828e-12
189.61187081667117 8.520678477417356e-12
189.7162251759539 8.476490827573354e-12
189.8205795352366 6.798252351634635e-12
189.9249338945193 8.891430524773728e-12
190.029288253802 8.221386529685526e-12
190.1336426130847 6.383878686067309e-12
190.23799697236743 9.124991808495235e-12
190.34235133165012 7.643897014352958e-12
190.44670569093282 6.448669193079748e-12
190.5510600502155 8.95594242732753e-12
190.65541440949823 6.9798985245291155e-12
190.75976876878093 6.80590550048926e-12
190.86412312806362 8.396458182957925e-12
190.96847748734632 6.545269645196592e-12
191.07283184662904 7.059947787715447e-12
191.17718620591174 7.548870169546027e-12
191.28154056519443 6.531253523843261e-12
191.38589492447713 6.944225442319715e-12
191.49024928375985 6.592879858523145e-12
191.59460364304255 6.787060212249072e-12
191.69895800232524 6.4832005362303436e-12
191.80331236160794 5.818224436619754e-12
191.90766672089063 6.92940237167341e-12
192.01202108017335 5.773314217113871e-12
192.11637543945605 5.400155414394876e-12
192.22072979873877 6.679444911028586e-12
192.32508415802147 4.970378165408412e-12
192.4294385173042 5.236712668052e-12
192.5337928765869 6.000743406677773e-12
192.63814723586958 4.32998626022783e-12
192.74250159515228 5.0774588500324565e-12
192.84685595443497 5.021514442943041e-12
192.9512103137177 4.001684368287828e-12
193.0555646730004 4.739132280544379e-12
193.15991903228309 3.983067760650612e-12
193.26427339156578 3.934636958962461e-12
193.3686277508485 4.169945156215377e-12
193.4729821101312 3.142637544202477e-12
193.5773364694139 3.9483025127517435e-12
193.6816908286966 3.4595229295417033e-12
193.7860451879793 2.608680113203535e-12
193.890399547262 3.833644446162596e-12
193.9947539065447 2.778684719334436e-12
194.0991082658274 2.312921863809049e-12
194.20346262511012 3.455544529461593e-12
194.30781698439282 2.2665665603128857e-12
194.41217134367554 2.106007808689139e-12
194.51652570295823 2.8422107138688715e-12
194.62088006224093 1.9908075734706423e-12
194.72523442152365 1.8546877258556214e-12
194.82958878080635 2.1644033168455197e-12
194.93394314008904 1.9379787344936095e-12
195.03829749937174 1.513290337361862e-12
195.14265185865446 1.593887610132189e-12
195.24700621793716 2.0296273856813075e-12
195.35136057721985 1.1348257237155132e-12
195.45571493650255 1.2088671253346572e-12
195.56006929578527 2.1463543510769655e-12
195.66442365506796 8.144214708299262e-13
195.76877801435066 9.786523971578289e-13
195.87313237363335 2.1640310683301287e-12
195.97748673291608 6.066451195653055e-13
196.08184109219877 8.110232802150859e-13
196.18619545148147 2.020485404897785e-12
196.29054981076416 5.083611754178444e-13
196.39490417004686 6.347060048847998e-13
196.49925852932958 1.7443343365070262e-12
196.60361288861228 5.129988778659937e-13
196.707967247895 4.408242775475647e-13
196.8123216071777 1.4199831924504718e-12
196.91667596646042 6.367454118369627e-13
197.0210303257431 2.809073677495988e-13
197.1253846850258 1.135680338807535e-12
197.2297390443085 9.097425291559452e-13
197.3340934035912 2.1869225063815004e-13
197.43844776287392 9.596271205919973e-13
197.54280212215662 1.3413069309252097e-12
197.6471564814393 2.7000023931797526e-13
197.751510840722 9.182810837787756e-13
197.85586520000473 1.880190341433255e-12
197.96021955928742 3.9532956064635115e-13
198.06457391857012 9.84598459563567e-13
198.1689282778528 2.413682556857523e-12
198.27328263713554 5.446652982050772e-13
198.37763699641823 1.1000883688011599e-12
198.48199135570093 2.81899802043891e-12
198.58634571498362 7.263684090297173e-13
198.69070007426635 1.2007672444457762e-12
198.79505443354904 3.0472859322627574e-12
198.89940879283174 1.033360933904271e-12
199.00376315211446 1.2461715567364888e-12
199.10811751139715 3.161049760390073e-12
199.21247187067988 1.5890584229454754e-12
199.31682622996257 1.2430397917863855e-12
199.42118058924527 3.3075228341207596e-12
199.52553494852796 2.4377849340897534e-12
199.62988930781069 1.229181344937832e-12
199.73424366709338 3.627376836172959e-12
199.83859802637608 3.4653247965278734e-12
199.94295238565877 1.2503423588529175e-12
