0.0 0.0
0.10435435928270291 5.968026084124088e-09
0.20870871856540582 5.1761561165919646e-08
0.3130630778481087 9.111983566568652e-08
0.41741743713081164 4.114318108938997e-07
0.5217717964135146 3.8846836478599815e-06
0.6261261556962174 0.0003843608145551273
0.7304805149789203 0.0034758994117417828
0.8348348742616233 0.008474948176225891
0.9391892335443263 0.006547852721494195
1.0435435928270291 0.0011663466019738074
1.1478979521097321 1.0952220256945686e-06
1.2522523113924349 1.1586524895353321e-05
1.3566066706751378 4.4161850197406364e-06
1.4609610299578406 2.327770856964897e-07
1.5653153892405436 1.4696993577240996e-06
1.6696697485232466 5.177657741274014e-07
1.7740241078059495 1.959164500895537e-07
1.8783784670886525 3.3942625189291357e-07
1.9827328263713553 1.7886226944459468e-07
2.0870871856540583 4.491168400481996e-07
2.1914415449367612 2.6198070979976676e-07
2.2957959042194642 2.3875840126555534e-06
2.400150263502167 5.019113780959459e-06
2.5045046227848697 3.798206674171633e-06
2.6088589820675727 3.464308884698418e-06
2.7132133413502757 2.161606446364956e-06
2.8175677006329787 2.6430637331853467e-07
2.921922059915681 4.24267426071722e-08
3.026276419198384 7.540270737228273e-08
3.130630778481087 1.3811728083006603e-08
3.23498513776379 2.029067973115307e-08
3.339339497046493 2.47278302395645e-08
3.4436938563291957 1.0985711458323166e-08
3.548048215611899 3.293814473397279e-08
3.6524025748946016 2.2762090046324984e-08
3.756756934177305 1.0278741358801112e-08
3.8611112934600076 2.5117486598645037e-08
3.9654656527427106 4.5156356909307834e-08
4.0698200120254135 2.2498210539992922e-08
4.1741743713081165 8.211103621403563e-09
4.2785287305908195 2.8998288542006164e-08
4.3828830898735225 1.3418753882539233e-08
4.4872374491562255 1.4195262345709706e-08
4.5915918084389284 7.041387459420972e-09
4.6959461677216305 4.11388026882074e-09
4.800300527004334 2.4344812395737138e-08
4.9046548862870365 7.251937980884363e-09
5.0090092455697395 6.898721049424297e-09
5.1133636048524425 1.514308480981404e-08
5.217717964135145 4.404681760298238e-09
5.322072323417848 7.0802924301460185e-09
5.426426682700551 8.556581045033149e-09
5.530781041983254 2.0548277474973528e-09
5.635135401265957 5.408354770593866e-09
5.73948976054866 6.3398252199108955e-09
5.843844119831362 2.1881014764977718e-09
5.948198479114066 5.466788334581281e-09
6.052552838396768 4.4325342831188024e-09
6.156907197679472 1.2883956795901477e-09
6.261261556962174 4.219990810862525e-09
6.365615916244878 5.100062194139389e-09
6.46997027552758 5.126257225583354e-10
6.574324634810284 2.950234197331954e-09
6.678678994092986 6.606040393732767e-09
6.783033353375689 2.644416913454543e-10
6.887387712658391 2.3821377936433808e-09
6.991742071941095 1.1272164838557831e-08
7.096096431223798 5.199331626050882e-11
7.200450790506501 2.177936031205309e-09
7.304805149789203 1.7793065503023297e-08
7.409159509071906 3.694134302255311e-10
7.51351386835461 2.0846114092251875e-09
7.617868227637313 2.3524383580966865e-08
7.722222586920015 9.609276150444497e-10
7.826576946202718 2.452829318303072e-09
7.930931305485421 2.9513492746165103e-08
8.035285664768125 1.8201388208830585e-09
8.139640024050827 3.2725428027636824e-09
8.24399438333353 3.431460537759114e-08
8.348348742616233 3.0675552355063095e-09
8.452703101898935 3.2927115450195625e-09
8.557057461181639 3.231624065942307e-08
8.661411820464341 2.5642221135920018e-09
8.765766179747045 4.051216144609244e-09
8.870120539029747 2.4724249018126624e-08
8.974474898312451 9.430592132553838e-10
9.078829257595153 7.484923973008831e-09
9.183183616877857 1.7543916252372793e-08
9.287537976160559 4.802261769702715e-10
9.391892335443261 9.49030109213068e-09
9.496246694725965 8.021272438364472e-09
9.600601054008669 2.393443706560422e-09
9.704955413291371 1.2254564160680785e-08
9.809309772574073 2.7286528599032513e-09
9.913664131856777 8.804126423357388e-09
10.018018491139479 1.2322495430064047e-08
10.122372850422183 7.647135325643589e-09
10.226727209704885 2.6265244580434345e-08
10.331081568987589 1.6893385971467574e-08
10.43543592827029 4.476020377475267e-08
10.539790287552993 7.762565133937873e-08
10.644144646835697 4.3532255394160245e-08
10.7484990061184 1.29989120031933e-07
10.852853365401103 1.6869054384839545e-07
10.957207724683805 9.570545028554003e-08
11.061562083966509 2.740819190380901e-07
11.165916443249213 3.0147021940243897e-07
11.270270802531915 1.6829963921150172e-07
11.374625161814617 4.3169652190179025e-07
11.47897952109732 3.9021235504923015e-07
11.583333880380025 1.629355521737747e-07
11.687688239662725 4.7044724087404364e-07
11.792042598945429 3.3623608778975557e-07
11.896396958228133 1.639608485470759e-07
12.000751317510835 6.29777241313722e-07
12.105105676793537 3.6919183524698366e-07
12.20946003607624 3.545443133753839e-07
12.313814395358945 1.0143406269731817e-06
12.418168754641647 6.032137200468906e-07
12.522523113924349 9.98494808973824e-07
12.626877473207053 2.1197522131725027e-06
12.731231832489756 1.5599488329040707e-06
12.835586191772459 2.2119619442703604e-06
12.93994055105516 3.498751878055499e-06
13.044294910337864 2.266553300007386e-06
13.148649269620568 2.3317621820463434e-06
13.253003628903269 3.1740159442771876e-06
13.357357988185973 1.5908181369711595e-06
13.461712347468676 1.2509987309625981e-06
13.566066706751378 1.7629956792238043e-06
13.67042106603408 6.659716270675074e-07
13.774775425316783 1.684047020596075e-07
13.879129784599488 6.322471270118605e-07
13.98348414388219 1.9020889853089387e-06
14.087838503164894 2.648749502979604e-06
14.192192862447596 3.2540923813387697e-06
14.296547221730298 7.406307522872162e-06
14.400901581013002 8.61824018654761e-06
14.505255940295704 6.464597337485428e-06
14.609610299578407 9.83553495345021e-06
14.71396465886111 1.0323068771709392e-05
14.818319018143812 6.088408434808223e-06
14.922673377426518 7.5310797871297615e-06
15.02702773670922 7.987653110257455e-06
15.131382095991922 4.653917560296281e-06
15.235736455274626 4.765215677317017e-06
15.340090814557328 1.4591916250895642e-05
15.44444517384003 3.373964232898981e-05
15.548799533122734 4.717096520141965e-05
15.653153892405436 7.639541289563281e-05
15.757508251688138 0.00012800984769309787
15.861862610970842 0.00014704270714625811
15.966216970253544 0.00017665978131191874
16.07057132953625 0.0002580056334687972
16.174925688818952 0.00029835791400878886
16.279280048101654 0.00034001074009249864
16.38363440738436 0.0004294717961222273
16.48798876666706 0.0004154339995016037
16.59234312594976 0.00034518486577562595
16.696697485232466 0.00032040994837696373
16.801051844515168 0.0002218552294034748
16.90540620379787 0.00011511623552704092
17.009760563080576 8.967186774717692e-05
17.114114922363278 4.578216218064686e-05
17.21846928164598 3.937018070867789e-05
17.322823640928682 5.638192400693282e-05
17.427178000211384 7.894045732244936e-05
17.53153235949409 0.00029819977603252055
17.635886718776792 0.0006082169685307736
17.740241078059494 0.001016884690271525
17.8445954373422 0.0016129662630578574
17.948949796624902 0.001906859868879196
18.053304155907604 0.0021360710003088435
18.157658515190306 0.0027979736627063993
18.262012874473008 0.003108052798714307
18.366367233755714 0.003219993123749276
18.470721593038416 0.0037701668189834454
18.575075952321118 0.003919886964116399
18.679430311603824 0.004344634553158809
18.783784670886522 0.005607953608805203
18.888139030169224 0.0053775118046581845
18.99249338945193 0.0036547028924669594
19.096847748734632 0.002285212384953338
19.201202108017338 0.0014752665884222133
19.30555646730004 0.002535601922098649
19.409910826582742 0.004050197995489944
19.514265185865444 0.002457071243704066
19.618619545148146 0.0005215856739835057
19.722973904430848 0.0005319189622641624
19.827328263713554 0.0011546648121263778
19.931682622996256 0.0033415371904107743
20.036036982278958 0.003092671062797752
20.140391341561664 0.0005956721060977022
20.244745700844366 0.005923481133265665
20.349100060127068 0.010229592769976207
20.45345441940977 0.003217248333989428
20.557808778692472 0.006077634394630096
20.662163137975178 0.020095532916443275
20.76651749725788 0.018152756561533194
20.87087185654058 0.009739405945553207
20.975226215823287 0.015479785706963626
21.079580575105986 0.023578547170698495
21.18393493438869 0.028525561213703237
21.288289293671394 0.03301084829259543
21.392643652954096 0.0326730343374947
21.4969980122368 0.03716317603689103
21.601352371519503 0.048417219882498905
21.705706730802206 0.05373993731495514
21.810061090084908 0.059667963175913254
21.91441544936761 0.07146685138743739
22.018769808650312 0.08272658670330928
22.123124167933018 0.09283296556866445
22.22747852721572 0.09214110293532504
22.331832886498425 0.08808668820859131
22.436187245781127 0.10183291633936785
22.54054160506383 0.10321923017483162
22.64489596434653 0.08273190435791486
22.749250323629234 0.09422910970353816
22.853604682911936 0.11415843130573158
22.95795904219464 0.08627936512494119
23.062313401477343 0.06505397541641043
23.16666776076005 0.07998041066210021
23.27102212004275 0.07344366158518643
23.37537647932545 0.05932524103073079
23.479730838608155 0.0733425343495491
23.584085197890857 0.07489114391996625
23.68843955717356 0.06050330512586696
23.792793916456265 0.06918275539095964
23.897148275738967 0.0833252364248339
24.00150263502167 0.07903835062717059
24.10585699430437 0.06998199441314423
24.210211353587074 0.06805284076984111
24.31456571286978 0.07938147939485152
24.41892007215248 0.09500708958319842
24.523274431435183 0.09125180345017576
24.62762879071789 0.07321814584917984
24.73198315000059 0.06286512979317661
24.836337509283293 0.060962302504961506
24.940691868565995 0.06097707220521712
25.045046227848697 0.06029459943072402
25.1494005871314 0.056199268771326694
25.253754946414105 0.04996920428076288
25.358109305696807 0.042630177692531794
25.462463664979513 0.035930705329826826
25.566818024262215 0.03382673513257577
25.671172383544917 0.03202979778731342
25.77552674282762 0.02676582525718699
25.87988110211032 0.025371108055870638
25.984235461393023 0.03014921534895353
26.08858982067573 0.032283925799435204
26.19294417995843 0.026477860104801448
26.297298539241137 0.018995720851551087
26.401652898523835 0.020297916066298317
26.506007257806537 0.028138401849870043
26.610361617089243 0.02899161154597417
26.714715976371945 0.021561927051445558
26.819070335654647 0.017894176681203383
26.923424694937353 0.02169088189475038
27.027779054220055 0.024290599162858657
27.132133413502757 0.01910988242032747
27.23648777278546 0.011583111777279248
27.34084213206816 0.011259867727105412
27.445196491350863 0.0159444473686496
27.549550850633565 0.015777349904275165
27.653905209916275 0.009869852392862132
27.758259569198977 0.0055348078695579075
27.86261392848168 0.006356446911760419
27.96696828776438 0.008870268668544755
28.07132264704708 0.008722219880800897
28.17567700632979 0.00702745944418351
28.28003136561249 0.006960136908374032
28.384385724895193 0.007446115886486731
28.488740084177895 0.006655255061190375
28.593094443460597 0.006323783574386082
28.6974488027433 0.008352713722153583
28.801803162026005 0.011324228010212036
28.906157521308707 0.011643502469599814
29.01051188059141 0.008143335793386665
29.11486623987411 0.004388354455256685
29.219220599156813 0.003715543469323088
29.323574958439522 0.005101550835602109
29.42792931772222 0.005936281192266523
29.532283677004923 0.0051290720893730065
29.636638036287625 0.0033607377568800043
29.740992395570327 0.0019235356809441777
29.845346754853036 0.001199840435911001
29.94970111413574 0.0010713273052523123
30.05405547341844 0.0016609907584590304
30.158409832701143 0.0024850740007701985
30.262764191983845 0.002719825611699413
30.367118551266543 0.0022974633580331687
30.471472910549252 0.0017515416584351097
30.575827269831954 0.001750311575288928
30.680181629114657 0.002396439906494169
30.78453598839736 0.002917330189784123
30.88889034768006 0.002760465505192187
30.993244706962766 0.002116852504206019
31.09759906624547 0.0013470291963378128
31.20195342552817 0.0008206175888760322
31.306307784810873 0.0006973013580589727
31.410662144093575 0.0007177596486900384
31.515016503376277 0.0006287413767226003
31.619370862658986 0.0003972089822727201
31.723725221941685 0.0001216450554747244
31.828079581224387 1.060384008591929e-07
31.93243394050709 8.966869809419536e-05
32.03678829978979 0.00024604567822912447
32.1411426590725 0.00034511160619302367
32.2454970183552 0.00033481333178880313
32.349851377637904 0.0002556410667790458
32.454205736920606 0.00020277034608600944
32.55856009620331 0.00019389518560407117
32.66291445548601 0.0002163487456193465
32.76726881476872 0.00027278337369927424
32.87162317405142 0.00031123447664770505
32.97597753333412 0.0002897481280120668
33.08033189261682 0.0002327039302405823
33.18468625189952 0.0001691477658451236
33.28904061118223 0.00011473727240935687
33.39339497046493 8.592604964911974e-05
33.497749329747634 8.917902072242563e-05
33.602103689030336 0.00011004143453410398
33.70645804831304 0.0001282603075652337
33.81081240759574 0.0001387012592562618
33.91516676687845 0.00013520400020165032
34.01952112616115 0.00011112922493488581
34.123875485443854 8.390818054245314e-05
34.228229844726556 6.779402106527856e-05
34.33258420400926 5.338949398404973e-05
34.43693856329196 3.875129308526252e-05
34.54129292257466 3.065368491585801e-05
34.645647281857364 2.7994066798259324e-05
34.75000164114007 3.1233874728871134e-05
34.85435600042277 4.791145500495197e-05
34.95871035970548 8.589106456940902e-05
35.06306471898818 0.00013770322510482655
35.16741907827088 0.0001826271169906804
35.271773437553584 0.00021067585843206118
35.376127796836286 0.00021914823931527898
35.48048215611899 0.00020224350819758767
35.5848365154017 0.0001722566877123717
35.6891908746844 0.0001479669478734266
35.7935452339671 0.0001248309940603311
35.897899593249804 0.00010006105657793425
36.002253952532506 8.158190935145875e-05
36.10660831181521 6.527940381479803e-05
36.21096267109791 4.7726804921296896e-05
36.31531703038061 3.551434435783387e-05
36.419671389663314 3.065643342167225e-05
36.524025748946016 3.2410818333058024e-05
36.62838010822872 4.219847746747504e-05
36.73273446751143 6.211195113414325e-05
36.83708882679413 9.06605578676927e-05
36.94144318607683 0.00011695311007952905
37.045797545359534 0.00013415728350503258
37.150151904642236 0.00014262280014347276
37.254506263924945 0.00013623229621579204
37.35886062320765 0.0001159175062997419
37.46321498249035 9.456658601580415e-05
37.567569341773044 7.705977361183823e-05
37.671923701055746 6.125051189674062e-05
37.77627806033845 5.0041156387674875e-05
37.88063241962116 4.570959224207586e-05
37.98498677890386 4.439149857795575e-05
38.08934113818656 4.458428853121316e-05
38.193695497469264 5.0238423392003276e-05
38.298049856751966 6.06405860746088e-05
38.402404216034675 7.054830568114514e-05
38.50675857531738 8.111596344630524e-05
38.61111293460008 9.311651216771608e-05
38.71546729388278 9.938826558505615e-05
38.819821653165484 9.708179748445372e-05
38.924176012448186 9.126364158109981e-05
39.02853037173089 8.4101724967558e-05
39.13288473101359 7.356452029234435e-05
39.23723909029629 6.280991508256174e-05
39.341593449578994 5.678165377701325e-05
39.445947808861696 5.308502043174877e-05
39.550302168144405 4.856934089073454e-05
39.65465652742711 4.641569120232469e-05
39.75901088670981 4.8742927979274466e-05
39.86336524599251 5.196566078831424e-05
39.967719605275214 5.6650246778288296e-05
40.072073964557916 6.618304344569081e-05
40.176428323840625 7.580040778214524e-05
40.28078268312333 8.129100704167427e-05
40.38513704240603 8.5917707344335e-05
40.48949140168873 8.807282468844634e-05
40.59384576097143 8.351164673664035e-05
40.698200120254135 7.707116759418013e-05
40.80255447953684 7.370341618473969e-05
40.90690883881954 7.166280657545053e-05
41.01126319810224 6.879547136838655e-05
41.115617557384944 6.633198432489582e-05
41.21997191666765 6.495875395005154e-05
41.324326275950355 6.0412116244706213e-05
41.42868063523306 5.314434402402335e-05
41.53303499451576 4.929149437482409e-05
41.63738935379846 4.7704371045409725e-05
41.74174371308116 4.534085812847613e-05
41.84609807236387 4.547789047826947e-05
41.950452431646575 4.776383302353043e-05
42.05480679092928 4.820403095394825e-05
42.15916115021197 4.8932026269016115e-05
42.263515509494674 5.3097077493631205e-05
42.36786986877738 5.8106553867498444e-05
42.472224228060085 6.210195419853764e-05
42.57657858734279 6.853829769925755e-05
42.68093294662549 7.715043648809497e-05
42.78528730590819 8.162679897977036e-05
42.889641665190894 8.13461992557812e-05
42.9939960244736 7.988648949475494e-05
43.098350383756305 7.554436498597418e-05
43.20270474303901 6.629913160061429e-05
43.30705910232171 5.6653971629436963e-05
43.41141346160441 4.998158736671145e-05
43.51576782088712 4.32955093740161e-05
43.620122180169815 3.641081918715141e-05
43.72447653945252 3.283353153321659e-05
43.82883089873522 3.139918674771716e-05
43.93318525801792 2.9653985853453816e-05
44.037539617300624 3.0252009190788634e-05
44.14189397658333 3.535630918090025e-05
44.246248335866035 4.245213652698378e-05
44.35060269514874 5.1136814513772035e-05
44.45495705443144 6.305564333003617e-05
44.55931141371414 7.410832896128611e-05
44.66366577299685 7.932195071085379e-05
44.76802013227955 8.115440045145456e-05
44.872374491562255 8.149723403060488e-05
44.97672885084496 7.77294303887294e-05
45.08108321012766 7.134627668730308e-05
45.18543756941036 6.643559681361412e-05
45.28979192869306 6.278297381138033e-05
45.394146287975765 5.739616401853847e-05
45.49850064725847 5.132921174282495e-05
45.60285500654117 4.7449323914933523e-05
45.70720936582387 4.3421366779576576e-05
45.81156372510658 3.786371430899715e-05
45.91591808438928 3.4297457184185834e-05
46.020272443671985 3.291121043849095e-05
46.12462680295469 3.1329704358693195e-05
46.22898116223739 3.124866011137033e-05
46.3333355215201 3.410568107385831e-05
46.4376898808028 3.7520237347448065e-05
46.5420442400855 4.090724174778844e-05
46.646398599368204 4.671513752173156e-05
46.7507529586509 5.438285259678971e-05
46.8551073179336 6.061956181995478e-05
46.95946167721631 6.604892838797975e-05
47.06381603649901 7.216288119635284e-05
47.168170395781715 7.592184422942598e-05
47.27252475506442 7.528845870602431e-05
47.37687911434712 7.284548612106766e-05
47.48123347362983 7.015131026124202e-05
47.58558783291253 6.495858592953113e-05
47.68994219219523 5.762688884963864e-05
47.794296551477935 5.147471567679486e-05
47.89865091076064 4.591736377388577e-05
48.00300527004334 3.914752698387123e-05
48.10735962932605 3.279577332915683e-05
48.21171398860874 2.8333057868806855e-05
48.316068347891445 2.4729060520339916e-05
48.42042270717415 2.225657730421355e-05
48.52477706645685 2.3185600578379708e-05
48.62913142573956 2.71919639675108e-05
48.73348578502226 3.2301374008368615e-05
48.83784014430496 3.8902754170391286e-05
48.942194503587665 4.692622770917559e-05
49.04654886287037 5.378777351341804e-05
49.15090322215307 5.911730534934049e-05
49.25525758143578 6.461829304920831e-05
49.35961194071848 6.979689161500497e-05
49.46396630000118 7.264057898105064e-05
49.568320659283884 7.338426159661553e-05
49.672675018566586 7.381695508653141e-05
49.77702937784929 7.254935746019365e-05
49.88138373713199 6.813765623045816e-05
49.98573809641469 6.274259561724726e-05
50.090092455697395 5.724997082125599e-05
50.1944468149801 5.0197489979716605e-05
50.2988011742628 4.197035966491939e-05
50.40315553354551 3.471130216247949e-05
50.50750989282821 2.8755714391296833e-05
50.61186425211091 2.3243356761234532e-05
50.716218611393614 1.9229428302831527e-05
50.82057297067632 1.7866469122300998e-05
50.924927329959026 1.8436645410568113e-05
51.02928168924173 2.080695964428024e-05
51.13363604852443 2.6156995462296698e-05
51.23799040780713 3.405164004040414e-05
51.342344767089834 4.249763770462974e-05
51.446699126372536 5.084188250695162e-05
51.55105348565524 5.917676348458267e-05
51.65540784493794 6.564308287975735e-05
51.75976220422064 6.886320827239024e-05
51.864116563503345 7.061856239118e-05
51.96847092278605 7.174711935624286e-05
52.072825282068756 7.108896386883346e-05
52.17717964135146 6.88304278003221e-05
52.28153400063416 6.651272516618164e-05
52.38588835991686 6.419870179488352e-05
52.490242719199564 6.024605558964421e-05
52.59459707848227 5.503160671176216e-05
52.698951437764975 4.999220176391315e-05
52.80330579704767 4.443602579368867e-05
52.90766015633037 3.7903161744660166e-05
53.012014515613075 3.1747859110080025e-05
53.11636887489578 2.689983440891789e-05
53.220723234178486 2.282498524805041e-05
53.32507759346119 1.9673004186701214e-05
53.42943195274389 1.8768578738268846e-05
53.53378631202659 2.0030530900597504e-05
53.638140671309294 2.2573195156980544e-05
53.742495030592 2.6985833693211915e-05
53.846849389874706 3.333682324385953e-05
53.95120374915741 3.979533098948625e-05
54.05555810844011 4.5584217947536133e-05
54.15991246772281 5.1401352030834914e-05
54.264266827005514 5.6755148051936116e-05
54.368621186288216 6.024488139401114e-05
54.47297554557092 6.268483772031983e-05
54.57732990485362 6.579209149793038e-05
54.68168426413632 6.855725725774969e-05
54.786038623419024 6.980559770633038e-05
54.89039298270173 7.050852767891281e-05
54.99474734198443 7.103013252095996e-05
55.09910170126713 6.951478322555204e-05
55.20345606054985 6.503078856135568e-05
55.30781041983255 5.9528114758706224e-05
55.41216477911525 5.358713902982808e-05
55.51651913839795 4.6035912436474265e-05
55.620873497680655 3.8048075954675206e-05
55.72522785696336 3.1562303802353276e-05
55.82958221624606 2.633350778801412e-05
55.93393657552876 2.1651371012229538e-05
56.03829093481146 1.8448258350923828e-05
56.14264529409416 1.735670353532302e-05
56.24699965337686 1.7313637193498176e-05
56.35135401265958 1.8220669241978758e-05
56.45570837194228 2.1211713933838477e-05
56.56006273122498 2.5672639635674448e-05
56.66441709050768 3.0347057765895507e-05
56.768771449790385 3.584238546024814e-05
56.87312580907309 4.242886582112615e-05
56.97748016835579 4.85030768953207e-05
57.08183452763849 5.344959211683043e-05
57.186188886921194 5.874710125669325e-05
57.290543246203896 6.420765628549823e-05
57.3948976054866 6.784019156032754e-05
57.49925196476931 7.019414174475755e-05
57.60360632405201 7.268043689560123e-05
57.70796068333471 7.404256214261579e-05
57.81231504261741 7.27437695417256e-05
57.916669401900116 7.002637717183109e-05
58.02102376118282 6.725839499269628e-05
58.12537812046552 6.30112619728322e-05
58.22973247974822 5.6967080359829046e-05
58.334086839030924 5.1294670353862684e-05
58.438441198313626 4.638477453403393e-05
58.54279555759633 4.0837796721980126e-05
58.647149916879044 3.493223336035786e-05
58.75150427616175 3.0270510214726564e-05
58.85585863544444 2.6464911436155243e-05
58.960212994727144 2.2432135234537047e-05
59.064567354009846 1.9341837821500033e-05
59.16892171329255 1.8019719483320955e-05
59.27327607257525 1.7348295271966237e-05
59.37763043185795 1.7312573068588395e-05
59.481984791140654 1.9035305896011246e-05
59.586339150423356 2.202285150774075e-05
59.69069350970607 2.5235722096994657e-05
59.795047868988775 2.9419779394365115e-05
59.89940222827148 3.534884924865119e-05
60.00375658755418 4.165329245940579e-05
60.10811094683688 4.753024871265217e-05
60.21246530611958 5.420920394684851e-05
60.316819665402285 6.12643680356538e-05
60.42117402468499 6.655438667092438e-05
60.52552838396769 7.004189171606625e-05
60.629882743250384 7.32549672496028e-05
60.734237102533086 7.551658554091849e-05
60.8385914618158 7.526572134504235e-05
60.942945821098505 7.393962966328665e-05
61.04730018038121 7.30307481344694e-05
61.15165453966391 7.120816338222374e-05
61.25600889894661 6.764424356880265e-05
61.36036325822931 6.373964228569149e-05
61.464717617512015 6.015559844013492e-05
61.56907197679472 5.5354381722703237e-05
61.67342633607742 4.9215062522000715e-05
61.77778069536012 4.356475513273976e-05
61.88213505464282 3.840903896861957e-05
61.98648941392553 3.27575614223442e-05
62.090843773208235 2.735875787750091e-05
62.19519813249094 2.3341554383602094e-05
62.29955249177364 2.0143456466953794e-05
62.40390685105634 1.7189091474342692e-05
62.50826121033904 1.5465127087841554e-05
62.612615569621745 1.5283738302597687e-05
62.71696992890445 1.568356917206113e-05
62.82132428818715 1.6840773678198416e-05
62.92567864746985 1.9526577029026475e-05
63.030033006752554 2.302884906792624e-05
63.13438736603527 2.6557179658635794e-05
63.23874172531797 3.0808225158461246e-05
63.343096084600674 3.618394362959284e-05
63.44745044388337 4.155775607093259e-05
63.55180480316607 4.663345239351332e-05
63.65615916244877 5.2637927706293964e-05
63.760513521731475 5.924532211568643e-05
63.86486788101418 6.487291394936294e-05
63.96922224029688 6.95544140814973e-05
64.07357659957958 7.417883163549783e-05
64.17793095886229 7.789758264934414e-05
64.282285318145 7.928952793014995e-05
64.3866396774277 7.9368219414117e-05
64.4909940367104 7.937860203164522e-05
64.5953483959931 7.843752833244926e-05
64.69970275527581 7.610634609792279e-05
64.8040571145585 7.359141240701585e-05
64.90841147384121 7.150531991100624e-05
65.01276583312391 6.860847744389906e-05
65.11712019240662 6.439134722283862e-05
65.22147455168931 6.0025002079433714e-05
65.32582891097202 5.5527056241113246e-05
65.43018327025473 4.9963977934449744e-05
65.53453762953744 4.372298859072611e-05
65.63889198882013 3.79906116486626e-05
65.74324634810284 3.278731572913232e-05
65.84760070738554 2.7554578774278047e-05
65.95195506666823 2.293928815389986e-05
66.05630942595094 1.956388896494862e-05
66.16066378523364 1.6889515145038765e-05
66.26501814451635 1.4654289122847756e-05
66.36937250379904 1.3397607276468496e-05
66.47372686308175 1.3214576182658054e-05
66.57808122236446 1.356357921606159e-05
66.68243558164717 1.4526853075150955e-05
66.78678994092986 1.662614259296904e-05
66.89114430021257 1.9487399566359066e-05
66.99549865949527 2.260599193376424e-05
67.09985301877798 2.6497613145235865e-05
67.20420737806067 3.139049833958127e-05
67.30856173734338 3.6560122754939225e-05
67.41291609662608 4.170332825217594e-05
67.51727045590879 4.736765737080954e-05
67.62162481519148 5.345885262932453e-05
67.72597917447419 5.885700675067375e-05
67.8303335337569 6.353717394640831e-05
67.9346878930396 6.835755564312734e-05
68.0390422523223 7.298112634824858e-05
68.143396611605 7.662606322020194e-05
68.24775097088771 7.969917959776168e-05
68.3521053301704 8.31444750319866e-05
68.45645968945311 8.640368406624781e-05
68.5608140487358 8.841916880717318e-05
68.66516840801852 8.971228778463436e-05
68.76952276730121 9.076543369117938e-05
68.87387712658392 9.070884070687848e-05
68.97823148586663 8.885595234080229e-05
69.08258584514932 8.610613966925117e-05
69.18694020443203 8.329579728673649e-05
69.29129456371473 7.97091455592662e-05
69.39564892299744 7.524850992698706e-05
69.50000328228013 7.100525510779557e-05
69.60435764156284 6.725072350148593e-05
69.70871200084554 6.31149523182883e-05
69.81306636012825 5.831937744516873e-05
69.91742071941096 5.371004717730241e-05
70.02177507869366 4.923298461390959e-05
70.12612943797636 4.4067362999951824e-05
70.23048379725907 3.856319599892597e-05
70.33483815654176 3.3592575060082425e-05
70.43919251582446 2.9079376800848085e-05
70.54354687510717 2.456454259025164e-05
70.64790123438986 2.052376210296329e-05
70.75225559367257 1.7501181294510156e-05
70.85660995295527 1.5011693537263327e-05
70.96096431223798 1.2759110251624727e-05
71.06531867152069 1.1227714631988556e-05
71.1696730308034 1.0528288248078189e-05
71.27402739008609 1.0192118692822415e-05
71.3783817493688 1.0270630644198094e-05
71.4827361086515 1.1254172469348264e-05
71.5870904679342 1.2901121698437412e-05
71.6914448272169 1.473609645766766e-05
71.79579918649961 1.7184633082774125e-05
71.9001535457823 2.054627216261978e-05
72.00450790506501 2.4189041073409158e-05
72.1088622643477 2.7909384819804294e-05
72.21321662363042 3.2345835481324995e-05
72.31757098291313 3.7505556327522686e-05
72.42192534219582 4.245496212728651e-05
72.52627970147853 4.720107809994384e-05
72.63063406076122 5.265056199804609e-05
72.73498842004393 5.840162721680331e-05
72.83934277932663 6.354378015897781e-05
72.94369713860934 6.86177936311738e-05
73.04805149789203 7.456259805081003e-05
73.15240585717474 8.071258998712398e-05
73.25676021645744 8.600331771818231e-05
73.36111457574015 9.124788348299063e-05
73.46546893502286 9.710956615194361e-05
73.56982329430555 0.00010230111803411048
73.67417765358826 0.00010604221072735376
73.77853201287095 0.00010950399902094424
73.88288637215366 0.00011340052851511793
73.98724073143636 0.00011644300129681569
74.09159509071907 0.00011837689601412942
74.19594945000176 0.00012087591393289347
74.30030380928447 0.00012410889971478366
74.40465816856717 0.00012651563026658722
74.50901252784989 0.00012786769369442082
74.61336688713259 0.0001295975704021312
74.7177212464153 0.0001314313315684832
74.82207560569799 0.000131582591289858
74.9264299649807 0.000130543899464029
75.0307843242634 0.00012997990726815956
75.13513868354609 0.0001294917429884167
75.2394930428288 0.00012775705175882126
75.34384740211149 0.00012558104463249948
75.4482017613942 0.00012450906671836726
75.5525561206769 0.00012353560055946918
75.65691047995962 0.00012128082042045997
75.76126483924232 0.00011868308251377222
75.86561919852502 0.00011679784706209806
75.96997355780772 0.00011454995689979046
76.07432791709043 0.0001109029797265337
76.17868227637312 0.00010722186958316467
76.28303663565583 0.0001044641819598915
76.38739099493853 0.00010140086046760828
76.49174535422124 9.745470964452941e-05
76.59609971350393 9.383441685109024e-05
76.70045407278664 9.105166437608592e-05
76.80480843206935 8.777312870029062e-05
76.90916279135205 8.363607307993221e-05
77.01351715063475 7.998197488810853e-05
77.11787150991745 7.69863376200672e-05
77.22222586920016 7.355871840376447e-05
77.32658022848285 6.969337082009033e-05
77.43093458776556 6.653739766789875e-05
77.53528894704826 6.400142685769571e-05
77.63964330633097 6.090747618268945e-05
77.74399766561366 5.745480435064653e-05
77.84835202489637 5.455706845935224e-05
77.95270638417908 5.189484776624211e-05
78.05706074346178 4.864135988117291e-05
78.16141510274448 4.523092275398676e-05
78.26576946202718 4.257143956710916e-05
78.37012382130989 4.0242747378339757e-05
78.47447818059258 3.761008120154993e-05
78.5788325398753 3.515374969117345e-05
78.68318689915799 3.337045101978606e-05
78.7875412584407 3.1705058776115874e-05
78.89189561772339 2.955495463697762e-05
78.9962499770061 2.742873628640636e-05
79.10060433628881 2.5735453597890006e-05
79.20495869557152 2.395569734351249e-05
79.30931305485421 2.1867079875012067e-05
79.41366741413692 2.00243638743499e-05
79.51802177341962 1.8719584273059315e-05
79.62237613270231 1.746591786341644e-05
79.72673049198502 1.6054526913680987e-05
79.83108485126772 1.4919761433013672e-05
79.93543921055043 1.4110606985603202e-05
80.03979356983312 1.3172206419852228e-05
80.14414792911583 1.2004884982169673e-05
80.24850228839854 1.1010220500132884e-05
80.35285664768125 1.0241150337377798e-05
80.45721100696395 9.338936071928521e-06
80.56156536624665 8.360867711916738e-06
80.66591972552935 7.629861192470087e-06
80.77027408481206 7.103090888762917e-06
80.87462844409475 6.498803498704558e-06
80.97898280337746 5.846968786206621e-06
81.08333716266016 5.390979038086342e-06
81.18769152194287 5.034555658257206e-06
81.29204588122558 4.563296236307975e-06
81.39640024050827 4.071876554199395e-06
81.50075459979098 3.738541248889015e-06
81.60510895907368 3.482810775571458e-06
81.70946331835638 3.1408566818905134e-06
81.81381767763908 2.808092968273683e-06
81.91817203692179 2.604806598908494e-06
82.02252639620448 2.4169367070444095e-06
82.12688075548719 2.1404356979792417e-06
82.23123511476989 1.86843003635616e-06
82.3355894740526 1.6981190736660285e-06
82.4399438333353 1.5418188779418943e-06
82.544298192618 1.337741582918273e-06
82.64865255190071 1.181204439844298e-06
82.7530069111834 1.1148856679307212e-06
82.85736127046611 1.0547191529140663e-06
82.96171562974881 9.431078415110702e-07
83.06606998903152 8.461382550441585e-07
83.17042434831421 7.977866523016633e-07
83.27477870759692 7.182906069670689e-07
83.37913306687962 5.934064555572118e-07
83.48348742616233 4.970231911632903e-07
83.58784178544504 4.485810324450077e-07
83.69219614472775 3.977780606565764e-07
83.79655050401044 3.3432083051363346e-07
83.90090486329315 3.0594606058505186e-07
84.00525922257584 3.13323426664694e-07
84.10961358185855 3.0481572615632904e-07
84.21396794114125 2.673452061998841e-07
84.31832230042394 2.413002323142297e-07
84.42267665970665 2.304868383395516e-07
84.52703101898935 1.9335962085940524e-07
84.63138537827206 1.4232227711218342e-07
84.73573973755477 1.1587340774128e-07
84.84009409683748 1.0585435192499941e-07
84.94444845612017 8.969807011700234e-08
85.04880281540288 7.11408874777065e-08
85.15315717468557 6.952117681245056e-08
85.25751153396828 7.7984919289266e-08
85.36186589325098 7.23611607502701e-08
85.46622025253369 5.8100158629690925e-08
85.57057461181638 5.485904686115294e-08
85.67492897109909 5.546960544770345e-08
85.77928333038179 4.3578007227650415e-08
85.8836376896645 3.019278668189175e-08
85.9879920489472 2.9392874057993808e-08
86.0923464082299 3.0716017603154543e-08
86.19670076751261 2.383087786616249e-08
86.3010551267953 1.6779823716525878e-08
86.40540948607801 1.8253031347901943e-08
86.50976384536071 1.9189898923877807e-08
86.61411820464342 1.2430417867875144e-08
86.71847256392611 7.735715814533938e-09
86.82282692320882 9.594952649043329e-09
86.92718128249152 1.1174076579084367e-08
87.03153564177424 8.072206163883082e-09
87.13589000105694 5.661405715746127e-09
87.24024436033963 9.06814803757382e-09
87.34459871962234 1.0016389420426574e-08
87.44895307890503 5.005063318374205e-09
87.55330743818774 3.2280485265576073e-09
87.65766179747044 4.422765021586361e-09
87.76201615675315 2.7602824099873264e-09
87.86637051603584 6.187869635478998e-10
87.97072487531855 2.8500535914911037e-10
88.07507923460125 2.215557735585808e-09
88.17943359388397 4.705965972016686e-09
88.28378795316667 3.213184890344886e-09
88.38814231244938 2.7926524787608807e-09
88.49249667173207 6.224127812384869e-09
88.59685103101478 4.538251674706573e-09
88.70120539029747 1.2572606352296517e-09
88.80555974958018 2.6233321514750042e-09
88.90991410886288 1.7981029194303805e-09
89.01426846814557 9.64541868911783e-13
89.11862282742828 7.547321446050488e-10
89.22297718671098 1.7833123887274024e-10
89.3273315459937 8.016702240218242e-10
89.4316859052764 2.4147494221044563e-09
89.5360402645591 9.134020135203339e-10
89.6403946238418 1.082321509399097e-09
89.74474898312451 2.8358175646118844e-09
89.8491033424072 1.1862869009177419e-09
89.95345770168991 2.6766213159635623e-10
90.05781206097261 1.4022977775830848e-09
90.16216642025532 7.815069054688249e-10
90.26652077953801 4.7706404177875524e-11
90.37087513882072 3.406320730025225e-10
90.47522949810343 3.9410681245676406e-10
90.57958385738613 3.8787651476573945e-10
90.68393821666884 2.7768821335131903e-10
90.78829257595153 2.313932065866297e-10
90.89264693523424 3.0249649231856174e-10
90.99700129451693 4.0798356214467844e-10
91.10135565379964 4.919548394472027e-10
91.20571001308234 1.2170101874345622e-10
91.31006437236505 4.15648185119148e-10
91.41441873164774 8.806160477935974e-10
91.51877309093047 1.4877817015907228e-10
91.62312745021316 3.764867033688671e-10
91.72748180949586 9.23330382972196e-10
91.83183616877857 1.4109322222356457e-10
91.93619052806126 4.4800507373997497e-10
92.04054488734397 6.938839905343945e-10
92.14489924662666 3.8413061115011776e-11
92.24925360590937 8.588932990536465e-10
92.35360796519207 7.257322693048522e-10
92.45796232447478 5.1969288612529065e-11
92.56231668375747 1.327968406563064e-09
92.6666710430402 8.444930267147983e-10
92.77102540232289 1.4890950516669144e-10
92.8753797616056 1.6346609525128265e-09
92.9797341208883 8.305399998130662e-10
93.084088480171 2.7775676350278556e-10
93.1884428394537 1.818935325199316e-09
93.29279719873641 7.418643584102034e-10
93.3971515580191 4.821817514313791e-10
93.5015059173018 2.043884937255865e-09
93.60586027658451 7.241280676267165e-10
93.7102146358672 5.695880065533143e-10
93.81456899514993 1.9894078817813725e-09
93.91892335443262 6.198672950937152e-10
94.02327771371533 4.812659045311649e-10
94.12763207299803 1.6189864383764695e-09
94.23198643228073 4.323886995584926e-10
94.33634079156343 3.2545135878718753e-10
94.44069515084614 1.139863530655686e-09
94.54504951012883 2.840763421831272e-10
94.64940386941154 1.9792627320082614e-10
94.75375822869424 7.400868832008851e-10
94.85811258797695 2.823510588979607e-10
94.96246694725966 1.057062610409536e-10
95.06682130654235 4.3327020512682703e-10
95.17117566582506 4.231805348980892e-10
95.27553002510776 9.565933817640671e-11
95.37988438439046 2.6839446663654993e-10
95.48423874367316 6.754035725842018e-10
95.58859310295587 1.7314439652564649e-10
95.69294746223856 2.125038818213502e-10
95.79730182152127 9.042342515285816e-10
95.90165618080397 2.634254171161038e-10
96.00601054008668 2.1140133522560153e-10
96.11036489936939 9.907986738869364e-10
96.2147192586521 2.7439425215898475e-10
96.31907361793479 2.2795413348857139e-10
96.42342797721749 9.521361076961509e-10
96.5277823365002 2.2299207161554977e-10
96.63213669578289 2.2382031494863076e-10
96.7364910550656 7.860163668779111e-10
96.8408454143483 1.4073110322995222e-10
96.945199773631 2.0428975951136566e-10
97.0495541329137 5.334516101486977e-10
97.15390849219641 7.850731805563787e-11
97.25826285147912 2.0793711610540297e-10
97.36261721076183 2.7782628226205255e-10
97.46697157004452 9.73986506028721e-11
97.57132592932723 2.787627693780122e-10
97.67568028860993 8.995825941340863e-11
97.78003464789263 2.25405620936029e-10
97.88438900717533 4.3912544159999733e-10
97.98874336645804 1.6919297834598015e-11
98.09309772574073 4.4274829726779284e-10
98.19745208502343 6.515321520550788e-10
98.30180644430614 3.528873990199734e-11
98.40616080358885 6.636169367531182e-10
98.51051516287156 8.192637820679836e-10
98.61486952215425 7.778273178339304e-11
98.71922388143696 8.164092410689408e-10
98.82357824071966 8.811392882681764e-10
98.92793260000236 1.039075344429632e-10
99.03228695928506 9.03117775078215e-10
99.13664131856777 8.779814543222493e-10
99.24099567785046 1.0158079918263131e-10
99.34535003713317 8.771644155088361e-10
99.44970439641587 8.049287518678277e-10
99.55405875569858 6.759263807367215e-11
99.65841311498129 7.130666188629308e-10
99.76276747426398 6.456276497314068e-10
99.86712183354669 1.9364836296892743e-11
99.97147619282939 4.807133082278554e-10
100.0758305521121 4.702504228167298e-10
100.18018491139479 8.625743268643034e-12
100.2845392706775 2.598338571017377e-10
100.3888936299602 3.350700665052253e-10
100.4932479892429 5.92341088144331e-11
100.5976023485256 1.183707785461518e-10
100.70195670780832 2.854822256835101e-10
100.80631106709102 1.4201000432927818e-10
100.91066542637373 4.653438674727202e-11
101.01501978565642 3.4109914488469356e-10
101.11937414493912 2.577753495872841e-10
101.22372850422182 1.3087934676555369e-11
101.32808286350452 4.5190759138078593e-10
101.43243722278723 3.876614643129265e-10
101.53679158206992 1.5359448036252218e-11
101.64114594135263 5.58226438883684e-10
101.74550030063534 4.653121802808827e-10
101.84985465991805 3.117620993076004e-11
101.95420901920075 6.38846576736626e-10
102.05856337848346 4.724101553308691e-10
102.16291773776615 4.459254478038995e-11
102.26727209704886 6.680272264170553e-10
102.37162645633155 3.9994364086232876e-10
102.47598081561426 6.985444305003871e-11
102.58033517489696 6.896034914553846e-10
102.68468953417967 3.086492105503728e-10
102.78904389346236 1.1542153221255638e-10
102.89339825274507 7.05442449751907e-10
102.99775261202778 2.3098468970010574e-10
103.10210697131048 1.463189546905886e-10
103.20646133059319 6.31957921285534e-10
103.31081568987588 1.3614642052737783e-10
103.41517004915859 1.8804021787119988e-10
103.51952440844128 5.212394351105173e-10
103.623878767724 5.845309289557792e-11
103.72823312700669 2.6452473996214713e-10
103.8325874862894 4.379021371203716e-10
103.9369418455721 2.582941945632847e-11
104.0412962048548 3.389551492564088e-10
104.14565056413751 3.7246065349933074e-10
104.2500049234202 2.60847536067897e-11
104.35435928270292 3.635330281904843e-10
104.45871364198561 3.0555643434359545e-10
104.56306800126832 5.525496837396141e-11
104.66742236055102 3.29197647103361e-10
104.77177671983372 2.28965014924982e-10
104.87613107911642 1.1099468686167786e-10
104.98048543839913 2.7899808799522164e-10
105.08483979768182 1.743600013909018e-10
105.18919415696455 1.6921946867212425e-10
105.29354851624724 2.2546421057612065e-10
105.39790287552995 1.6728008003478562e-10
105.50225723481265 2.1248145870784926e-10
105.60661159409534 1.695889175557139e-10
105.71096595337805 2.1450975723766923e-10
105.81532031266075 2.3130660649076974e-10
105.91967467194345 1.094816312317979e-10
106.02402903122615 3.1439651675432875e-10
106.12838339050886 2.5399366946758533e-10
106.23273774979155 7.061476222323998e-11
106.33709210907428 4.2837795355695066e-10
106.44144646835697 2.685151289106977e-10
106.54580082763968 7.289363667873067e-11
106.65015518692238 5.175617331882216e-10
106.75450954620509 2.3237095528232218e-10
106.85886390548778 1.1588677863496606e-10
106.96321826477049 5.989758282528187e-10
107.06757262405318 1.7042853755410754e-10
107.1719269833359 1.9485143976805536e-10
107.27628134261859 6.764339731056455e-10
107.38063570190128 1.1639919768625835e-10
107.484990061184 2.864556291088908e-10
107.5893444204667 7.193566910059199e-10
107.69369877974941 7.642904865004307e-11
107.7980531390321 3.5177434355323406e-10
107.90240749831482 6.782861190300132e-10
108.00676185759751 4.2544294177927745e-11
108.11111621688022 3.9557432167304095e-10
108.21547057616291 5.701126506104318e-10
108.31982493544562 2.2408008897659836e-11
108.42417929472832 4.4250443491514004e-10
108.52853365401103 4.612720226542528e-10
108.63288801329374 2.543940687814032e-11
108.73724237257643 4.6471257729043746e-10
108.84159673185914 3.670628177120232e-10
108.94595109114184 4.652519687922822e-11
109.05030545042455 4.3129185761398365e-10
109.15465980970724 2.8140292646663836e-10
109.25901416898995 8.413796417509368e-11
109.36336852827264 3.5304117013914645e-10
109.46772288755535 2.0862445233959544e-10
109.57207724683805 1.3630568605670051e-10
109.67643160612076 2.7248298340821146e-10
109.78078596540345 1.6786645235334786e-10
109.88514032468616 1.8034860267167255e-10
109.98949468396886 2.087682506853616e-10
110.09384904325157 1.7473578960384627e-10
110.19820340253426 1.931487941845971e-10
110.30255776181698 1.5121798803925892e-10
110.4069121210997 2.2678057800167285e-10
110.51126648038239 1.866719997573257e-10
110.6156208396651 1.0689708018862579e-10
110.7199751989478 3.072457425539934e-10
110.8243295582305 1.7730181950496703e-10
110.9286839175132 9.178755584531105e-11
111.0330382767959 3.867660032936092e-10
111.1373926360786 1.5919068327685671e-10
111.24174699536131 1.077552479204016e-10
111.346101354644 4.359721204481372e-10
111.45045571392671 1.1850330036996133e-10
111.55481007320941 1.5457054373789003e-10
111.65916443249212 4.631174163154886e-10
111.76351879177481 6.760222350366334e-11
111.86787315105752 2.2772454551699127e-10
111.97222751034022 4.876914662633479e-10
112.07658186962291 3.272862277226864e-11
112.18093622890562 2.9635886224420003e-10
112.28529058818832 4.827031781047867e-10
112.38964494747103 1.3011853597567508e-11
112.49399930675372 3.365194668605247e-10
112.59835366603646 4.244426208157822e-10
112.70270802531915 2.7574329019542125e-12
112.80706238460186 3.6261161143374635e-10
112.91141674388456 3.435867457012327e-10
113.01577110316725 6.550473718347951e-12
113.12012546244996 3.779825905558288e-10
113.22447982173266 2.677832020379679e-10
113.32883418101537 2.0733153622019758e-11
113.43318854029806 3.669223237849644e-10
113.53754289958077 2.007142480672225e-10
113.64189725886347 3.7495157005669576e-11
113.74625161814618 3.1846814480383913e-10
113.85060597742887 1.4021438712335306e-10
113.95496033671158 5.868361685718503e-11
114.05931469599427 2.5166863145291247e-10
114.16366905527698 9.47279147960957e-11
114.26802341455968 8.298797654903495e-11
114.37237777384239 1.8990281807965886e-10
114.47673213312508 7.554212802128698e-11
114.58108649240779 9.864286618385721e-11
114.68544085169049 1.357309993705049e-10
114.7897952109732 8.726102093930982e-11
114.89414957025592 1.0410292392964032e-10
114.99850392953861 8.84180060213318e-11
115.10285828882132 1.2251050031767016e-10
115.20721264810402 1.0633777221337018e-10
115.31156700738673 5.604275462863685e-11
115.41592136666942 1.696621459670958e-10
115.52027572595213 1.0654480788351367e-10
115.62463008523483 4.616807783109885e-11
115.72898444451754 2.1593549317896402e-10
115.83333880380023 9.661524522459121e-11
115.93769316308294 5.668423276451472e-11
116.04204752236564 2.5312607710689625e-10
116.14640188164834 7.289585190515004e-11
116.25075624093104 8.433925938182333e-11
116.35511060021375 2.847329853666078e-10
116.45946495949644 4.642466697831532e-11
116.56381931877915 1.2746427794808417e-10
116.66817367806185 3.1173971652333077e-10
116.77252803734454 2.6024477175135223e-11
116.87688239662725 1.7424568177352322e-10
116.98123675590995 3.219115649728749e-10
117.08559111519266 1.143998322500283e-11
117.18994547447538 2.1520796848616599e-10
117.29429983375809 3.073577151114106e-10
117.39865419304078 2.515036094704438e-12
117.5030085523235 2.5067836659721004e-10
117.60736291160619 2.781452959083312e-10
117.71171727088888 1.0931661321135455e-12
117.81607163017159 2.7213471863419247e-10
117.92042598945429 2.382736134724844e-10
118.024780348737 6.522311017084189e-12
118.12913470801969 2.7033771658985843e-10
118.2334890673024 1.875587223218893e-10
118.3378434265851 2.0595190150726403e-11
118.4421977858678 2.535073984418485e-10
118.5465521451505 1.3991188116895356e-10
118.65090650443321 4.3491378067736144e-11
118.7552608637159 2.2719888120305833e-10
118.85961522299861 1.0401200617497294e-10
118.96396958228131 6.960937884694825e-11
119.06832394156402 1.9569352728159968e-10
119.17267830084671 8.830721894447917e-11
119.27703266012942 9.373276974768254e-11
119.38138701941214 1.6341477373831274e-10
119.48574137869484 9.728097259927867e-11
119.59009573797755 1.0908317160800659e-10
119.69445009726024 1.2830291492658735e-10
119.79880445654295 1.251993508391863e-10
119.90315881582565 1.1687222526476438e-10
120.00751317510836 1.0036594435630547e-10
120.11186753439105 1.6795815830351458e-10
120.21622189367376 1.1987436419720284e-10
120.32057625295646 9.099370694882275e-11
120.42493061223917 2.1412230481534861e-10
120.52928497152186 1.0948301127861354e-10
120.63363933080457 1.0038021781741013e-10
120.73799369008727 2.5375344778011823e-10
120.84234804936997 8.267409640114692e-11
120.94670240865267 1.313882308380662e-10
121.05105676793538 2.957705933611217e-10
121.15541112721807 5.581348988137753e-11
121.25976548650077 1.760932667659698e-10
121.36411984578348 3.2866628047368093e-10
121.46847420506617 3.6598056538487765e-11
121.57282856434888 2.1767653816678233e-10
121.6771829236316 3.2610402428678743e-10
121.78153728291431 2.3202163540931045e-11
121.88589164219701 2.630629362151613e-10
121.99024600147972 2.998202561856701e-10
122.09460036076241 1.954580684248958e-11
122.19895472004512 3.085102587126496e-10
122.30330907932782 2.6470955449431713e-10
122.40766343861051 2.6270461458874023e-11
122.51201779789322 3.3543983709696486e-10
122.61637215717592 2.2200701624800845e-10
122.72072651645863 4.3493945050585583e-11
122.82508087574132 3.384706806370736e-10
122.92943523502403 1.7869372954602464e-10
123.03378959430673 7.084853930771127e-11
123.13814395358943 3.18377531259278e-10
123.24249831287213 1.3904302140421687e-10
123.34685267215484 1.0178058796441332e-10
123.45120703143753 2.855320474644947e-10
123.55556139072024 1.133823808626591e-10
123.65991575000294 1.2840926053467612e-10
123.76427010928565 2.4997097249887845e-10
123.86862446856834 1.1383730157407777e-10
123.97297882785107 1.420344895814906e-10
124.07733318713377 2.0619121271106078e-10
124.18168754641647 1.334390313079426e-10
124.28604190569918 1.4361979335662842e-10
124.39039626498187 1.6372254379555724e-10
124.49475062426458 1.6538496254545247e-10
124.59910498354728 1.3896934695404676e-10
124.70345934282999 1.4013043953575205e-10
124.80781370211268 2.026571571079619e-10
124.91216806139539 1.2209375773308063e-10
125.01652242067809 1.3709916059840213e-10
125.1208767799608 2.35540066619559e-10
125.22523113924349 9.165598934161527e-11
125.3295854985262 1.531249494786659e-10
125.4339398578089 2.6661491314174123e-10
125.5382942170916 6.293577455641308e-11
125.6426485763743 1.8302857032633532e-10
125.74700293565701 2.846276628636021e-10
125.8513572949397 4.160465175844081e-11
125.9557116542224 2.164449861115138e-10
126.06006601350511 2.74140351825467e-10
126.1644203727878 2.6793017040758722e-11
126.26877473207054 2.562106591295347e-10
126.37312909135323 2.4930589045897526e-10
126.47748345063594 2.265036123520183e-11
126.58183780991864 2.9334990978674455e-10
126.68619216920135 2.1777437199656842e-10
126.79054652848404 2.8874428003477548e-11
126.89490088776674 3.0991772741753496e-10
126.99925524704945 1.7682872459504079e-10
127.10360960633214 4.473741585442988e-11
127.20796396561485 3.065366628641623e-10
127.31231832489755 1.3371914100838626e-10
127.41667268418026 6.812778819640941e-11
127.52102704346295 2.8797032557751707e-10
127.62538140274566 9.696485157169726e-11
127.72973576202835 9.130382718740496e-11
127.83409012131106 2.5428064223396154e-10
127.93844448059376 7.170065551390358e-11
128.04279883987647 1.1039168847844257e-10
128.14715319915916 2.1211674409015728e-10
128.25150755844186 6.220048497557025e-11
128.35586191772458 1.2401578665517098e-10
128.4602162770073 1.6730473574247034e-10
128.56457063629 6.534698589657993e-11
128.6689249955727 1.2801884157284463e-10
128.7732793548554 1.2654718700790648e-10
128.8776337141381 7.82958611248764e-11
128.9819880734208 1.2260242130873696e-10
129.0863424327035 9.688034116916261e-11
129.1906967919862 9.795019635942952e-11
129.29505115126892 1.080914249971917e-10
129.39940551055162 7.977346093815097e-11
129.5037598698343 1.182539958080329e-10
129.608114229117 8.604033480765749e-11
129.71246858839973 7.514054201984512e-11
129.81682294768243 1.3597934278656904e-10
129.92117730696512 6.413441672512314e-11
130.02553166624782 8.293699302072124e-11
130.12988602553054 1.456866584780194e-10
130.23424038481323 4.471113864576751e-11
130.33859474409593 1.0070865176417221e-10
130.44294910337862 1.4274314484186666e-10
130.54730346266132 2.786980398942897e-11
130.65165782194404 1.274446526416046e-10
130.75601218122677 1.3469167443468974e-10
130.86036654050946 1.8790544600558494e-11
130.96472089979216 1.5689687365845427e-10
131.06907525907488 1.229162506049568e-10
131.17342961835757 1.8778038055002257e-11
131.27778397764027 1.8001745988634828e-10
131.38213833692296 1.0342759012359102e-10
131.4864926962057 2.7662307612606167e-11
131.59084705548838 1.971478786437601e-10
131.69520141477108 8.038713637340896e-11
131.79955577405377 4.3776445513701784e-11
131.90391013333647 2.0957464767773028e-10
132.0082644926192 5.946907075217761e-11
132.11261885190189 6.23276426810135e-11
132.21697321118458 2.121210416703712e-10
132.32132757046728 4.251496776751874e-11
132.42568192975 8.010332383732177e-11
132.5300362890327 2.0346311050576435e-10
132.6343906483154 3.036406982243533e-11
132.73874500759808 9.534110761173105e-11
132.8430993668808 1.873598497133575e-10
132.9474537261635 2.4080946864744244e-11
133.05180808544623 1.0312674461428667e-10
133.15616244472892 1.6444390209925407e-10
133.26051680401162 2.4513032501338925e-11
133.36487116329434 1.0294170865072312e-10
133.46922552257703 1.3969065432001345e-10
133.57357988185973 3.221114511463486e-11
133.67793424114242 9.63466391823766e-11
133.78228860042515 1.1890077856243018e-10
133.88664295970784 4.583173729978451e-11
133.99099731899054 8.294377501246033e-11
134.09535167827323 1.068859169967104e-10
134.19970603755596 6.527942816280914e-11
134.30406039683865 6.500767450656194e-11
134.40841475612135 1.0636695189534291e-10
134.51276911540404 8.911463663681847e-11
134.61712347468676 4.658475240124425e-11
134.72147783396946 1.1828167972069602e-10
134.82583219325215 1.1330385749203981e-10
134.93018655253485 3.069475422365224e-11
135.03454091181757 1.432062220017884e-10
135.13889527110027 1.349892229917442e-10
135.24324963038296 1.9968995024985373e-11
135.34760398966569 1.7851144081681944e-10
135.45195834894838 1.5220864067562973e-10
135.5563127082311 1.4298329413533053e-11
135.6606670675138 2.1515708255810322e-10
135.7650214267965 1.6050118527356131e-10
135.8693757860792 1.459948593109261e-11
135.9737301453619 2.467352372997794e-10
136.0780845046446 1.5776991294246867e-10
136.1824388639273 2.0606020328802423e-11
136.28679322321 2.6955863333078733e-10
136.3911475824927 1.4634920788422382e-10
136.49550194177542 2.989225631270068e-11
136.5998563010581 2.797551220518682e-10
136.7042106603408 1.3150241195807185e-10
136.8085650196235 4.026982940260715e-11
136.91291937890622 2.7144441763538075e-10
137.01727373818892 1.1635045018934454e-10
137.1216280974716 5.124770583327058e-11
137.2259824567543 2.4559302253415594e-10
137.33033681603703 1.0362679505440915e-10
137.43469117531973 6.212991586619538e-11
137.53904553460242 2.0950107358364142e-10
137.64339989388515 9.930007441941509e-11
137.74775425316784 7.286303325516381e-11
137.85210861245056 1.7296761144629408e-10
137.95646297173326 1.088469895940792e-10
138.06081733101595 8.104032021034923e-11
138.16517169029865 1.388605983776967e-10
138.26952604958137 1.2919755937545069e-10
138.37388040886407 8.489982699546763e-11
138.47823476814676 1.1240513680021668e-10
138.58258912742946 1.588323277996182e-10
138.68694348671218 8.606178783415419e-11
138.79129784599488 9.873424801497276e-11
138.89565220527757 1.9298914491022923e-10
139.00000656456027 8.381589599033188e-11
139.104360923843 9.506941657129786e-11
139.20871528312568 2.230309332318915e-10
139.31306964240838 7.947286359880596e-11
139.41742400169107 9.835451112286476e-11
139.5217783609738 2.400256776455418e-10
139.6261327202565 7.464265580765726e-11
139.7304870795392 1.0682790881802562e-10
139.8348414388219 2.3850674559835615e-10
139.9391957981046 6.83483791063097e-11
140.04355015738733 1.1640006126673704e-10
140.14790451667002 2.2252470896187607e-10
140.25225887595272 6.576583926024947e-11
140.35661323523541 1.224560194271861e-10
140.46096759451814 1.969828386130922e-10
140.56532195380083 7.472608587043166e-11
140.66967631308353 1.2074173474555016e-10
140.77403067236622 1.6040339085918678e-10
140.87838503164892 9.509269331532801e-11
140.98273939093164 1.1396049812845801e-10
141.08709375021434 1.209832755146907e-10
141.19144810949703 1.2806636269448656e-10
141.29580246877973 1.0901623930170522e-10
141.40015682806245 9.124896006759117e-11
141.50451118734514 1.7184063119913712e-10
141.60886554662784 1.0472941867200045e-10
141.71321990591053 7.399622191672577e-11
141.81757426519326 2.1891810398807164e-10
141.92192862447595 9.818214756690267e-11
142.02628298375865 6.919621809709942e-11
142.13063734304137 2.685643189285638e-10
142.23499170232407 9.514163161058929e-11
142.3393460616068 7.300156127467231e-11
142.44370042088948 3.114976719437332e-10
142.54805478017218 9.599135501226776e-11
142.65240913945487 7.69546279980433e-11
142.7567634987376 3.341255399922407e-10
142.8611178580203 9.616283680467109e-11
142.965472217303 7.821756887631629e-11
143.06982657658568 3.4062688601050826e-10
143.1741809358684 1.0032628649014832e-10
143.2785352951511 7.000689394609678e-11
143.3828896544338 3.2819472029515207e-10
143.4872440137165 1.1043386261633521e-10
143.59159837299921 5.159518277210199e-11
143.6959527322819 3.003466046592493e-10
143.8003070915646 1.2872055169390407e-10
143.9046614508473 2.989825229201144e-11
144.00901581013002 2.7332841645061237e-10
144.11337016941272 1.6498006681266515e-10
144.2177245286954 1.011824189094441e-11
144.3220788879781 2.5284959320098713e-10
144.42643324726083 2.2116867711147135e-10
144.53078760654356 2.21803456983834e-13
144.63514196582625 2.458402042126885e-10
144.73949632510895 2.9637226996445006e-10
144.84385068439164 6.46533521155005e-12
144.94820504367436 2.5729994994270804e-10
145.05255940295706 3.8927919266908336e-10
145.15691376223975 2.983767618138309e-11
145.26126812152245 2.7491454560461884e-10
145.36562248080517 4.784727205543895e-10
145.46997684008787 6.427331848651862e-11
145.57433119937056 2.9603187558740276e-10
145.67868555865326 5.564951618820502e-10
145.78303991793595 1.0227668573928925e-10
145.88739427721868 3.098753853902705e-10
145.99174863650137 6.177153542611562e-10
146.09610299578407 1.4075037019115828e-10
146.20045735506676 2.9846206292409716e-10
146.30481171434948 6.404079484365406e-10
146.40916607363218 1.7037882249843724e-10
146.51352043291487 2.6039908651892106e-10
146.61787479219757 6.250982977730957e-10
146.7222291514803 1.9108989079610262e-10
146.82658351076302 1.9973836582646725e-10
146.9309378700457 5.821772827380232e-10
147.0352922293284 2.1689581113789273e-10
147.1396465886111 1.347784410529782e-10
147.24400094789382 5.268910949042896e-10
147.34835530717652 2.5728147613850707e-10
147.4527096664592 8.803818854308043e-11
147.5570640257419 4.909027047839368e-10
147.66141838502463 3.3217119613360755e-10
147.76577274430733 6.645266096017253e-11
147.87012710359002 4.719658369449424e-10
147.97448146287272 4.438115404253326e-10
148.07883582215544 8.154973265923898e-11
148.18319018143814 4.6242822314336486e-10
148.28754454072083 5.692589810311357e-10
148.39189890000353 1.283867683801682e-10
148.49625325928625 4.610075508153973e-10
148.60060761856894 6.952570136334232e-10
148.70496197785164 1.9368714579900584e-10
148.80931633713433 4.4382659306205266e-10
148.91367069641706 7.895794887702493e-10
149.01802505569978 2.6368605203039327e-10
149.12237941498248 4.028131481960183e-10
149.22673377426517 8.313210217655871e-10
149.33108813354787 3.225263042514443e-10
149.4354424928306 3.3724468582316145e-10
149.53979685211328 8.265096789973617e-10
149.64415121139598 3.796662118442453e-10
149.74850557067867 2.5235962353063697e-10
149.8528599299614 7.711856728417669e-10
149.9572142892441 4.408478964526781e-10
150.0615686485268 1.7822431454599817e-10
150.16592300780948 6.975329959999515e-10
150.27027736709218 5.245148427388102e-10
150.3746317263749 1.3726830212461525e-10
150.4789860856576 6.319007447451574e-10
150.5833404449403 6.530983060983956e-10
150.68769480422299 1.5481088168690442e-10
150.7920491635057 5.827498692083314e-10
150.8964035227884 8.128844792016033e-10
151.0007578820711 2.3443051238661964e-10
151.1051122413538 5.580663720316202e-10
151.20946660063652 9.844761255174214e-10
151.31382095991924 3.559096189193784e-10
151.41817531920194 5.360951791113464e-10
151.52252967848463 1.1266852244916608e-09
151.62688403776733 4.916277332114093e-10
151.73123839705005 4.978075579195359e-10
151.83559275633274 1.1930828424642426e-09
151.93994711561544 5.999970889902124e-10
152.04430147489813 4.35331506481149e-10
152.14865583418086 1.1828417824893032e-09
152.25301019346355 6.75741229010153e-10
152.35736455274625 3.490984593674087e-10
152.46171891202894 1.097269888735925e-09
152.56607327131167 7.248074530269708e-10
152.67042763059436 2.6341510424913504e-10
152.77478198987706 9.65125618675864e-10
152.87913634915975 7.601709421898471e-10
152.98349070844247 1.9368688794362937e-10
153.08784506772517 8.147977236724555e-10
153.19219942700786 8.064775224244955e-10
153.29655378629056 1.6586651792841293e-10
153.40090814557328 6.641588519679073e-10
153.505262504856 8.561469347476676e-10
153.6096168641387 1.8543583072379608e-10
153.7139712234214 5.395668555596149e-10
153.8183255827041 9.079500290825634e-10
153.92267994198681 2.370337284810224e-10
154.0270343012695 4.3142075387740145e-10
154.1313886605522 9.362179199405372e-10
154.2357430198349 3.030334062356275e-10
154.34009737911762 3.419394838323774e-10
154.44445173840032 9.190110289023289e-10
154.548806097683 3.47260607690043e-10
154.6531604569657 2.641710844887988e-10
154.7575148162484 8.669579764733961e-10
154.86186917553113 3.6956774855488523e-10
154.96622353481382 1.84947577082238e-10
155.07057789409652 7.626895483800159e-10
155.1749322533792 3.5853519874432593e-10
155.27928661266193 1.1917757552196686e-10
155.38364097194463 6.491175092495322e-10
155.48799533122732 3.40957530384562e-10
155.59234969051002 5.5902986046408574e-11
155.69670404979274 5.114742965003791e-10
155.80105840907547 3.190664313407412e-10
155.90541276835816 1.7421340355428065e-11
156.00976712764086 3.8312770180359406e-10
156.11412148692355 3.0373998646490007e-10
156.21847584620627 3.155851824605857e-13
156.32283020548897 2.7867709986295506e-10
156.42718456477166 3.141446220784073e-10
156.53153892405436 1.0503031302523915e-11
156.63589328333708 1.8569246722857685e-10
156.74024764261978 3.1609923563406287e-10
156.84460200190247 3.4964275722589195e-11
156.94895636118517 1.3582089984508906e-10
157.0533107204679 3.422947805541416e-10
157.1576650797506 7.240801600867945e-11
157.26201943903328 9.06983779206457e-11
157.36637379831598 3.355169984267093e-10
157.4707281575987 9.39037674491062e-11
157.5750825168814 7.092641389953363e-11
157.6794368761641 3.3485667729918356e-10
157.78379123544678 1.1395278839731718e-10
157.8881455947295 5.320800247038433e-11
157.9924999540122 3.12115067953663e-10
158.09685431329493 1.2342732419351514e-10
158.20120867257762 3.6835998499126516e-11
158.30556303186032 2.668769276004294e-10
158.40991739114304 1.2175085037155997e-10
158.51427175042573 2.7831329443418485e-11
158.61862610970843 2.2185664048410608e-10
158.72298046899112 1.2602139308845204e-10
158.82733482827385 2.157472049097971e-11
158.93168918755654 1.666430867152809e-10
159.03604354683924 1.2802179831459613e-10
159.14039790612193 2.2290672081036075e-11
159.24475226540463 1.2386690052995278e-10
159.34910662468735 1.4475531407925628e-10
159.45346098397005 3.249171729381542e-11
159.55781534325274 9.074465942282153e-11
159.66216970253544 1.6605606875033946e-10
159.76652406181816 4.438123219655161e-11
159.87087842110085 6.348296252802837e-11
159.97523278038355 1.8142392702029832e-10
160.07958713966624 5.3223246648893035e-11
160.18394149894897 5.299832813093575e-11
160.28829585823166 2.0560783438931804e-10
160.3926502175144 6.470573869117808e-11
160.49700457679708 4.806297742026851e-11
160.60135893607978 2.2169627037255364e-10
160.7057132953625 7.215910776660826e-11
160.8100676546452 4.287444651886148e-11
160.9144220139279 2.2005430312341138e-10
161.01877637321059 7.12689213318592e-11
161.1231307324933 4.065726969226747e-11
161.227485091776 2.1090084994511155e-10
161.3318394510587 6.886529803833096e-11
161.4361938103414 3.80809497229306e-11
161.54054816962412 1.9255086924912082e-10
161.6449025289068 6.633854658917526e-11
161.7492568881895 3.37551243021956e-11
161.8536112474722 1.6504028768872133e-10
161.95796560675493 6.371468687586943e-11
162.06231996603762 2.8682960539688224e-11
162.16667432532032 1.340247730550992e-10
162.271028684603 6.335775722748094e-11
162.37538304388573 2.5794109738832165e-11
162.47973740316843 1.0888692396130809e-10
162.58409176245115 7.017707955789314e-11
162.68844612173385 2.4639805150550735e-11
162.79280048101654 8.885306583728612e-11
162.89715484029927 8.072895948664795e-11
163.00150919958196 2.248296356941697e-11
163.10586355886466 7.16495209340997e-11
163.21021791814735 9.079959472642093e-11
163.31457227743007 2.1529136431942718e-11
163.41892663671277 6.496334689241076e-11
163.52328099599546 1.0504020358488341e-10
163.62763535527816 2.234840144683415e-11
163.73198971456088 6.343748673656606e-11
163.83634407384358 1.1626357956434988e-10
163.94069843312627 2.1392176473126068e-11
164.04505279240897 6.156828736068466e-11
164.14940715169166 1.1802655272637315e-10
164.25376151097439 1.8811060932988492e-11
164.35811587025708 6.605579302727823e-11
164.46247022953978 1.1979138555995405e-10
164.56682458882247 1.8338284184405283e-11
164.6711789481052 7.023227481753417e-11
164.7755333073879 1.1541796278619786e-10
164.8798876666706 1.759129635584464e-11
164.9842420259533 6.984287743898067e-11
165.088596385236 1.0185213810955362e-10
165.19295074451873 1.788365849836012e-11
165.29730510380142 7.273024613515974e-11
165.40165946308412 9.099054013961218e-11
165.5060138223668 2.2976475095501706e-11
165.61036818164953 7.339705235246738e-11
165.71472254093223 7.839972416995821e-11
165.81907690021492 2.934186112253219e-11
165.92343125949762 6.926951191943325e-11
166.02778561878034 6.402013193711434e-11
166.13213997806304 3.828184985456777e-11
166.23649433734573 6.769333420116932e-11
166.34084869662843 5.705017165142341e-11
166.44520305591115 5.050246354194671e-11
166.54955741519385 6.423143464180652e-11
166.65391177447654 5.216798297033038e-11
166.75826613375924 6.02089543974418e-11
166.86262049304196 5.774706563547366e-11
166.96697485232465 5.036955965092754e-11
167.07132921160735 6.911602656716374e-11
167.17568357089007 5.3943760406397825e-11
167.28003793017277 5.514715181510311e-11
167.3843922894555 7.622240974206681e-11
167.48874664873819 5.006907032726641e-11
167.59310100802088 5.990664729007068e-11
167.69745536730358 7.691880815241273e-11
167.8018097265863 4.741325913860525e-11
167.906164085869 6.645425902488547e-11
168.0105184451517 7.516739391521499e-11
168.11487280443438 5.029978527732553e-11
168.2192271637171 7.493770923577308e-11
168.3235815229998 7.051652808374756e-11
168.4279358822825 5.5303830101031484e-11
168.5322902415652 7.891843874888953e-11
168.6366446008479 6.177698961005839e-11
168.7409989601306 6.464915044305783e-11
168.8453533194133 8.274617907768919e-11
168.949707678696 5.535796033591649e-11
169.0540620379787 7.933376884517499e-11
169.15841639726142 8.516180552476102e-11
169.2627707565441 5.0201671095220496e-11
169.3671251158268 9.314257803936088e-11
169.47147947510953 8.152990821199e-11
169.57583383439223 4.687404601136806e-11
169.68018819367495 1.0807092727187045e-10
169.78454255295765 7.778905496477694e-11
169.88889691224034 4.899491739519383e-11
169.99325127152304 1.213879309868106e-10
170.09760563080576 7.247673925678697e-11
170.20195999008845 5.316182549772866e-11
170.30631434937115 1.2751698479466552e-10
170.41066870865384 6.431406506107837e-11
170.51502306793657 5.961872897931731e-11
170.61937742721926 1.3000968646283558e-10
170.72373178650196 5.921354964440007e-11
170.82808614578465 6.813694178446924e-11
170.93244050506738 1.263714911150344e-10
171.03679486435007 5.5114311084226565e-11
171.14114922363277 7.495711510926198e-11
171.24550358291546 1.1718122985085923e-10
171.34985794219818 5.3700401229272576e-11
171.45421230148088 8.081802087012874e-11
171.55856666076357 1.0791986063863637e-10
171.6629210200463 5.7933703329675643e-11
171.767275379329 8.395837664802578e-11
171.87162973861172 9.699370808387083e-11
171.9759840978944 6.313453741271384e-11
172.0803384571771 8.190720980159341e-11
172.1846928164598 8.813605490946516e-11
172.28904717574252 7.172584786867365e-11
172.39340153502522 7.830349827098814e-11
172.49775589430791 8.522253102051228e-11
172.6021102535906 8.241145420842867e-11
172.70646461287333 7.157442798757262e-11
172.81081897215603 8.392008160072346e-11
172.91517333143872 8.828128037534828e-11
173.01952769072142 6.170488498851912e-11
173.1238820500041 8.798851230796483e-11
173.22823640928684 9.404516859176503e-11
173.33259076856953 5.468052721906497e-11
173.43694512785223 9.704170659709889e-11
173.54129948713492 9.657952940241039e-11
173.64565384641764 4.819363632394002e-11
173.75000820570034 1.0439669902004903e-10
173.85436256498303 9.127036275975368e-11
173.95871692426576 4.30042748909159e-11
174.06307128354848 1.1288230844964413e-10
174.16742564283118 8.529196082578446e-11
174.27178000211387 4.3446577954897975e-11
174.37613436139657 1.2027688105119578e-10
174.48048872067926 7.705326339608358e-11
174.58484307996198 4.54277840985781e-11
174.68919743924468 1.2097863998449426e-10
174.79355179852737 6.549564981442543e-11
174.89790615781007 4.9128659029904386e-11
175.0022605170928 1.1826929811071256e-10
175.1066148763755 5.67793126541008e-11
175.21096923565818 5.579010008611982e-11
175.31532359494088 1.117999640659103e-10
175.4196779542236 4.9681424819215294e-11
175.5240323135063 6.100441283553625e-11
175.628386672789 1.0060902968682542e-10
175.7327410320717 4.4961535797298e-11
175.8370953913544 6.508601065023615e-11
175.9414497506371 8.84430822961133e-11
176.0458041099198 4.4860583051742404e-11
176.1501584692025 6.797925664972986e-11
176.25451282848522 7.631304849075596e-11
176.35886718776794 4.659490114025842e-11
176.46322154705064 6.686727767737695e-11
176.56757590633333 6.567391102882327e-11
176.67193026561603 5.1160204620056935e-11
176.77628462489875 6.403294156307036e-11
176.88063898418145 5.876103163686736e-11
176.98499334346414 5.700000256543903e-11
177.08934770274684 5.862404463826613e-11
177.19370206202956 5.412091580737791e-11
177.29805642131225 6.054267307432469e-11
177.40241078059495 5.057385239900838e-11
177.50676513987764 5.357856262633028e-11
177.61111949916037 6.450838024150832e-11
177.71547385844306 4.407471052142576e-11
177.81982821772576 5.668908924373761e-11
177.92418257700845 6.586997315246627e-11
178.02853693629115 3.72711987546598e-11
178.13289129557387 5.984147280402292e-11
178.23724565485657 6.257028546346037e-11
178.34160001413926 3.1416094685443215e-11
178.44595437342196 6.50773905572358e-11
178.5503087327047 5.920309028924451e-11
178.6546630919874 2.996530679167639e-11
178.7590174512701 7.08979831669082e-11
178.8633718105528 5.362817714404713e-11
178.9677261698355 2.949409850615716e-11
179.0720805291182 7.315009547484031e-11
179.1764348884009 4.522488067412231e-11
179.2807892476836 3.113761476473742e-11
179.3851436069663 7.480005495831643e-11
179.48949796624902 3.8743244298208755e-11
179.5938523255317 3.662508054280285e-11
179.6982066848144 7.569800147560782e-11
179.8025610440971 3.313145784254396e-11
179.90691540337983 4.1237954502925663e-11
180.01126976266252 7.214209628009908e-11
180.11562412194522 2.8047366406141798e-11
180.2199784812279 4.60124539430962e-11
180.32433284051064 6.749813663125868e-11
180.42868719979333 2.6497887894882125e-11
180.53304155907603 5.20227060515359e-11
180.63739591835872 6.33013274915721e-11
180.74175027764144 2.7078967488231753e-11
180.84610463692417 5.4524124608255384e-11
180.95045899620686 5.685374622773518e-11
181.05481335548956 2.9281153750157736e-11
181.15916771477225 5.548169974415887e-11
181.26352207405498 5.166894059186222e-11
181.36787643333767 3.410879060185193e-11
181.47223079262037 5.553550637881856e-11
181.57658515190306 4.8921954107100374e-11
181.68093951118578 3.959564411345578e-11
181.78529387046848 5.203666941660706e-11
181.88964822975117 4.712626151483349e-11
181.99400258903387 4.5467533820127285e-11
182.0983569483166 4.806625534309177e-11
182.2027113075993 4.8712197848237426e-11
182.30706566688198 5.1151959731435535e-11
182.41142002616468 4.3643927725667246e-11
182.51577438544737 5.286099713500539e-11
182.6201287447301 5.499258216345231e-11
182.7244831040128 3.86730583260469e-11
182.82883746329549 5.85861211060468e-11
182.93319182257818 5.7296441837868806e-11
183.03754618186093 3.6206634240687566e-11
183.14190054114363 6.68434355746148e-11
183.24625490042632 5.756989694945832e-11
183.35060925970902 3.4938345366997076e-11
183.4549636189917 7.438273737930354e-11
183.55931797827444 5.501129378208393e-11
183.66367233755713 3.578299689333223e-11
183.76802669683983 8.118716115578735e-11
183.87238105612252 5.154616829863189e-11
183.97673541540524 4.0476838993710697e-11
184.08108977468794 8.770374233415528e-11
184.18544413397063 4.778410926285114e-11
184.28979849325333 4.5756882692166954e-11
184.39415285253605 8.952842363345235e-11
184.49850721181875 4.3373935108336916e-11
184.60286157110144 5.26134106153118e-11
184.70721593038414 8.91681191164236e-11
184.81157028966686 4.124354867028868e-11
184.91592464894956 6.12449542733573e-11
185.02027900823225 8.775484192115142e-11
185.12463336751495 4.147284246392711e-11
185.22898772679767 6.701752089100055e-11
185.3333420860804 8.168914657096233e-11
185.4376964453631 4.30880946677496e-11
185.54205080464578 7.177326239983389e-11
185.64640516392848 7.599704164194687e-11
185.7507595232112 4.8069968473227944e-11
185.8551138824939 7.536591274012355e-11
185.9594682417766 7.18828196657339e-11
186.0638226010593 5.4462436685174144e-11
186.168176960342 7.438115932339843e-11
186.2725313196247 6.719430235836941e-11
186.3768856789074 6.038219205280255e-11
186.4812400381901 7.15990024648473e-11
186.58559439747282 6.643646045354333e-11
186.6899487567555 6.676386904902025e-11
186.7943031160382 6.770118399555047e-11
186.8986574753209 6.896843221959787e-11
187.0030118346036 7.121171148066493e-11
187.10736619388632 6.187367826801628e-11
187.21172055316902 7.248955337824081e-11
187.3160749124517 7.23810463020529e-11
187.4204292717344 5.725096680546883e-11
187.52478363101713 7.927992664868109e-11
187.62913799029985 7.191436259096869e-11
187.73349234958255 5.457927061341193e-11
187.83784670886524 8.642381669496469e-11
187.94220106814797 6.851495755657184e-11
188.04655542743066 5.383936166105258e-11
188.15090978671336 9.193152566479915e-11
188.25526414599605 6.269267999393338e-11
188.35961850527875 5.651550105524062e-11
188.46397286456147 9.690079473987666e-11
188.56832722384416 5.6777793053218043e-11
188.67268158312686 6.127451590844082e-11
188.77703594240955 9.831479768266253e-11
188.88139030169228 5.0576819351444466e-11
188.98574466097497 6.740427094156407e-11
189.09009902025767 9.657483835077686e-11
189.19445337954036 4.5647247952407536e-11
189.2988077388231 7.420531526266041e-11
189.40316209810578 9.293333869932494e-11
189.50751645738848 4.328595685595776e-11
189.61187081667117 7.919143739436467e-11
189.7162251759539 8.591523628247154e-11
189.8205795352366 4.278566866344878e-11
189.9249338945193 8.225656982541912e-11
190.029288253802 7.823583424585208e-11
190.1336426130847 4.46507281676079e-11
190.23799697236743 8.254570241861515e-11
190.34235133165012 7.096062430254045e-11
190.44670569093282 4.818665433743698e-11
190.5510600502155 7.924292266977722e-11
190.65541440949823 6.389908394020059e-11
190.75976876878093 5.1871010540540163e-11
190.86412312806362 7.397365288777991e-11
190.96847748734632 5.98424308411866e-11
191.07283184662904 5.551377036630897e-11
191.17718620591174 6.702780384094224e-11
191.28154056519443 5.83159179007879e-11
191.38589492447713 5.7839566992313656e-11
191.49024928375985 5.924500252167429e-11
191.59460364304255 5.856213141807139e-11
191.69895800232524 5.770751242238482e-11
191.80331236160794 5.2482596602824805e-11
191.90766672089063 6.177712278404599e-11
192.01202108017335 5.6130266641452415e-11
192.11637543945605 4.7219312145252744e-11
192.22072979873877 6.570264815790665e-11
192.32508415802147 5.249535766929369e-11
192.4294385173042 4.3964895056667124e-11
192.5337928765869 6.919069377133845e-11
192.63814723586958 4.7086526030519113e-11
192.74250159515228 4.3249029819368384e-11
192.84685595443497 7.248927854207702e-11
192.9512103137177 4.1789576313817654e-11
193.0555646730004 4.4494710941563514e-11
193.15991903228309 7.342028237113972e-11
193.26427339156578 3.63683777749392e-11
193.3686277508485 4.715075712037895e-11
193.4729821101312 7.198646017784061e-11
193.5773364694139 3.162955666431148e-11
193.6816908286966 5.0402854108784036e-11
193.7860451879793 6.86405910026551e-11
193.890399547262 2.879314786927105e-11
193.9947539065447 5.35224164716863e-11
194.0991082658274 6.305059108900236e-11
194.20346262511012 2.7284722650949176e-11
194.30781698439282 5.581107226426091e-11
194.41217134367554 5.663146395317461e-11
194.51652570295823 2.7527684819526062e-11
194.62088006224093 5.647042119127009e-11
194.72523442152365 4.993267732712668e-11
194.82958878080635 2.9558279710758574e-11
194.93394314008904 5.58547361460155e-11
195.03829749937174 4.380673581085741e-11
195.14265185865446 3.2299285694729585e-11
195.24700621793716 5.3624990822779504e-11
195.35136057721985 3.925935521018984e-11
195.45571493650255 3.563309320262973e-11
195.56006929578527 5.004625286069292e-11
195.66442365506796 3.6336185972765934e-11
195.76877801435066 3.8915079956843535e-11
195.87313237363335 4.627447635878993e-11
195.97748673291608 3.562080732560749e-11
196.08184109219877 4.101884378819617e-11
196.18619545148147 4.213181920740414e-11
196.29054981076416 3.704222696011014e-11
196.39490417004686 4.2127620147294485e-11
196.49925852932958 3.853224724687495e-11
196.60361288861228 3.992790409211113e-11
196.707967247895 4.1739484671643505e-11
196.8123216071777 3.637632874697231e-11
196.91667596646042 4.437330272001546e-11
197.0210303257431 3.990608355297069e-11
197.1253846850258 3.5463935247437286e-11
197.2297390443085 4.935800448110812e-11
197.3340934035912 3.7243830091745917e-11
197.43844776287392 3.642398642663678e-11
197.54280212215662 5.406580425659696e-11
197.6471564814393 3.3932941547979514e-11
197.751510840722 3.939837952047145e-11
197.85586520000473 5.843635790488631e-11
197.96021955928742 3.074585476797739e-11
198.06457391857012 4.3430835279187134e-11
198.1689282778528 6.106042880294723e-11
198.27328263713554 2.815225192676668e-11
198.37763699641823 4.84590961162255e-11
198.48199135570093 6.19542628284385e-11
198.58634571498362 2.6584530434025116e-11
198.69070007426635 5.372541600792665e-11
198.79505443354904 6.139698767716035e-11
198.89940879283174 2.6649937135462776e-11
199.00376315211446 5.7953092381206326e-11
199.10811751139715 5.870011621601834e-11
199.21247187067988 2.8229567771326736e-11
199.31682622996257 6.118092943068243e-11
199.42118058924527 5.5338413083810245e-11
199.52553494852796 3.1565775049862394e-11
199.62988930781069 6.282994145816831e-11
199.73424366709338 5.2002978817443625e-11
199.83859802637608 3.6431416732145335e-11
199.94295238565877 6.256390165791423e-11
