0.0 0.0
0.10435435928270291 8.19104245459733e-12
0.20870871856540582 6.065782822774041e-10
0.3130630778481087 1.8295389022064016e-09
0.41741743713081164 3.1294703488375674e-07
0.5217717964135146 3.0963264886473096e-06
0.6261261556962174 0.0004137128720632937
0.7304805149789203 0.0036824139035409598
0.8348348742616233 0.008865998852028913
0.9391892335443263 0.006786907834640167
1.0435435928270291 0.0011974525960213019
1.1478979521097321 2.039349249279221e-07
1.2522523113924349 1.1570062743935286e-05
1.3566066706751378 4.273073578343456e-06
1.4609610299578406 7.335771663411608e-08
1.5653153892405436 1.2958482863506604e-06
1.6696697485232466 3.5777987694777406e-07
1.7740241078059495 9.273533794400547e-08
1.8783784670886525 3.3095759494593866e-07
1.9827328263713553 1.1881436956632527e-07
2.0870871856540583 4.3533348555650066e-07
2.1914415449367612 2.492648390580129e-07
2.2957959042194642 2.5334953047357263e-06
2.400150263502167 5.4401216203526265e-06
2.5045046227848697 4.042719996995332e-06
2.6088589820675727 3.7139197279163344e-06
2.7132133413502757 2.349114762305901e-06
2.8175677006329787 2.659129545274418e-07
2.921922059915681 3.582692229482718e-08
3.026276419198384 6.657786449224859e-08
3.130630778481087 6.644092555041274e-09
3.23498513776379 9.013974467255513e-09
3.339339497046493 2.0875585349570886e-08
3.4436938563291957 5.8162330780942e-09
3.548048215611899 2.437039124282916e-08
3.6524025748946016 4.877526517608373e-09
3.756756934177305 4.9556456822488466e-09
3.8611112934600076 3.417019571084796e-08
3.9654656527427106 6.305936698563803e-10
4.0698200120254135 2.366561232335532e-09
4.1741743713081165 3.8619578062945356e-08
4.2785287305908195 6.075116684414235e-10
4.3828830898735225 1.5359076262076936e-09
4.4872374491562255 3.077629019478094e-08
4.5915918084389284 2.5067308463618587e-10
4.6959461677216305 1.7480810826325607e-08
4.800300527004334 1.0295089870366168e-08
4.9046548862870365 1.445377602272641e-07
5.0090092455697395 4.563521646750425e-07
5.1133636048524425 6.560375081731818e-07
5.217717964135145 1.5003850846113036e-06
5.322072323417848 3.036532865690697e-06
5.426426682700551 4.439059778365807e-06
5.530781041983254 7.380564217097373e-06
5.635135401265957 1.2262989098834187e-05
5.73948976054866 1.7236170403739217e-05
5.843844119831362 2.5017472083972325e-05
5.948198479114066 3.6966781953343254e-05
6.052552838396768 4.963467551452546e-05
6.156907197679472 6.649796440397314e-05
6.261261556962174 9.063049267346156e-05
6.365615916244878 0.00011645307124708148
6.46997027552758 0.0001473431146770923
6.574324634810284 0.00018878070915893518
6.678678994092986 0.00023277474708050737
6.783033353375689 0.0002812375431225037
6.887387712658391 0.00034246542215835365
6.991742071941095 0.00040627449987949433
7.096096431223798 0.0004715882423027875
7.200450790506501 0.000549505512776858
7.304805149789203 0.0006285436582582649
7.409159509071906 0.0007034349204423872
7.51351386835461 0.0007875853443993221
7.617868227637313 0.0008698457677994259
7.722222586920015 0.0009404562531456469
7.826576946202718 0.0010142308873362631
7.930931305485421 0.001082430314111341
8.035285664768125 0.0011316063327922185
8.139640024050827 0.0011767668125411224
8.24399438333353 0.00121355943495476
8.348348742616233 0.0012266430745466682
8.452703101898935 0.0012299338248596189
8.557057461181639 0.0012246683626416183
8.661411820464341 0.0011956766646046908
8.765766179747045 0.0011544803226875928
8.870120539029747 0.0011078734584732861
8.974474898312451 0.0010426230303194784
9.078829257595153 0.0009667874996640571
9.183183616877857 0.0008912744435671964
9.287537976160559 0.0008057012936593875
9.391892335443261 0.0007141083620733045
9.496246694725965 0.0006291002170399047
9.600601054008669 0.0005431412843939429
9.704955413291371 0.0004564864627459466
9.809309772574073 0.000380900725433176
9.913664131856777 0.00031108148440601297
10.018018491139479 0.00024448427906068043
10.122372850422183 0.00019016983314329707
10.226727209704885 0.00014435749856796915
10.331081568987589 0.00010322599589746782
10.43543592827029 7.242311270616185e-05
10.539790287552993 4.920482326542331e-05
10.644144646835697 2.9989129294302377e-05
10.7484990061184 1.7368925386779673e-05
10.852853365401103 9.413455593641954e-06
10.957207724683805 3.8007807048613368e-06
11.061562083966509 1.117253298233944e-06
11.165916443249213 1.639806300565529e-07
11.270270802531915 9.071375242785367e-08
11.374625161814617 5.84076929346873e-07
11.47897952109732 1.0500157968750736e-06
11.583333880380025 1.6641758855194008e-06
11.687688239662725 2.006358637148628e-06
11.792042598945429 1.8734681242242868e-06
11.896396958228133 1.7688439201276923e-06
12.000751317510835 1.4893751326801127e-06
12.105105676793537 9.851290598469334e-07
12.20946003607624 5.928440231471386e-07
12.313814395358945 3.0804247973042927e-07
12.418168754641647 9.639596459441863e-08
12.522523113924349 2.3942796696331253e-08
12.626877473207053 9.019012583694982e-08
12.731231832489756 2.5589034669220536e-07
12.835586191772459 5.244828313255454e-07
12.93994055105516 7.362793092931959e-07
13.044294910337864 9.114817810264054e-07
13.148649269620568 1.216471234682049e-06
13.253003628903269 1.2499821903863418e-06
13.357357988185973 1.1283576930231645e-06
13.461712347468676 1.2326095652583543e-06
13.566066706751378 1.0277380723311723e-06
13.67042106603408 7.043322845727717e-07
13.774775425316783 6.902827275924502e-07
13.879129784599488 4.7433140475599633e-07
13.98348414388219 2.1752905212106784e-07
14.087838503164894 1.972529400517735e-07
14.192192862447596 1.3583416081240846e-07
14.296547221730298 8.574475929433679e-08
14.400901581013002 8.460741733940392e-08
14.505255940295704 1.7683769112212717e-07
14.609610299578407 2.466373442557979e-07
14.71396465886111 2.1147478099601165e-07
14.818319018143812 3.4493198064412953e-07
14.922673377426518 3.9773782372384016e-07
15.02702773670922 3.282399027910773e-07
15.131382095991922 3.7987332211343196e-07
15.235736455274626 2.867670653368263e-07
15.340090814557328 2.2009235862143074e-07
15.44444517384003 2.3558938577381817e-07
15.548799533122734 1.5966623893417777e-07
15.653153892405436 2.836133061299939e-07
15.757508251688138 2.9823530287034346e-07
15.861862610970842 2.67936081932348e-07
15.966216970253544 4.634378733247754e-07
16.07057132953625 4.4238725608345475e-07
16.174925688818952 5.810786434280589e-07
16.279280048101654 8.809592185705492e-07
16.38363440738436 8.927425722362937e-07
16.48798876666706 1.0228328255371325e-06
16.59234312594976 9.503106572927775e-07
16.696697485232466 5.370775685717602e-07
16.801051844515168 6.212431084018236e-07
16.90540620379787 6.788437503842434e-07
17.009760563080576 5.962023258116947e-07
17.114114922363278 8.157475327224086e-07
17.21846928164598 7.983632419107554e-07
17.322823640928682 3.1814200063158235e-07
17.427178000211384 2.736083392406166e-07
17.53153235949409 5.788288086082735e-07
17.635886718776792 4.370262415748591e-07
17.740241078059494 4.972631723727854e-07
17.8445954373422 8.189599621574304e-07
17.948949796624902 3.071455015310532e-07
18.053304155907604 6.245731455184271e-07
18.157658515190306 1.9672494650429456e-06
18.262012874473008 1.6568566843269312e-06
18.366367233755714 8.351089926845198e-07
18.470721593038416 5.828783729508096e-07
18.575075952321118 2.928834393724177e-09
18.679430311603824 1.0116573207856768e-06
18.783784670886522 1.9809283628249416e-06
18.888139030169224 1.1158653560513508e-06
18.99249338945193 4.1558684683880654e-07
19.096847748734632 5.548589334961357e-07
19.201202108017338 6.140398331772043e-07
19.30555646730004 8.489329995325475e-07
19.409910826582742 3.1642412135058613e-07
19.514265185865444 3.9971303583958776e-07
19.618619545148146 2.1143088515368917e-07
19.722973904430848 6.837966184483689e-07
19.827328263713554 9.647791461153013e-07
19.931682622996256 3.13922730975079e-07
20.036036982278958 4.9606723207535605e-06
20.140391341561664 1.1412860054634366e-05
20.244745700844366 1.2748046082594806e-05
20.349100060127068 9.731539495874793e-06
20.45345441940977 1.5669932818824024e-05
20.557808778692472 1.1349564429836626e-05
20.662163137975178 6.95644492672221e-06
20.76651749725788 1.6395464843108058e-06
20.87087185654058 5.514750746489369e-07
20.975226215823287 1.8274708186247796e-06
21.079580575105986 1.5420483142777685e-06
21.18393493438869 1.4331832135791773e-07
21.288289293671394 3.1508716971353124e-07
21.392643652954096 8.779363786001806e-07
21.4969980122368 2.5000890681087588e-06
21.601352371519503 4.6552432030396564e-06
21.705706730802206 3.8111881338068223e-06
21.810061090084908 1.1785284551725912e-06
21.91441544936761 1.1796234594765209e-07
22.018769808650312 3.199678759507888e-07
22.123124167933018 2.0414160326599206e-06
22.22747852721572 3.4329215404639098e-06
22.331832886498425 3.6062143791163028e-06
22.436187245781127 1.8249889825635094e-06
22.54054160506383 7.694520929191357e-08
22.64489596434653 1.2719816110201968e-06
22.749250323629234 3.444631653973757e-06
22.853604682911936 2.4649072618485003e-06
22.95795904219464 1.3235273913158014e-07
23.062313401477343 1.7119285105847208e-06
23.16666776076005 4.9562642583551855e-06
23.27102212004275 5.086645273161169e-06
23.37537647932545 2.5366049109650194e-06
23.479730838608155 2.0375436671249895e-06
23.584085197890857 3.81584146208836e-06
23.68843955717356 3.4642890425744902e-06
23.792793916456265 1.6404811908752222e-06
23.897148275738967 8.509884620446229e-07
24.00150263502167 2.4192192861391073e-06
24.10585699430437 4.176430449185302e-06
24.210211353587074 3.653111013941821e-06
24.31456571286978 2.4605596484047534e-06
24.41892007215248 2.0122720442803345e-06
24.523274431435183 2.626426405943758e-06
24.62762879071789 3.5631954208203933e-06
24.73198315000059 3.312079684541598e-06
24.836337509283293 1.77372463923119e-06
24.940691868565995 3.9037584456207713e-07
25.045046227848697 2.7557345269268147e-07
25.1494005871314 6.525629031345007e-07
25.253754946414105 7.816090637594034e-07
25.358109305696807 5.86761011204136e-07
25.462463664979513 4.703450233289269e-07
25.566818024262215 3.9467786936070727e-07
25.671172383544917 5.92538774874641e-07
25.77552674282762 5.60855599334307e-07
25.87988110211032 4.5157299801915584e-07
25.984235461393023 5.632813632452432e-07
26.08858982067573 8.02355484734405e-07
26.19294417995843 7.205624429812439e-07
26.297298539241137 5.359085190037536e-07
26.401652898523835 2.437149114438554e-07
26.506007257806537 8.858322656806758e-08
26.610361617089243 7.399284223431168e-09
26.714715976371945 2.8141250801801048e-08
26.819070335654647 5.910729229843802e-08
26.923424694937353 2.1252262487095156e-07
27.027779054220055 1.0399260982520044e-06
27.132133413502757 2.011632636054731e-06
27.23648777278546 2.4262337001554467e-06
27.34084213206816 2.171400745531055e-06
27.445196491350863 2.302363247680169e-06
27.549550850633565 2.786713434853356e-06
27.653905209916275 3.2777156717756266e-06
27.758259569198977 2.949267437041205e-06
27.86261392848168 2.5352452523622274e-06
27.96696828776438 1.930922797507582e-06
28.07132264704708 1.1732258835985374e-06
28.17567700632979 3.89347853733613e-07
28.28003136561249 3.665895990164755e-08
28.384385724895193 5.5210423243640824e-08
28.488740084177895 2.599033662301271e-07
28.593094443460597 5.726479232346587e-07
28.6974488027433 1.1092499375389943e-06
28.801803162026005 1.9532590937432343e-06
28.906157521308707 2.44237602811374e-06
29.01051188059141 2.6874003764172522e-06
29.11486623987411 2.7227351110751308e-06
29.219220599156813 2.64583919682982e-06
29.323574958439522 2.0066755838994717e-06
29.42792931772222 1.1747273082575405e-06
29.532283677004923 4.741942540747438e-07
29.636638036287625 2.3343764315135444e-07
29.740992395570327 1.540952643594401e-07
29.845346754853036 9.172891994511952e-08
29.94970111413574 2.9265766580354838e-08
30.05405547341844 4.3540612173863685e-08
30.158409832701143 1.8611461960093683e-07
30.262764191983845 3.791187709403737e-07
30.367118551266543 4.3207189531402097e-07
30.471472910549252 2.53827612391252e-07
30.575827269831954 8.795008030870205e-08
30.680181629114657 5.839582636862194e-08
30.78453598839736 1.75790592140144e-07
30.88889034768006 3.577653075620896e-07
30.993244706962766 4.172114317831724e-07
31.09759906624547 2.771570518996036e-07
31.20195342552817 1.1832661049392963e-07
31.306307784810873 4.264812017613744e-08
31.410662144093575 3.749150231282757e-08
31.515016503376277 2.5226298473618088e-08
31.619370862658986 1.6494523354351793e-08
31.723725221941685 1.4464247045703526e-08
31.828079581224387 5.926794023161349e-08
31.93243394050709 1.7751589178872025e-07
32.03678829978979 3.2744265326492905e-07
32.1411426590725 2.9514587934467663e-07
32.2454970183552 1.6871385801810162e-07
32.349851377637904 7.360820821053564e-08
32.454205736920606 2.6762071560617893e-08
32.55856009620331 1.2750674594739581e-08
32.66291445548601 5.5513019005533076e-09
32.76726881476872 1.3572735434298436e-10
32.87162317405142 1.267704939407454e-09
32.97597753333412 8.289025419285199e-10
33.08033189261682 6.053384880128552e-09
33.18468625189952 1.877779609196053e-08
33.28904061118223 2.8603194257136446e-08
33.39339497046493 4.3288911784054386e-08
33.497749329747634 4.1214581413863055e-08
33.602103689030336 1.984609279104647e-08
33.70645804831304 2.1633961752904354e-08
33.81081240759574 3.332768872662277e-08
33.91516676687845 3.965542512149319e-08
34.01952112616115 4.7245765040521784e-08
34.123875485443854 5.152859279951125e-08
34.228229844726556 5.3730948426154786e-08
34.33258420400926 2.5389181520188378e-08
34.43693856329196 7.158759210439526e-09
34.54129292257466 3.077800671465246e-09
34.645647281857364 4.604343177418235e-10
34.75000164114007 8.892558411486766e-10
34.85435600042277 6.636271459194752e-09
34.95871035970548 7.47401745276446e-09
35.06306471898818 1.2497085105745317e-08
35.16741907827088 3.666330717675044e-08
35.271773437553584 6.291057413192046e-08
35.376127796836286 8.108573230300353e-08
35.48048215611899 7.993352942026255e-08
35.5848365154017 8.52383321259734e-08
35.6891908746844 7.868354974619263e-08
35.7935452339671 4.579684607134032e-08
35.897899593249804 2.5537651736156716e-08
36.002253952532506 1.244629754573905e-08
36.10660831181521 7.674044000395328e-09
36.21096267109791 4.117563926611251e-09
36.31531703038061 1.4909486339021557e-09
36.419671389663314 8.398682917839938e-10
36.524025748946016 5.058401640040697e-09
36.62838010822872 1.5054076328219296e-08
36.73273446751143 2.988347576669996e-08
36.83708882679413 4.809757554660886e-08
36.94144318607683 5.5174613596469334e-08
37.045797545359534 6.5093404257547e-08
37.150151904642236 6.446868497557235e-08
37.254506263924945 5.5055681487062104e-08
37.35886062320765 4.51031741272624e-08
37.46321498249035 3.271094321649854e-08
37.567569341773044 2.9208830460800818e-08
37.671923701055746 1.915615275180011e-08
37.77627806033845 9.702180624299939e-09
37.88063241962116 2.558189266479522e-09
37.98498677890386 3.903462518645785e-11
38.08934113818656 3.691749991848446e-10
38.193695497469264 3.671643611562628e-09
38.298049856751966 6.9997837243179134e-09
38.402404216034675 7.723688311812138e-09
38.50675857531738 1.0301451005124426e-08
38.61111293460008 1.351762330844097e-08
38.71546729388278 2.3176313750463312e-08
38.819821653165484 3.127940068963774e-08
38.924176012448186 4.234311648760275e-08
39.02853037173089 5.528869983261571e-08
39.13288473101359 5.5400532542096034e-08
39.23723909029629 5.556790179942825e-08
39.341593449578994 4.74435581287979e-08
39.445947808861696 3.6612488587844836e-08
39.550302168144405 2.4367805285868158e-08
39.65465652742711 1.4534793001284004e-08
39.75901088670981 1.1747115802582454e-08
39.86336524599251 5.161912216066205e-09
39.967719605275214 8.529995166850346e-10
40.072073964557916 1.8487839279790566e-09
40.176428323840625 7.380220509227199e-09
40.28078268312333 1.5258286514283686e-08
40.38513704240603 3.139034527617508e-08
40.48949140168873 3.555306617583411e-08
40.59384576097143 3.012183319979923e-08
40.698200120254135 3.1663571738770474e-08
40.80255447953684 3.329597601295181e-08
40.90690883881954 3.2268512613113085e-08
41.01126319810224 2.4082548834069253e-08
41.115617557384944 2.4363896736960416e-08
41.21997191666765 2.7865990415421588e-08
41.324326275950355 1.9054900493072022e-08
41.42868063523306 1.0259120729397866e-08
41.53303499451576 4.977334565293603e-09
41.63738935379846 2.483390231222847e-09
41.74174371308116 1.507163726482151e-09
41.84609807236387 3.1447851887335668e-09
41.950452431646575 3.4886574995368734e-09
42.05480679092928 6.8587986186839924e-09
42.15916115021197 1.5394862694600692e-08
42.263515509494674 2.503725055787877e-08
42.36786986877738 3.277568604107008e-08
42.472224228060085 3.8329421030455987e-08
42.57657858734279 5.210089277802548e-08
42.68093294662549 5.323824573673848e-08
42.78528730590819 4.497640781407932e-08
42.889641665190894 4.063698362580255e-08
42.9939960244736 3.9416569129060696e-08
43.098350383756305 3.835906613311836e-08
43.20270474303901 2.818155314068384e-08
43.30705910232171 2.4603641419157207e-08
43.41141346160441 2.206387207248768e-08
43.51576782088712 1.2991698192090889e-08
43.620122180169815 5.150197433027092e-09
43.72447653945252 1.2807549772655932e-09
43.82883089873522 6.463649137606872e-10
43.93318525801792 3.8049338515672355e-09
44.037539617300624 9.907985816798843e-09
44.14189397658333 1.0240998320044267e-08
44.246248335866035 1.5363477739502684e-08
44.35060269514874 2.747276275577516e-08
44.45495705443144 3.796034300270148e-08
44.55931141371414 3.867705442114185e-08
44.66366577299685 3.7361175309143275e-08
44.76802013227955 4.5916065489003956e-08
44.872374491562255 4.307731268256761e-08
44.97672885084496 3.10642725583537e-08
45.08108321012766 2.295743548534611e-08
45.18543756941036 1.900152828394527e-08
45.28979192869306 1.6405710200157834e-08
45.394146287975765 1.0050438845378978e-08
45.49850064725847 7.3488683913733594e-09
45.60285500654117 5.8012264517020155e-09
45.70720936582387 2.552356335719629e-09
45.81156372510658 1.1905748056089033e-09
45.91591808438928 2.1342755251925776e-09
46.020272443671985 4.538596609276302e-09
46.12462680295469 9.767215426184222e-09
46.22898116223739 1.660686144429921e-08
46.3333355215201 1.7124461364912586e-08
46.4376898808028 1.9578861508786246e-08
46.5420442400855 2.4180051157398807e-08
46.646398599368204 3.038283101887135e-08
46.7507529586509 3.377591464496256e-08
46.8551073179336 3.533527538178021e-08
46.95946167721631 4.082222290400281e-08
47.06381603649901 3.6183632191811845e-08
47.168170395781715 2.7892227503681523e-08
47.27252475506442 2.2654675176802457e-08
47.37687911434712 2.0823066373191227e-08
47.48123347362983 1.777018133172863e-08
47.58558783291253 1.0235869212266739e-08
47.68994219219523 7.0015000892900715e-09
47.794296551477935 5.126662424186333e-09
47.89865091076064 3.406539064552237e-09
48.00300527004334 2.660533469553178e-09
48.10735962932605 4.280062129913794e-09
48.21171398860874 7.236473665769391e-09
48.316068347891445 1.3584388095879326e-08
48.42042270717415 2.0285190857065057e-08
48.52477706645685 1.993711783622182e-08
48.62913142573956 2.102785754604145e-08
48.73348578502226 2.4825500052991992e-08
48.83784014430496 3.067004578312907e-08
48.942194503587665 3.127607944745084e-08
49.04654886287037 2.881600432632545e-08
49.15090322215307 3.083766394682182e-08
49.25525758143578 2.8656101159489932e-08
49.35961194071848 2.422550621884188e-08
49.46396630000118 1.9432071809334655e-08
49.568320659283884 1.7427019603073453e-08
49.672675018566586 1.670387962254828e-08
49.77702937784929 1.3293404103005827e-08
49.88138373713199 1.1522756948806027e-08
49.98573809641469 8.747291681453253e-09
50.090092455697395 5.915053957852894e-09
50.1944468149801 3.1635533051860346e-09
50.2988011742628 3.3835014114930925e-09
50.40315553354551 5.888803876676087e-09
50.50750989282821 9.894413816574648e-09
50.61186425211091 1.4494645917823992e-08
50.716218611393614 1.7284554803630277e-08
50.82057297067632 2.2308035635089212e-08
50.924927329959026 2.677089365779303e-08
51.02928168924173 3.1449860783966966e-08
51.13363604852443 3.279594181324514e-08
51.23799040780713 3.366118475519506e-08
51.342344767089834 3.6567505881317484e-08
51.446699126372536 3.329817491626701e-08
51.55105348565524 2.819664774261235e-08
51.65540784493794 2.356020725391412e-08
51.75976220422064 2.211724979094192e-08
51.864116563503345 2.1347021688683955e-08
51.96847092278605 1.670221009213862e-08
52.072825282068756 1.2931556130500499e-08
52.17717964135146 8.982342313421967e-09
52.28153400063416 6.4989133064689905e-09
52.38588835991686 4.311175327157753e-09
52.490242719199564 3.958168577338933e-09
52.59459707848227 5.485105447104474e-09
52.698951437764975 8.273496178785286e-09
52.80330579704767 1.1687732227645477e-08
52.90766015633037 1.2939504495936592e-08
53.012014515613075 1.4798637589986156e-08
53.11636887489578 1.612587695828355e-08
53.220723234178486 1.9837053527022617e-08
53.32507759346119 2.3184430194659764e-08
53.42943195274389 2.4764036893862822e-08
53.53378631202659 2.6399420457460543e-08
53.638140671309294 2.694699006892832e-08
53.742495030592 2.9419338844604678e-08
53.846849389874706 2.8809545075716386e-08
53.95120374915741 2.7116933124479928e-08
54.05555810844011 2.6961262761514085e-08
54.15991246772281 2.660944956074648e-08
54.264266827005514 2.5621517071918945e-08
54.368621186288216 1.968140915804455e-08
54.47297554557092 1.4523257837369045e-08
54.57732990485362 1.0813325246847263e-08
54.68168426413632 7.966965817781662e-09
54.786038623419024 6.004909775639067e-09
54.89039298270173 4.359163967681461e-09
54.99474734198443 4.735155289802384e-09
55.09910170126713 5.258835817939225e-09
55.20345606054985 6.493198904809213e-09
55.30781041983255 7.172284691549445e-09
55.41216477911525 1.00271513871091e-08
55.51651913839795 1.4530216390645125e-08
55.620873497680655 1.8540765408928768e-08
55.72522785696336 2.112320614628048e-08
55.82958221624606 2.2166565703794666e-08
55.93393657552876 2.5582728179805938e-08
56.03829093481146 2.7105326874962778e-08
56.14264529409416 2.7841164878555375e-08
56.24699965337686 2.992508896371782e-08
56.35135401265958 3.182457798362803e-08
56.45570837194228 3.277881249127176e-08
56.56006273122498 2.9410604455302537e-08
56.66441709050768 2.774434185764168e-08
56.768771449790385 2.5734735923858912e-08
56.87312580907309 2.0513807115106277e-08
56.97748016835579 1.5549084848266515e-08
57.08183452763849 1.2149370595230315e-08
57.186188886921194 1.121168841151218e-08
57.290543246203896 7.841373384612047e-09
57.3948976054866 4.28399422139437e-09
57.49925196476931 2.674650009748644e-09
57.60360632405201 3.3065242624131185e-09
57.70796068333471 5.748441043698096e-09
57.81231504261741 7.819862071267541e-09
57.916669401900116 9.602417905684319e-09
58.02102376118282 1.147315202321835e-08
58.12537812046552 1.5741644437167298e-08
58.22973247974822 1.79649060122543e-08
58.334086839030924 1.885883627004463e-08
58.438441198313626 2.2103236974920346e-08
58.54279555759633 2.7260352435684367e-08
58.647149916879044 3.107434062901853e-08
58.75150427616175 2.885522836307194e-08
58.85585863544444 2.8010418160800488e-08
58.960212994727144 2.898664060948988e-08
59.064567354009846 2.827600497542769e-08
59.16892171329255 2.6837292448656585e-08
59.27327607257525 2.57919940778228e-08
59.37763043185795 2.734946101616512e-08
59.481984791140654 2.5138128515778896e-08
59.586339150423356 2.0520932866891837e-08
59.69069350970607 1.7556375968396945e-08
59.795047868988775 1.4942178560480698e-08
59.89940222827148 1.2119174871163477e-08
60.00375658755418 8.355537876251724e-09
60.10811094683688 6.96832990648582e-09
60.21246530611958 6.257711852814521e-09
60.316819665402285 4.688733935395514e-09
60.42117402468499 3.3588817023848556e-09
60.52552838396769 3.3990781178054755e-09
60.629882743250384 6.13753892407983e-09
60.734237102533086 1.0190768195975858e-08
60.8385914618158 1.3617722615494907e-08
60.942945821098505 1.4382698129423015e-08
61.04730018038121 1.7511880054781637e-08
61.15165453966391 2.2358006025820856e-08
61.25600889894661 2.4423777819649506e-08
61.36036325822931 2.5383916657901777e-08
61.464717617512015 2.8056430610500914e-08
61.56907197679472 3.402505348552095e-08
61.67342633607742 3.497761437789104e-08
61.77778069536012 3.18965367085273e-08
61.88213505464282 3.1338574259276716e-08
61.98648941392553 3.1463155880328484e-08
62.090843773208235 3.004541829772642e-08
62.19519813249094 2.5854194468181848e-08
62.29955249177364 2.4616660257229935e-08
62.40390685105634 2.4627198420110835e-08
62.50826121033904 2.1463290834054733e-08
62.612615569621745 1.7574115385606474e-08
62.71696992890445 1.442423303079062e-08
62.82132428818715 1.271692034402447e-08
62.92567864746985 9.662946967284838e-09
63.030033006752554 6.957459590314667e-09
63.13438736603527 6.0413782567169605e-09
63.23874172531797 5.689565778710052e-09
63.343096084600674 5.410588238869851e-09
63.44745044388337 4.472856568663543e-09
63.55180480316607 5.034414345591664e-09
63.65615916244877 6.937404774677563e-09
63.760513521731475 9.951907960003002e-09
63.86486788101418 1.1820022469246705e-08
63.96922224029688 1.3314560199991446e-08
64.07357659957958 1.6984301962119094e-08
64.17793095886229 2.000546963753009e-08
64.282285318145 2.1667594777510057e-08
64.3866396774277 2.2501185269515604e-08
64.4909940367104 2.6791403883452364e-08
64.5953483959931 3.228434822338589e-08
64.69970275527581 3.387553063896472e-08
64.8040571145585 3.469632264612248e-08
64.90841147384121 3.6257839904771614e-08
65.01276583312391 3.807055281912874e-08
65.11712019240662 3.578568343411788e-08
65.22147455168931 3.2329711596791644e-08
65.32582891097202 3.2218906844070485e-08
65.43018327025473 3.143328391778594e-08
65.53453762953744 2.9017941937685652e-08
65.63889198882013 2.509529673978585e-08
65.74324634810284 2.260618250424098e-08
65.84760070738554 2.02840760580882e-08
65.95195506666823 1.5900019440341168e-08
66.05630942595094 1.2528991625390158e-08
66.16066378523364 1.0071582940195394e-08
66.26501814451635 8.597260139363343e-09
66.36937250379904 6.744640080760098e-09
66.47372686308175 5.021089073925122e-09
66.57808122236446 4.340508753117992e-09
66.68243558164717 4.1749432883036e-09
66.78678994092986 4.98646655759312e-09
66.89114430021257 5.892945471980923e-09
66.99549865949527 7.84352185551904e-09
67.09985301877798 9.932869199960115e-09
67.20420737806067 1.1743215306098707e-08
67.30856173734338 1.2958462044543763e-08
67.41291609662608 1.419925090552908e-08
67.51727045590879 1.7162119540345366e-08
67.62162481519148 1.995312174745693e-08
67.72597917447419 2.330707997204438e-08
67.8303335337569 2.6747530420624566e-08
67.9346878930396 3.075365264058178e-08
68.0390422523223 3.437748611446892e-08
68.143396611605 3.5488942185547195e-08
68.24775097088771 3.739815088452357e-08
68.3521053301704 3.950091668195623e-08
68.45645968945311 4.1746468656491085e-08
68.5608140487358 4.269512883689485e-08
68.66516840801852 4.199913157630633e-08
68.76952276730121 4.2135711207389464e-08
68.87387712658392 4.0242892541177506e-08
68.97823148586663 3.711804780313891e-08
69.08258584514932 3.330323129965924e-08
69.18694020443203 3.0048815447676094e-08
69.29129456371473 2.814963253243195e-08
69.39564892299744 2.4781664642570048e-08
69.50000328228013 2.131786818518272e-08
69.60435764156284 1.7765531233602394e-08
69.70871200084554 1.4776296754842263e-08
69.81306636012825 1.2183086282980564e-08
69.91742071941096 9.402884088486411e-09
70.02177507869366 8.0329094947996e-09
70.12612943797636 7.254819061391887e-09
70.23048379725907 6.9649894904903146e-09
70.33483815654176 5.98732549670213e-09
70.43919251582446 4.687105376047384e-09
70.54354687510717 4.0290705525564035e-09
70.64790123438986 3.841754700567811e-09
70.75225559367257 4.542950344077363e-09
70.85660995295527 5.328256078380414e-09
70.96096431223798 6.972133021995796e-09
71.06531867152069 9.222881181004422e-09
71.1696730308034 1.21386070880069e-08
71.27402739008609 1.5064746147778428e-08
71.3783817493688 1.8056557067032168e-08
71.4827361086515 2.2805962298284734e-08
71.5870904679342 2.7125966242573027e-08
71.6914448272169 3.0769988361427814e-08
71.79579918649961 3.371082961485994e-08
71.9001535457823 3.6916131941252515e-08
72.00450790506501 3.9926465076952416e-08
72.1088622643477 4.0727892054124854e-08
72.21321662363042 4.3070573508319713e-08
72.31757098291313 4.632450286421894e-08
72.42192534219582 4.842620320518838e-08
72.52627970147853 4.873309683159574e-08
72.63063406076122 4.861677191234491e-08
72.73498842004393 5.0149268603812486e-08
72.83934277932663 4.8690259304765096e-08
72.94369713860934 4.5735615206953945e-08
73.04805149789203 4.484511713748585e-08
73.15240585717474 4.5295676726992616e-08
73.25676021645744 4.4787246538033344e-08
73.36111457574015 4.1513709118935066e-08
73.46546893502286 4.039348204591439e-08
73.56982329430555 4.025675981765632e-08
73.67417765358826 3.716807203798208e-08
73.77853201287095 3.285419031119442e-08
73.88288637215366 2.977360188746194e-08
73.98724073143636 2.8520050585191028e-08
74.09159509071907 2.4884548273059446e-08
74.19594945000176 2.00549066648581e-08
74.30030380928447 1.7237436876139475e-08
74.40465816856717 1.4784715603476918e-08
74.50901252784989 1.1663461188992259e-08
74.61336688713259 8.182906212097514e-09
74.7177212464153 6.497206547494658e-09
74.82207560569799 5.78813525935738e-09
74.9264299649807 4.547090968481155e-09
75.0307843242634 3.2898577098232993e-09
75.13513868354609 2.4507219568219667e-09
75.2394930428288 2.479031094701675e-09
75.34384740211149 2.634982244114515e-09
75.4482017613942 3.1529547264132147e-09
75.5525561206769 4.0507977540885604e-09
75.65691047995962 6.087489854949788e-09
75.76126483924232 8.757704732263058e-09
75.86561919852502 1.0229398703404884e-08
75.96997355780772 1.1814656762568881e-08
76.07432791709043 1.4503488798683603e-08
76.17868227637312 1.804925704001762e-08
76.28303663565583 2.0150975132763787e-08
76.38739099493853 2.2066666396451555e-08
76.49174535422124 2.657188539151129e-08
76.59609971350393 3.0704456690551235e-08
76.70045407278664 3.3111131869632855e-08
76.80480843206935 3.549945911412876e-08
76.90916279135205 4.133301653069232e-08
77.01351715063475 4.7963800808431e-08
77.11787150991745 5.0882267913641065e-08
77.22222586920016 5.47016983307673e-08
77.32658022848285 6.083106124743978e-08
77.43093458776556 6.549853720557578e-08
77.53528894704826 6.57476801157695e-08
77.63964330633097 6.619216836047602e-08
77.74399766561366 7.133615131736983e-08
77.84835202489637 7.44928238028866e-08
77.95270638417908 7.473909331500509e-08
78.05706074346178 7.656810456537849e-08
78.16141510274448 8.096747701795568e-08
78.26576946202718 8.345215685196486e-08
78.37012382130989 8.113269220658718e-08
78.47447818059258 8.150926122203539e-08
78.5788325398753 8.432112912635574e-08
78.68318689915799 8.44153530429768e-08
78.7875412584407 8.285887451025222e-08
78.89189561772339 8.287891308060692e-08
78.9962499770061 8.534874214199426e-08
79.10060433628881 8.42468637673943e-08
79.20495869557152 8.170527524018429e-08
79.30931305485421 8.276769119912541e-08
79.41366741413692 8.42579158184209e-08
79.51802177341962 8.391049247289422e-08
79.62237613270231 8.229869660136198e-08
79.72673049198502 8.34016782899855e-08
79.83108485126772 8.376453258820987e-08
79.93543921055043 7.925029542614994e-08
80.03979356983312 7.528618697825379e-08
80.14414792911583 7.294400118877153e-08
80.24850228839854 6.988866066031815e-08
80.35285664768125 6.459827736011017e-08
80.45721100696395 6.055247815945955e-08
80.56156536624665 6.018535325887475e-08
80.66591972552935 5.819947491612482e-08
80.77027408481206 5.475633011025916e-08
80.87462844409475 5.281297064883362e-08
80.97898280337746 5.2824721290302343e-08
81.08333716266016 5.201487990652922e-08
81.18769152194287 4.8647930451213515e-08
81.29204588122558 4.730600458166859e-08
81.39640024050827 4.721806871695632e-08
81.50075459979098 4.517709578198644e-08
81.60510895907368 4.179310151869861e-08
81.70946331835638 3.9084767676189225e-08
81.81381767763908 3.794464060016125e-08
81.91817203692179 3.5159607377991056e-08
82.02252639620448 3.176649246073958e-08
82.12688075548719 3.0157460481880754e-08
82.23123511476989 2.9007756762613348e-08
82.3355894740526 2.7369543312168166e-08
82.4399438333353 2.485876840192221e-08
82.544298192618 2.328038940168352e-08
82.64865255190071 2.198061004802811e-08
82.7530069111834 1.9572973807868626e-08
82.85736127046611 1.7599578481835532e-08
82.96171562974881 1.6231056918301614e-08
83.06606998903152 1.545593890908288e-08
83.17042434831421 1.4516260794380948e-08
83.27477870759692 1.3657480842424332e-08
83.37913306687962 1.3626147706781546e-08
83.48348742616233 1.3172211293447315e-08
83.58784178544504 1.2506478449607042e-08
83.69219614472775 1.1867881548459813e-08
83.79655050401044 1.141538337190351e-08
83.90090486329315 1.0907767444142207e-08
84.00525922257584 9.718054218440502e-09
84.10961358185855 8.834145410615645e-09
84.21396794114125 7.93217038020598e-09
84.31832230042394 6.6416278751496925e-09
84.42267665970665 5.370392734101502e-09
84.52703101898935 4.295616439780114e-09
84.63138537827206 3.809586954742597e-09
84.73573973755477 3.4027809165034985e-09
84.84009409683748 3.1359118093246647e-09
84.94444845612017 3.172381397950107e-09
85.04880281540288 3.30249823677939e-09
85.15315717468557 3.4596047743192297e-09
85.25751153396828 3.203260707031536e-09
85.36186589325098 2.997182905820435e-09
85.46622025253369 2.9737737012296752e-09
85.57057461181638 2.783898489737484e-09
85.67492897109909 2.5031201489179907e-09
85.77928333038179 2.1296448080240614e-09
85.8836376896645 1.9824661357476045e-09
85.9879920489472 1.7697488721587527e-09
86.0923464082299 1.3175408508128444e-09
86.19670076751261 1.0397003309253761e-09
86.3010551267953 9.012046882938182e-10
86.40540948607801 8.568726883833139e-10
86.50976384536071 7.21634091457407e-10
86.61411820464342 5.940607557534179e-10
86.71847256392611 6.353737828497054e-10
86.82282692320882 5.791588641435034e-10
86.92718128249152 4.352817160021681e-10
87.03153564177424 2.960993853110143e-10
87.13589000105694 2.7518739427786666e-10
87.24024436033963 3.181875080768456e-10
87.34459871962234 2.930688665623238e-10
87.44895307890503 3.225155744133965e-10
87.55330743818774 4.172735322149924e-10
87.65766179747044 5.13639157004687e-10
87.76201615675315 4.709826281017491e-10
87.86637051603584 4.0859735290228545e-10
87.97072487531855 4.74857246251137e-10
88.07507923460125 4.005504763160053e-10
88.17943359388397 2.667152495126209e-10
88.28378795316667 2.559843938211352e-10
88.38814231244938 2.0901343848699185e-10
88.49249667173207 9.939606920440081e-11
88.59685103101478 4.518589511979969e-11
88.70120539029747 2.991420898158365e-11
88.80555974958018 1.4842788511963543e-12
88.90991410886288 5.0281137764566275e-11
89.01426846814557 8.388987823611222e-11
89.11862282742828 8.587364268529764e-11
89.22297718671098 2.2671771340083824e-10
89.3273315459937 2.704680023842613e-10
89.4316859052764 1.8783176714350524e-10
89.5360402645591 2.5511919573460693e-10
89.6403946238418 2.955847111996365e-10
89.74474898312451 1.7737704340341166e-10
89.8491033424072 1.305362587105395e-10
89.95345770168991 1.7691145623590183e-10
90.05781206097261 1.1793471343731597e-10
90.16216642025532 3.793242042130988e-11
90.26652077953801 7.597901442522554e-11
90.37087513882072 6.33611014522323e-11
90.47522949810343 1.2596438334027024e-11
90.57958385738613 5.857817853436391e-11
90.68393821666884 5.7429469841240304e-11
90.78829257595153 2.3996012816341254e-11
90.89264693523424 8.243279340704074e-11
90.99700129451693 8.287974868962023e-11
91.10135565379964 2.7332349063945695e-11
91.20571001308234 6.384573427211308e-11
91.31006437236505 7.041602770223837e-11
91.41441873164774 1.1482710273113786e-11
91.51877309093047 1.8255841318311462e-11
91.62312745021316 3.883096781868894e-11
91.72748180949586 1.4129451230136387e-11
91.83183616877857 2.110844236298762e-12
91.93619052806126 2.3790465900913834e-11
92.04054488734397 2.7819230014834368e-11
92.14489924662666 4.1900464397064876e-12
92.24925360590937 1.5755446459660864e-11
92.35360796519207 3.100584271399983e-11
92.45796232447478 5.9283716128076924e-12
92.56231668375747 9.577118965707683e-12
92.6666710430402 3.4633485315015415e-11
92.77102540232289 1.3722777646043181e-11
92.8753797616056 6.776525701107215e-12
92.9797341208883 5.510290521815831e-11
93.084088480171 4.269146258585287e-11
93.1884428394537 1.608099186300481e-11
93.29279719873641 9.679629357059149e-11
93.3971515580191 9.886390103209594e-11
93.5015059173018 4.227312995510747e-11
93.60586027658451 1.375917753042542e-10
93.7102146358672 1.5360206795513483e-10
93.81456899514993 6.713896440724673e-11
93.91892335443262 1.4822158866130083e-10
94.02327771371533 1.773836193414216e-10
94.12763207299803 8.02116602143172e-11
94.23198643228073 1.3515098158789087e-10
94.33634079156343 1.8357048515313544e-10
94.44069515084614 9.64789801950535e-11
94.54504951012883 1.2571251983787504e-10
94.64940386941154 1.9984733253587513e-10
94.75375822869424 1.341654476372606e-10
94.85811258797695 1.4035290511078738e-10
94.96246694725966 2.36017309149616e-10
95.06682130654235 1.8873152018962144e-10
95.17117566582506 1.7110420430538291e-10
95.27553002510776 2.7148956074629446e-10
95.37988438439046 2.3081655295501958e-10
95.48423874367316 1.8899151294925063e-10
95.58859310295587 2.789422183103225e-10
95.69294746223856 2.403330922786589e-10
95.79730182152127 1.7943103345426734e-10
95.90165618080397 2.565894457427009e-10
96.00601054008668 2.2786014996647256e-10
96.11036489936939 1.561724774154703e-10
96.2147192586521 2.2995189902707332e-10
96.31907361793479 2.243925584026542e-10
96.42342797721749 1.446065356039894e-10
96.5277823365002 2.1997596381611177e-10
96.63213669578289 2.4341116914559246e-10
96.7364910550656 1.528101970670129e-10
96.8408454143483 2.2333809910809816e-10
96.945199773631 2.687505329288127e-10
97.0495541329137 1.6512747282101834e-10
97.15390849219641 2.174232509080142e-10
97.25826285147912 2.720745729506321e-10
97.36261721076183 1.6161574566718013e-10
97.46697157004452 1.8666116262138567e-10
97.57132592932723 2.4332709094687793e-10
97.67568028860993 1.432817360582941e-10
97.78003464789263 1.4345921450639288e-10
97.88438900717533 2.0012534251887266e-10
97.98874336645804 1.2648346058234838e-10
98.09309772574073 1.1075479333608975e-10
98.19745208502343 1.6680955189116207e-10
98.30180644430614 1.2466539251822206e-10
98.40616080358885 1.0078217691862733e-10
98.51051516287156 1.504782122051223e-10
98.61486952215425 1.3169898851888593e-10
98.71922388143696 1.0348151241578198e-10
98.82357824071966 1.3860013913390813e-10
98.92793260000236 1.294816160894301e-10
99.03228695928506 9.955405009729855e-11
99.13664131856777 1.172513529812678e-10
99.24099567785046 1.0977173338354076e-10
99.34535003713317 8.169295005809487e-11
99.44970439641587 8.624287683144356e-11
99.55405875569858 8.160366834304216e-11
99.65841311498129 6.006477045361757e-11
99.76276747426398 5.913688454367054e-11
99.86712183354669 6.119272491688476e-11
99.97147619282939 4.7118215416577015e-11
100.0758305521121 4.4961211595164025e-11
100.18018491139479 5.481529975770962e-11
100.2845392706775 4.524398280821168e-11
100.3888936299602 4.077490391121442e-11
100.4932479892429 5.4995828811099626e-11
100.5976023485256 4.627764710757443e-11
100.70195670780832 3.672706701607978e-11
100.80631106709102 5.0418159116799915e-11
100.91066542637373 4.15633684630043e-11
101.01501978565642 2.696868266737625e-11
101.11937414493912 3.792001419313119e-11
101.22372850422182 3.148434814609157e-11
101.32808286350452 1.502238234539177e-11
101.43243722278723 2.2710210787614073e-11
101.53679158206992 2.1932977548877012e-11
101.64114594135263 7.95023553722544e-12
101.74550030063534 1.2398579331060308e-11
101.84985465991805 1.7941394095765616e-11
101.95420901920075 8.30028849159622e-12
102.05856337848346 8.764160457078562e-12
102.16291773776615 1.8523155293844642e-11
102.26727209704886 1.2078937931579025e-11
102.37162645633155 8.00897092762377e-12
102.47598081561426 1.8904622323610307e-11
102.58033517489696 1.3896831290398409e-11
102.68468953417967 6.4111258611091e-12
102.78904389346236 1.6008793097983107e-11
102.89339825274507 1.1596649362765325e-11
102.99775261202778 3.326934095201018e-12
103.10210697131048 1.046755722713413e-11
103.20646133059319 7.699622663863874e-12
103.31081568987588 8.765918454707418e-13
103.41517004915859 5.0616444866839496e-12
103.51952440844128 5.491627920462522e-12
103.623878767724 6.169628300526089e-13
103.72823312700669 2.1334370514776137e-12
103.8325874862894 6.263798966550467e-12
103.9369418455721 1.8782669266866117e-12
104.0412962048548 1.7689618825399206e-12
104.14565056413751 8.646654615725314e-12
104.2500049234202 2.8001927336418042e-12
104.35435928270292 2.6808149529278104e-12
104.45871364198561 1.0097935460737777e-11
104.56306800126832 2.4061872356735504e-12
104.66742236055102 3.5041302564847237e-12
104.77177671983372 9.296817772697205e-12
104.87613107911642 1.1399766154263532e-12
104.98048543839913 3.3758387324330243e-12
105.08483979768182 6.948939061637189e-12
105.18919415696455 7.35692429488344e-13
105.29354851624724 2.515745307143962e-12
105.39790287552995 5.2230422849694885e-12
105.50225723481265 2.366247140872335e-12
105.60661159409534 1.5016977131240765e-12
105.71096595337805 5.748542395797994e-12
105.81532031266075 5.3577176614726184e-12
105.91967467194345 7.452754646890679e-13
106.02402903122615 8.07749877565989e-12
106.12838339050886 7.870041660427653e-12
106.23273774979155 3.776912098872914e-13
106.33709210907428 1.0001984907974443e-11
106.44144646835697 8.179061214629425e-12
106.54580082763968 5.286723115475465e-13
106.65015518692238 9.605940757935382e-12
106.75450954620509 6.470151601054957e-12
106.85886390548778 1.4330479481996312e-12
106.96321826477049 6.9124351463043214e-12
107.06757262405318 4.774824746866956e-12
107.1719269833359 3.1246453802711145e-12
107.27628134261859 3.688326799268306e-12
107.38063570190128 4.868912588872201e-12
107.484990061184 4.99024220914391e-12
107.5893444204667 1.6584082841225418e-12
107.69369877974941 6.612068263833163e-12
107.7980531390321 5.809510409303197e-12
107.90240749831482 1.2848683792962808e-12
108.00676185759751 8.095776267638852e-12
108.11111621688022 5.047007729239173e-12
108.21547057616291 1.9450229419000566e-12
108.31982493544562 7.635451715541911e-12
108.42417929472832 3.681474321926295e-12
108.52853365401103 2.7874330163596063e-12
108.63288801329374 5.449730562331848e-12
108.73724237257643 3.609042570924064e-12
108.84159673185914 3.429276512669916e-12
108.94595109114184 3.2025832725464698e-12
109.05030545042455 5.758191820568432e-12
109.15465980970724 3.658976128061759e-12
109.25901416898995 2.3139644765468683e-12
109.36336852827264 8.942373901560107e-12
109.46772288755535 3.3674742726615423e-12
109.57207724683805 2.7921135713106165e-12
109.67643160612076 1.066864920480393e-11
109.78078596540345 2.811243627664933e-12
109.88514032468616 3.545898897269639e-12
109.98949468396886 9.582718360485039e-12
110.09384904325157 2.720664025239799e-12
110.19820340253426 3.871353315673225e-12
110.30255776181698 6.617201750533307e-12
110.4069121210997 3.849094650298082e-12
110.51126648038239 3.6277338711322236e-12
110.6156208396651 3.991302461352222e-12
110.7199751989478 5.886838996775952e-12
110.8243295582305 2.947778370553163e-12
110.9286839175132 2.978735440930971e-12
111.0330382767959 7.351886018119318e-12
111.1373926360786 2.013679288565629e-12
111.24174699536131 3.193900049424207e-12
111.346101354644 7.009604773283194e-12
111.45045571392671 1.1652256609402066e-12
111.55481007320941 3.54638465668552e-12
111.65916443249212 4.943969963103315e-12
111.76351879177481 1.0250824283922785e-12
111.86787315105752 3.2493360857748564e-12
111.97222751034022 2.7673624827679524e-12
112.07658186962291 1.9694396799413576e-12
112.18093622890562 2.4807197884902776e-12
112.28529058818832 2.0015057759571417e-12
112.38964494747103 3.487249086405037e-12
112.49399930675372 1.6249053944572628e-12
112.59835366603646 2.651879589799474e-12
112.70270802531915 4.4094284144608825e-12
112.80706238460186 9.482068374426827e-13
112.91141674388456 3.5504566316177416e-12
113.01577110316725 3.9478348731400575e-12
113.12012546244996 8.215896412653838e-13
113.22447982173266 3.5183337723646185e-12
113.32883418101537 2.6233670833657294e-12
113.43318854029806 1.5253684348422466e-12
113.53754289958077 2.5782525857039212e-12
113.64189725886347 1.5455462446931891e-12
113.74625161814618 2.946924528137219e-12
113.85060597742887 1.4233808917305761e-12
113.95496033671158 1.3848028307502748e-12
114.05931469599427 4.2905417439748526e-12
114.16366905527698 6.367649599156557e-13
114.26802341455968 1.7262375276126991e-12
114.37237777384239 4.460512144902872e-12
114.47673213312508 2.762667955046054e-13
114.58108649240779 1.7108125158632759e-12
114.68544085169049 3.2951290726900636e-12
114.7897952109732 2.391479532576612e-13
114.89414957025592 1.1925102989120294e-12
114.99850392953861 1.6549871649359172e-12
115.10285828882132 5.911422853774771e-13
115.20721264810402 5.864767419846436e-13
115.31156700738673 6.8234458510053e-13
115.41592136666942 1.2256108151839248e-12
115.52027572595213 3.4548050752249166e-13
115.62463008523483 6.670543031395639e-13
115.72898444451754 1.6964266900657224e-12
115.83333880380023 3.4621337380015854e-13
115.93769316308294 9.889587711593836e-13
116.04204752236564 1.5682233862178819e-12
116.14640188164834 2.4535210048251717e-13
116.25075624093104 9.869774694257818e-13
116.35511060021375 8.838632280275546e-13
116.45946495949644 4.308176329177172e-14
116.56381931877915 5.951461287999108e-13
116.66817367806185 2.8935184356956777e-13
116.77252803734454 1.8249428400512441e-13
116.87688239662725 3.1016146318409114e-13
116.98123675590995 2.6254880246196177e-13
117.08559111519266 8.599634992823967e-13
117.18994547447538 3.098242058313415e-13
117.29429983375809 6.029889364404517e-13
117.39865419304078 1.6284698773067137e-12
117.5030085523235 3.540426644625567e-13
117.60736291160619 7.728405009307876e-13
117.71171727088888 1.8404607372014953e-12
117.81607163017159 2.7235182286306617e-13
117.92042598945429 5.835090019253179e-13
118.024780348737 1.3905143285854735e-12
118.12913470801969 3.815451949834302e-13
118.2334890673024 4.2579503841160895e-13
118.3378434265851 7.055390315040294e-13
118.4421977858678 1.0969184085042823e-12
118.5465521451505 6.143453569377229e-13
118.65090650443321 2.9173756059919826e-13
118.7552608637159 2.281642251158585e-12
118.85961522299861 1.006101864013231e-12
118.96396958228131 2.5570191040029623e-13
119.06832394156402 3.1532174230131472e-12
119.17267830084671 1.1003093631335463e-12
119.27703266012942 4.1820484931187327e-13
119.38138701941214 3.0168656753105592e-12
119.48574137869484 8.324394289207164e-13
119.59009573797755 7.144317465319176e-13
119.69445009726024 2.006701367120388e-12
119.79880445654295 7.298349102624017e-13
119.90315881582565 1.1741434915215058e-12
120.00751317510836 9.63952117884527e-13
120.11186753439105 1.3087794612621867e-12
120.21622189367376 1.6375400597958411e-12
120.32057625295646 5.315735233252691e-13
120.42493061223917 2.340028054553598e-12
120.52928497152186 1.7376162929574013e-12
120.63363933080457 7.357892790784514e-13
120.73799369008727 3.002450130903326e-12
120.84234804936997 1.4210774778184546e-12
120.94670240865267 1.1931789331921813e-12
121.05105676793538 2.7428170266279643e-12
121.15541112721807 1.1992610163127752e-12
121.25976548650077 1.5933834367687156e-12
121.36411984578348 1.8975088805530426e-12
121.46847420506617 1.841519734388935e-12
121.57282856434888 1.8864722947071898e-12
121.6771829236316 1.2523598784078866e-12
121.78153728291431 3.4650238038390703e-12
121.88589164219701 1.9710655189453795e-12
121.99024600147972 1.2873386851492942e-12
122.09460036076241 5.171648865626273e-12
122.19895472004512 1.837420250016999e-12
122.30330907932782 1.802632566997404e-12
122.40766343861051 5.8091365895772065e-12
122.51201779789322 1.7079541096756744e-12
122.61637215717592 2.3102430588938284e-12
122.72072651645863 5.03395221226179e-12
122.82508087574132 2.094121289248715e-12
122.92943523502403 2.5208302055213256e-12
123.03378959430673 3.583891772083659e-12
123.13814395358943 3.2943503044044615e-12
123.24249831287213 2.3661198631406126e-12
123.34685267215484 2.590203964809373e-12
123.45120703143753 4.8005605292993256e-12
123.55556139072024 1.9546262899993763e-12
123.65991575000294 2.483826348715821e-12
123.76427010928565 5.624016320578548e-12
123.86862446856834 1.4215915614371768e-12
123.97297882785107 2.8830664978988176e-12
124.07733318713377 5.142725355223185e-12
124.18168754641647 1.1571487360310388e-12
124.28604190569918 3.1283431280499165e-12
124.39039626498187 3.807977079907765e-12
124.49475062426458 1.6005771645537376e-12
124.59910498354728 2.8743849475624087e-12
124.70345934282999 2.7866335369673646e-12
124.80781370211268 2.7635328018701556e-12
124.91216806139539 2.273435383708109e-12
125.01652242067809 2.789408644474673e-12
125.1208767799608 4.0651457091775425e-12
125.22523113924349 1.6345066213820737e-12
125.3295854985262 3.574995885535541e-12
125.4339398578089 4.615609841926418e-12
125.5382942170916 1.3540762105206512e-12
125.6426485763743 4.226050650052198e-12
125.74700293565701 4.1322727767353665e-12
125.8513572949397 1.7301270647551467e-12
125.9557116542224 4.082425749471076e-12
126.06006601350511 3.2218935581459545e-12
126.1644203727878 2.798049675182977e-12
126.26877473207054 3.2167131237237247e-12
126.37312909135323 2.7267496337014336e-12
126.47748345063594 4.1519528455355095e-12
126.58183780991864 2.1103667873269276e-12
126.68619216920135 2.984405899694133e-12
126.79054652848404 4.959282214403733e-12
126.89490088776674 1.3165523411661424e-12
126.99925524704945 3.431387042833541e-12
127.10360960633214 4.7142595235976565e-12
127.20796396561485 1.0706254452618305e-12
127.31231832489755 3.337236422547638e-12
127.41667268418026 3.60213906407441e-12
127.52102704346295 1.3734854260873584e-12
127.62538140274566 2.5213221908279896e-12
127.72973576202835 2.481956844969339e-12
127.83409012131106 2.032464653703719e-12
127.93844448059376 1.4375216658153028e-12
128.04279883987647 2.1590721920202335e-12
128.14715319915916 2.5947480483331997e-12
128.25150755844186 6.44209721226591e-13
128.35586191772458 2.547756346439345e-12
128.4602162770073 2.6700067787011853e-12
128.56457063629 3.223929529316762e-13
128.6689249955727 2.9659714266287874e-12
128.7732793548554 2.185629986372925e-12
128.8776337141381 4.1316879537859585e-13
128.9819880734208 2.773631363610082e-12
129.0863424327035 1.5956713945462227e-12
129.1906967919862 7.709476443922986e-13
129.29505115126892 1.9662637575742593e-12
129.39940551055162 1.4659030969412123e-12
129.5037598698343 1.2462906705556908e-12
129.608114229117 1.08444322517057e-12
129.71246858839973 1.9150784999447315e-12
129.81682294768243 1.6285937096420104e-12
129.92117730696512 5.35999424624524e-13
130.02553166624782 2.4786602125943826e-12
130.12988602553054 1.6260307467852404e-12
130.23424038481323 3.9712761677882687e-13
130.33859474409593 2.5076034222811154e-12
130.44294910337862 1.2429823017996992e-12
130.54730346266132 5.111586339295423e-13
130.65165782194404 1.855990929857164e-12
130.75601218122677 7.880878066325315e-13
130.86036654050946 7.603051576136524e-13
130.96472089979216 9.374725926954293e-13
131.06907525907488 6.142607824082803e-13
131.17342961835757 1.0720680896234058e-12
131.27778397764027 2.764010156133905e-13
131.38213833692296 7.630937084938696e-13
131.4864926962057 1.2448383707574297e-12
131.59084705548838 4.655907721968478e-14
131.69520141477108 9.089205903805387e-13
131.79955577405377 1.110700113397191e-12
131.90391013333647 4.091273394689748e-14
132.0082644926192 7.926329946232124e-13
132.11261885190189 7.094594378233492e-13
132.21697321118458 7.741117367834238e-14
132.32132757046728 4.4874432411506385e-13
132.42568192975 3.494006189990468e-13
132.5300362890327 1.6751333494302576e-13
132.6343906483154 1.452278096804282e-13
132.73874500759808 3.1336979024062046e-13
132.8430993668808 3.6178940947715123e-13
132.9474537261635 3.5671287008555067e-14
133.05180808544623 5.637098717670363e-13
133.15616244472892 5.725085590219915e-13
133.26051680401162 2.7046526121883058e-14
133.36487116329434 8.104931031036003e-13
133.46922552257703 5.95398464195947e-13
133.57357988185973 5.116903229315977e-15
133.67793424114242 8.134189837613326e-13
133.78228860042515 4.271431217662101e-13
133.88664295970784 7.652842332370081e-14
133.99099731899054 6.317562738132906e-13
134.09535167827323 2.817660610292521e-13
134.19970603755596 4.334010080395534e-13
134.30406039683865 4.2308494290255783e-13
134.40841475612135 3.523018856857326e-13
134.51276911540404 1.050571662307728e-12
134.61712347468676 2.8814057906555273e-13
134.72147783396946 6.125207331183743e-13
134.82583219325215 1.569350010620094e-12
134.93018655253485 2.347679552798202e-13
135.03454091181757 8.397409787172278e-13
135.13889527110027 1.6537432888623756e-12
135.24324963038296 3.0408731424089357e-13
135.34760398966569 8.983943784871701e-13
135.45195834894838 1.2996582926459663e-12
135.5563127082311 6.467581691573765e-13
135.6606670675138 8.132507187345975e-13
135.7650214267965 8.983642018101389e-13
135.8693757860792 1.271146607280768e-12
135.9737301453619 6.634379161141777e-13
136.0780845046446 8.085529895957796e-13
136.1824388639273 1.8955522773412423e-12
136.28679322321 4.779645725438188e-13
136.3911475824927 1.0439324546711438e-12
136.49550194177542 2.149388961404232e-12
136.5998563010581 3.377489078769904e-13
136.7042106603408 1.3516364137066423e-12
136.8085650196235 1.8664691309656893e-12
136.91291937890622 4.213475137725413e-13
137.01727373818892 1.4660603722266005e-12
137.1216280974716 1.3967223165592197e-12
137.2259824567543 8.833534868723346e-13
137.33033681603703 1.3400499830496252e-12
137.43469117531973 1.2470619635374314e-12
137.53904553460242 1.6374473621392781e-12
137.64339989388515 1.074863105413972e-12
137.74775425316784 1.6227365755402845e-12
137.85210861245056 2.296176972856952e-12
137.95646297173326 8.687071495195044e-13
138.06081733101595 2.256997035131632e-12
138.16517169029865 2.4701160407566005e-12
138.26952604958137 9.506913751239063e-13
138.37388040886407 2.6458335851230366e-12
138.47823476814676 2.207425356757943e-12
138.58258912742946 1.4726575826729513e-12
138.68694348671218 2.5454784213313272e-12
138.79129784599488 1.8977511596994426e-12
138.89565220527757 2.3794509796893476e-12
139.00000656456027 2.0734007615302584e-12
139.104360923843 1.9593732978079535e-12
139.20871528312568 3.255442104101106e-12
139.31306964240838 1.5433092488626993e-12
139.41742400169107 2.376823705325149e-12
139.5217783609738 3.60152626595043e-12
139.6261327202565 1.2437488148445986e-12
139.7304870795392 2.7320137497944847e-12
139.8348414388219 3.271351510653637e-12
139.9391957981046 1.3411940326512375e-12
140.04355015738733 2.656765818337432e-12
140.14790451667002 2.598763355448511e-12
140.25225887595272 1.8409384264658516e-12
140.35661323523541 2.1054929381486217e-12
140.46096759451814 2.2085031374836106e-12
140.56532195380083 2.484221980844469e-12
140.66967631308353 1.4166541914938471e-12
140.77403067236622 2.3901410253688805e-12
140.87838503164892 2.884142827452068e-12
140.98273939093164 9.488071957633724e-13
141.08709375021434 2.895849467893928e-12
141.19144810949703 2.8113224159905196e-12
141.29580246877973 8.920672042957937e-13
141.40015682806245 3.200637263047599e-12
141.50451118734514 2.421515919266224e-12
141.60886554662784 1.2459230431531322e-12
141.71321990591053 2.9529703552463667e-12
141.81757426519326 2.1915041737377806e-12
141.92192862447595 1.8118495290173379e-12
142.02628298375865 2.300726601962824e-12
142.13063734304137 2.452298532942107e-12
142.23499170232407 2.3178348525495144e-12
142.3393460616068 1.6329314410824021e-12
142.44370042088948 3.076997078372428e-12
142.54805478017218 2.5014032564286907e-12
142.65240913945487 1.298342456686678e-12
142.7567634987376 3.515289426246952e-12
142.8611178580203 2.2601089970988885e-12
142.965472217303 1.3661382503603457e-12
143.06982657658568 3.328426043503349e-12
143.1741809358684 1.8407529179591455e-12
143.2785352951511 1.6597925037516047e-12
143.3828896544338 2.5697369334227037e-12
143.4872440137165 1.6264698835190986e-12
143.59159837299921 1.9565892664214163e-12
143.6959527322819 1.6362841463129427e-12
143.8003070915646 1.7945305636224297e-12
143.9046614508473 2.0393526473949846e-12
144.00901581013002 9.975006950524182e-13
144.11337016941272 2.1152727712457775e-12
144.2177245286954 1.8156115622518402e-12
144.3220788879781 7.967824909712738e-13
144.42643324726083 2.1722374944238424e-12
144.53078760654356 1.4065628463281033e-12
144.63514196582625 8.78966533039214e-13
144.73949632510895 1.7653857534573552e-12
144.84385068439164 1.087716757105277e-12
144.94820504367436 1.0390225691951518e-12
145.05255940295706 1.126228081815395e-12
145.15691376223975 1.1410361161858063e-12
145.26126812152245 1.1132661825413523e-12
145.36562248080517 6.397063051138408e-13
145.46997684008787 1.5333345776886406e-12
145.57433119937056 1.0416375672709772e-12
145.67868555865326 4.606991508949666e-13
145.78303991793595 1.9120181110214432e-12
145.88739427721868 8.619279367044271e-13
145.99174863650137 4.955863280099018e-13
146.09610299578407 1.904062678574074e-12
146.20045735506676 6.754732051791829e-13
146.30481171434948 5.63702819683668e-13
146.40916607363218 1.4654475139301486e-12
146.51352043291487 6.496983383943106e-13
146.61787479219757 5.729909034869246e-13
146.7222291514803 8.718703943213182e-13
146.82658351076302 8.450745562754368e-13
146.9309378700457 5.619053081417268e-13
147.0352922293284 4.38742801094234e-13
147.1396465886111 1.1153929417668054e-12
147.24400094789382 5.272214143083826e-13
147.34835530717652 2.7267568589090297e-13
147.4527096664592 1.2126132872769879e-12
147.5570640257419 4.2977101276581106e-13
147.66141838502463 2.5096569545510573e-13
147.76577274430733 1.002417646799612e-12
147.87012710359002 2.942248593271505e-13
147.97448146287272 2.4979393838744286e-13
148.07883582215544 5.816131878242863e-13
148.18319018143814 2.0647178720291279e-13
148.28754454072083 2.718994094126062e-13
148.39189890000353 2.143959486280519e-13
148.49625325928625 2.6405651947117946e-13
148.60060761856894 3.356056577619599e-13
148.70496197785164 6.000835315091687e-14
148.80931633713433 4.2941998152539873e-13
148.91367069641706 3.9809126726403637e-13
149.01802505569978 5.560927400230679e-14
149.12237941498248 5.449808590432364e-13
149.22673377426517 3.698204405490949e-13
149.33108813354787 7.407997857224646e-14
149.4354424928306 4.987745017010523e-13
149.53979685211328 2.7535836403021513e-13
149.64415121139598 1.008326003876672e-13
149.74850557067867 3.32157460535338e-13
149.8528599299614 2.699197640052652e-13
149.9572142892441 2.0812325396557202e-13
150.0615686485268 1.747313875023551e-13
150.16592300780948 4.610950606136849e-13
150.27027736709218 3.9450971999751023e-13
150.3746317263749 8.817097107383137e-14
150.4789860856576 7.952222548821273e-13
150.5833404449403 5.597789693741863e-13
150.68769480422299 8.191803111536818e-14
150.7920491635057 1.0473434159038387e-12
150.8964035227884 6.128977629002591e-13
151.0007578820711 1.8393692898549893e-13
151.1051122413538 1.0177573676239378e-12
151.20946660063652 5.580709570925397e-13
151.31382095991924 4.671868883248891e-13
151.41817531920194 8.113476417366964e-13
151.52252967848463 5.819565953442648e-13
151.62688403776733 8.71008010172784e-13
151.73123839705005 5.763495549697489e-13
151.83559275633274 8.17675662711966e-13
151.93994711561544 1.208350659203592e-12
152.04430147489813 3.9923418780160795e-13
152.14865583418086 1.1504915522181139e-12
152.25301019346355 1.361701214586539e-12
152.35736455274625 3.7287633018165057e-13
152.46171891202894 1.3007608303109912e-12
152.56607327131167 1.256103773287545e-12
152.67042763059436 5.533696640860703e-13
152.77478198987706 1.1410543624046912e-12
152.87913634915975 1.0646827281215914e-12
152.98349070844247 9.207022675525191e-13
153.08784506772517 8.376702146374717e-13
153.19219942700786 1.1030964395991152e-12
153.29655378629056 1.2856187664407702e-12
153.40090814557328 5.777822402157401e-13
153.505262504856 1.4624247133157863e-12
153.6096168641387 1.4755779967812962e-12
153.7139712234214 4.751672070575936e-13
153.8183255827041 1.9280634717540364e-12
153.92267994198681 1.4906998763068537e-12
154.0270343012695 5.968213061289846e-13
154.1313886605522 2.105496862169624e-12
154.2357430198349 1.443909586643019e-12
154.34009737911762 9.23373542533359e-13
154.44445173840032 1.890013465551176e-12
154.548806097683 1.5603001295542571e-12
154.6531604569657 1.346488181998226e-12
154.7575148162484 1.519373958756547e-12
154.86186917553113 1.996439887223644e-12
154.96622353481382 1.6645322306148946e-12
155.07057789409652 1.2421830097353687e-12
155.1749322533792 2.60031443296231e-12
155.27928661266193 1.743896380352642e-12
155.38364097194463 1.2042877353467142e-12
155.48799533122732 2.9564877039058587e-12
155.59234969051002 1.6320015345684156e-12
155.69670404979274 1.3925261482567869e-12
155.80105840907547 2.8027896922796037e-12
155.90541276835816 1.5212312711515776e-12
156.00976712764086 1.6751543781896517e-12
156.11412148692355 2.2613514427474774e-12
156.21847584620627 1.6439034946199063e-12
156.32283020548897 1.872225833272718e-12
156.42718456477166 1.6746797235021229e-12
156.53153892405436 2.010621578707757e-12
156.63589328333708 1.856205487676192e-12
156.74024764261978 1.3608969620417806e-12
156.84460200190247 2.361293085900214e-12
156.94895636118517 1.639163912748245e-12
157.0533107204679 1.3917415252123087e-12
157.1576650797506 2.423309455110838e-12
157.26201943903328 1.4055997947504255e-12
157.36637379831598 1.5989146833537378e-12
157.4707281575987 2.11427875112212e-12
157.5750825168814 1.4131792282322733e-12
157.6794368761641 1.7556941312096575e-12
157.78379123544678 1.6354191783873097e-12
157.8881455947295 1.7581609561907839e-12
157.9924999540122 1.7518815252938108e-12
158.09685431329493 1.3222910369126256e-12
158.20120867257762 2.264592664464199e-12
158.30556303186032 1.5856961511823664e-12
158.40991739114304 1.3143290314875801e-12
158.51427175042573 2.6046913285200556e-12
158.61862610970843 1.3665743027206764e-12
158.72298046899112 1.4814531754591589e-12
158.82733482827385 2.5315675453022855e-12
158.93168918755654 1.28924112734496e-12
159.03604354683924 1.5931405739024278e-12
159.14039790612193 2.0845770289011957e-12
159.24475226540463 1.4682107715419275e-12
159.34910662468735 1.5255865292712008e-12
159.45346098397005 1.568358379449614e-12
159.55781534325274 1.8141672294834459e-12
159.66216970253544 1.2913099152434043e-12
159.76652406181816 1.2626110699031007e-12
159.87087842110085 2.07120601238049e-12
159.97523278038355 9.714552616914807e-13
160.07958713966624 1.2036598777580099e-12
160.18394149894897 2.019018448931935e-12
160.28829585823166 7.098488451048687e-13
160.3926502175144 1.2286348603379902e-12
160.49700457679708 1.6522019341181967e-12
160.60135893607978 6.297765703534829e-13
160.7057132953625 1.1574654772514315e-12
160.8100676546452 1.1770547590874077e-12
160.9144220139279 7.588004545692942e-13
161.01877637321059 9.480880445647474e-13
161.1231307324933 8.534446878459384e-13
161.227485091776 9.902768051006296e-13
161.3318394510587 6.888993769877956e-13
161.4361938103414 7.921823293420117e-13
161.54054816962412 1.1205335926746134e-12
161.6449025289068 4.762853782176845e-13
161.7492568881895 8.812563066587253e-13
161.8536112474722 1.037055585596631e-12
161.95796560675493 3.7808410330027847e-13
162.06231996603762 9.157377256949365e-13
162.16667432532032 8.019384969444953e-13
162.271028684603 4.396341401099775e-13
162.37538304388573 7.826609925094742e-13
162.47973740316843 5.551754205384075e-13
162.58409176245115 6.337065226433968e-13
162.68844612173385 5.541237600899978e-13
162.79280048101654 4.3178787513399186e-13
162.89715484029927 8.380797475044352e-13
163.00150919958196 3.48259570885725e-13
163.10586355886466 4.2905364139857513e-13
163.21021791814735 9.043350001975273e-13
163.31457227743007 2.156814114290829e-13
163.41892663671277 4.3599589453971955e-13
163.52328099599546 7.716973447437817e-13
163.62763535527816 1.7074076326913582e-13
163.73198971456088 3.806879646904803e-13
163.83634407384358 5.215864302622036e-13
163.94069843312627 2.1093572724345507e-13
164.04505279240897 2.8186906581821226e-13
164.14940715169166 3.000911599274563e-13
164.25376151097439 3.163177137230797e-13
164.35811587025708 1.9660724931262625e-13
164.46247022953978 1.8909126492644128e-13
164.56682458882247 4.2747770542054974e-13
164.6711789481052 1.5122340288986273e-13
164.7755333073879 1.752416140339106e-13
164.8798876666706 4.514380361010177e-13
164.9842420259533 1.1597312597422794e-13
165.088596385236 1.9787997912119036e-13
165.19295074451873 3.66951776759679e-13
165.29730510380142 9.116025061582852e-14
165.40165946308412 2.2041515738134315e-13
165.5060138223668 2.3174771505417736e-13
165.61036818164953 1.333177007933872e-13
165.71472254093223 2.460937914281017e-13
165.81907690021492 1.276040322186901e-13
165.92343125949762 2.7632310325059034e-13
166.02778561878034 2.7701378676361474e-13
166.13213997806304 1.0636681770235093e-13
166.23649433734573 4.750682057835613e-13
166.34084869662843 2.9243879970874016e-13
166.44520305591115 1.5668524219234855e-13
166.54955741519385 6.188035786621302e-13
166.65391177447654 2.975068323719425e-13
166.75826613375924 2.446228320676664e-13
166.86262049304196 6.160369241022232e-13
166.96697485232465 3.5343765055403967e-13
167.07132921160735 3.628557275699158e-13
167.17568357089007 5.089038686387199e-13
167.28003793017277 5.40275205505101e-13
167.3843922894555 4.926119885130178e-13
167.48874664873819 4.0558667707047446e-13
167.59310100802088 8.583441853591709e-13
167.69745536730358 5.835293407606725e-13
167.8018097265863 3.843867792709483e-13
167.906164085869 1.1627211257630476e-12
168.0105184451517 6.04805416877804e-13
168.11487280443438 4.697724787343925e-13
168.2192271637171 1.266248986369436e-12
168.3235815229998 5.899010579927438e-13
168.4279358822825 6.369966428003888e-13
168.5322902415652 1.1385039871191475e-12
168.6366446008479 6.503022854891095e-13
168.7409989601306 8.203424178891233e-13
168.8453533194133 8.97690443312255e-13
168.949707678696 8.653266843340087e-13
169.0540620379787 9.35609621257884e-13
169.15841639726142 7.180403383726501e-13
169.2627707565441 1.1693421706572596e-12
169.3671251158268 9.36878370501511e-13
169.47147947510953 7.160388496917775e-13
169.57583383439223 1.3967373042766985e-12
169.68018819367495 8.690098155328206e-13
169.78454255295765 8.729838500846296e-13
169.88889691224034 1.4100337445470826e-12
169.99325127152304 8.656358501483911e-13
170.09760563080576 1.0757027653809755e-12
170.20195999008845 1.2289565991936276e-12
170.30631434937115 1.0626897811733285e-12
170.41066870865384 1.217496311941558e-12
170.51502306793657 1.0395391202631184e-12
170.61937742721926 1.4670520719224558e-12
170.72373178650196 1.2541755675299155e-12
170.82808614578465 1.0095455081102447e-12
170.93244050506738 1.9004932338223392e-12
171.03679486435007 1.2050256393211858e-12
171.14114922363277 1.1502911397197997e-12
171.24550358291546 2.1193646157441367e-12
171.34985794219818 1.1732994069650063e-12
171.45421230148088 1.3492372620616434e-12
171.55856666076357 2.020577215217642e-12
171.6629210200463 1.2992333195997813e-12
171.767275379329 1.4703543976729289e-12
171.87162973861172 1.7338912637745808e-12
171.9759840978944 1.6176418465827442e-12
172.0803384571771 1.4309606222418415e-12
172.1846928164598 1.4853691363126233e-12
172.28904717574252 1.99937404251919e-12
172.39340153502522 1.2538740235998252e-12
172.49775589430791 1.412119395493836e-12
172.6021102535906 2.2280360544074392e-12
172.70646461287333 1.0603190850341438e-12
172.81081897215603 1.4848761096645018e-12
172.91517333143872 2.153608811828188e-12
173.01952769072142 9.787970681473227e-13
173.1238820500041 1.5532249686433954e-12
173.22823640928684 1.844648092346406e-12
173.33259076856953 1.0870499661272636e-12
173.43694512785223 1.4822536153968488e-12
173.54129948713492 1.5335849302597982e-12
173.64565384641764 1.367043621725502e-12
173.75000820570034 1.2763045734921694e-12
173.85436256498303 1.4234436170318167e-12
173.95871692426576 1.6623294566178378e-12
174.06307128354848 1.048535212180986e-12
174.16742564283118 1.5233356147855563e-12
174.27178000211387 1.7754814737457077e-12
174.37613436139657 9.135416940054784e-13
174.48048872067926 1.660760030809568e-12
174.58484307996198 1.661802687744479e-12
174.68919743924468 9.567476314825803e-13
174.79355179852737 1.6543443863533495e-12
174.89790615781007 1.4391603546968043e-12
175.0022605170928 1.1813363764811911e-12
175.1066148763755 1.4509434896321478e-12
175.21096923565818 1.284261137453536e-12
175.31532359494088 1.463190987592765e-12
175.4196779542236 1.1373507684938495e-12
175.5240323135063 1.281178189820448e-12
175.628386672789 1.6268677447398135e-12
175.7327410320717 8.638257038647295e-13
175.8370953913544 1.3439978972971485e-12
175.9414497506371 1.5672610623043162e-12
176.0458041099198 7.339939473287962e-13
176.1501584692025 1.3127054155635472e-12
176.25451282848522 1.3148923170363376e-12
176.35886718776794 7.549619283587821e-13
176.46322154705064 1.1055686322115614e-12
176.56757590633333 1.0355549758087896e-12
176.67193026561603 8.631078001343708e-13
176.77628462489875 7.858371118418063e-13
176.88063898418145 8.886447097821006e-13
176.98499334346414 9.627677307636051e-13
177.08934770274684 4.925536258740724e-13
177.19370206202956 8.908826467166486e-13
177.29805642131225 9.557371116735972e-13
177.40241078059495 3.2031645139366853e-13
177.50676513987764 9.23718045078213e-13
177.61111949916037 8.202488786788874e-13
177.71547385844306 2.8184020314082897e-13
177.81982821772576 8.574901803394903e-13
177.92418257700845 6.461436483838107e-13
178.02853693629115 3.363659816627558e-13
178.13289129557387 6.699825545458854e-13
178.23724565485657 5.460367007341929e-13
178.34160001413926 4.2668871882516685e-13
178.44595437342196 4.3997560502245544e-13
178.5503087327047 5.655389985716256e-13
178.6546630919874 4.937117395313469e-13
178.7590174512701 2.6419293047543425e-13
178.8633718105528 6.434565821158436e-13
178.9677261698355 4.922620469894132e-13
179.0720805291182 1.845016052951196e-13
179.1764348884009 6.604778435937735e-13
179.2807892476836 4.1905719109353393e-13
179.3851436069663 1.8362485070193467e-13
179.48949796624902 5.537763405427897e-13
179.5938523255317 3.17115806576429e-13
179.6982066848144 2.3400354547286226e-13
179.8025610440971 3.6653215575728196e-13
179.90691540337983 2.522941435011238e-13
180.01126976266252 3.1272659345786643e-13
180.11562412194522 1.926946331544701e-13
180.2199784812279 2.51284990848957e-13
180.32433284051064 3.868459356726574e-13
180.42868719979333 8.858081398588494e-14
180.53304155907603 2.7604542502887575e-13
180.63739591835872 4.0675381650183396e-13
180.74175027764144 5.1744151884773485e-14
180.84610463692417 2.7361459260699907e-13
180.95045899620686 3.5020462640509946e-13
181.05481335548956 6.158998884607355e-14
181.15916771477225 2.3075676838618666e-13
181.26352207405498 2.6240284208320774e-13
181.36787643333767 1.1575831396217228e-13
181.47223079262037 1.6975053654403305e-13
181.57658515190306 2.091108442318916e-13
181.68093951118578 2.1661702325160687e-13
181.78529387046848 1.2001816722025164e-13
181.88964822975117 2.2663122040520248e-13
181.99400258903387 3.2818188694211343e-13
182.0983569483166 9.378368017566933e-14
182.2027113075993 2.9855182346546644e-13
182.30706566688198 3.8896921529877217e-13
182.41142002616468 9.465875845425738e-14
182.51577438544737 3.7482346932790243e-13
182.6201287447301 3.795469275031452e-13
182.7244831040128 1.5362857140395677e-13
182.82883746329549 4.1295255196639676e-13
182.93319182257818 3.415587061483325e-13
183.03754618186093 3.060101515886922e-13
183.14190054114363 4.060346422117676e-13
183.24625490042632 3.490540297934956e-13
183.35060925970902 5.347400008852702e-13
183.4549636189917 3.7876392314623573e-13
183.55931797827444 4.3857332003078135e-13
183.66367233755713 7.485224043475098e-13
183.76802669683983 3.66790513217229e-13
183.87238105612252 5.75484896474621e-13
183.97673541540524 8.444806333437936e-13
184.08108977468794 4.150344807423424e-13
184.18544413397063 6.903122233579553e-13
184.28979849325333 8.136493996578246e-13
184.39415285253605 5.648213445504819e-13
184.49850721181875 7.229625964799763e-13
184.60286157110144 7.422382379072648e-13
184.70721593038414 8.097100319887682e-13
184.81157028966686 6.69816938710025e-13
184.91592464894956 7.302635211097003e-13
185.02027900823225 1.061345476602228e-12
185.12463336751495 5.824162861347983e-13
185.22898772679767 8.18856973796845e-13
185.3333420860804 1.195193737291097e-12
185.4376964453631 5.303024688818066e-13
185.54205080464578 9.548784101270801e-13
185.64640516392848 1.1702083411308656e-12
185.7507595232112 5.810202173133121e-13
185.8551138824939 1.0338555631156672e-12
185.9594682417766 1.0630592937895523e-12
186.0638226010593 7.630970196127794e-13
186.168176960342 1.00191740393016e-12
186.2725313196247 1.0113832009729947e-12
186.3768856789074 1.0255381559301322e-12
186.4812400381901 8.969627405706199e-13
186.58559439747282 1.109739654503441e-12
186.6899487567555 1.2478580640455759e-12
186.7943031160382 8.053443638912731e-13
186.8986574753209 1.3176511274956711e-12
187.0030118346036 1.3371979362737542e-12
187.10736619388632 8.166482198301227e-13
187.21172055316902 1.4922899617161804e-12
187.3160749124517 1.2998752251135469e-12
187.4204292717344 9.776320479134786e-13
187.52478363101713 1.5181105020307579e-12
187.62913799029985 1.237686856534982e-12
187.73349234958255 1.2427181167544794e-12
187.83784670886524 1.3902407842477508e-12
187.94220106814797 1.26976853455714e-12
188.04655542743066 1.4850150263030395e-12
188.15090978671336 1.1970901587254876e-12
188.25526414599605 1.4102195361003615e-12
188.35961850527875 1.5907318197004451e-12
188.46397286456147 1.0609739322226526e-12
188.56832722384416 1.5479266382135759e-12
188.67268158312686 1.5222483695369385e-12
188.77703594240955 1.0630964885706425e-12
188.88139030169228 1.5511366461776726e-12
188.98574466097497 1.3534304680852621e-12
189.09009902025767 1.1887275338211507e-12
189.19445337954036 1.3853542935275704e-12
189.2988077388231 1.234248381991813e-12
189.40316209810578 1.3417163845325845e-12
189.50751645738848 1.1313801500497912e-12
189.61187081667117 1.2568450536673757e-12
189.7162251759539 1.413522553542725e-12
189.8205795352366 9.144002983230343e-13
189.9249338945193 1.378067542319059e-12
190.029288253802 1.359116060440936e-12
190.1336426130847 8.303046087996713e-13
190.23799697236743 1.4548818618368996e-12
190.34235133165012 1.2301333047205196e-12
190.44670569093282 8.949737128273371e-13
190.5510600502155 1.3789756944051238e-12
190.65541440949823 1.1303394803098742e-12
190.75976876878093 1.0392090729947e-12
190.86412312806362 1.1794963692558043e-12
190.96847748734632 1.1478444057460622e-12
191.07283184662904 1.1454866989744086e-12
191.17718620591174 9.574429423828394e-13
191.28154056519443 1.2796801842238538e-12
191.38589492447713 1.1393324067692545e-12
191.49024928375985 8.053989283715704e-13
191.59460364304255 1.3993103545774693e-12
191.69895800232524 1.0402739692470376e-12
191.80331236160794 7.672786323811372e-13
191.90766672089063 1.3594702291374857e-12
192.01202108017335 9.055581645960214e-13
192.11637543945605 8.138812018646524e-13
192.22072979873877 1.1472314110987659e-12
192.32508415802147 8.169498802567294e-13
192.4294385173042 8.603764333989412e-13
192.5337928765869 8.634242853567693e-13
192.63814723586958 8.24532856338704e-13
192.74250159515228 8.354921995840722e-13
192.84685595443497 6.223290070268036e-13
192.9512103137177 8.784615400767004e-13
193.0555646730004 7.34168543325437e-13
193.15991903228309 4.914626855544884e-13
193.26427339156578 8.750530685023348e-13
193.3686277508485 5.919769961654492e-13
193.4729821101312 4.603368427582921e-13
193.5773364694139 7.562232561575166e-13
193.6816908286966 4.742262096961903e-13
193.7860451879793 4.677427506869359e-13
193.890399547262 5.59026907683085e-13
193.9947539065447 4.388318124600882e-13
194.0991082658274 4.575892993525122e-13
194.20346262511012 3.7428332876206003e-13
194.30781698439282 4.852449412631964e-13
194.41217134367554 4.092102215058519e-13
194.51652570295823 2.6604647551259717e-13
194.62088006224093 5.518543760698529e-13
194.72523442152365 3.348830147200489e-13
194.82958878080635 2.352598284387554e-13
194.93394314008904 5.583662448969932e-13
195.03829749937174 2.6542263189712953e-13
195.14265185865446 2.408580345073655e-13
195.24700621793716 4.738591318897374e-13
195.35136057721985 2.3092885257580544e-13
195.45571493650255 2.477934049931191e-13
195.56006929578527 3.394214269304605e-13
195.66442365506796 2.4580494415928047e-13
195.76877801435066 2.4353178753490097e-13
195.87313237363335 2.192490754617892e-13
195.97748673291608 2.9338343555818435e-13
196.08184109219877 2.2641588965932438e-13
196.18619545148147 1.4968017809491835e-13
196.29054981076416 3.298682038568603e-13
196.39490417004686 1.9949391785645458e-13
196.49925852932958 1.309148625223225e-13
196.60361288861228 3.1567177197373784e-13
196.707967247895 1.6537166281869618e-13
196.8123216071777 1.5157319025528405e-13
196.91667596646042 2.5039883046427475e-13
197.0210303257431 1.402485143481235e-13
197.1253846850258 2.014612499895674e-13
197.2297390443085 1.6997465633542747e-13
197.3340934035912 1.4818757460679768e-13
197.43844776287392 2.643750706815473e-13
197.54280212215662 1.0732163256211745e-13
197.6471564814393 1.9136983230772616e-13
197.751510840722 3.1504536592745286e-13
197.85586520000473 7.894116026357038e-14
197.96021955928742 2.425490464967251e-13
198.06457391857012 3.266659205492111e-13
198.1689282778528 9.199994497550501e-14
198.27328263713554 2.6807608460112506e-13
198.37763699641823 3.0787463830090135e-13
198.48199135570093 1.5398750288783441e-13
198.58634571498362 2.5574197757850075e-13
198.69070007426635 3.0778472231691703e-13
198.79505443354904 2.6688796439584775e-13
198.89940879283174 2.196987302676398e-13
199.00376315211446 3.722889057643419e-13
199.10811751139715 4.0420225665732685e-13
199.21247187067988 1.8949524744728154e-13
199.31682622996257 4.986410722832184e-13
199.42118058924527 5.144396078898312e-13
199.52553494852796 1.9500749419104412e-13
199.62988930781069 6.281979446023288e-13
199.73424366709338 5.684031135500323e-13
199.83859802637608 2.6197105938733107e-13
199.94295238565877 6.910271220620553e-13
