0.0 0.0
0.10435435928270291 9.303226794294912e-09
0.20870871856540582 6.848996020523222e-08
0.3130630778481087 1.1455145138904395e-07
0.41741743713081164 4.2738332216575147e-07
0.5217717964135146 4.0254077080734835e-06
0.6261261556962174 0.00038389499939178983
0.7304805149789203 0.0034684817241259296
0.8348348742616233 0.00845968973794575
0.9391892335443263 0.006538901356741553
1.0435435928270291 0.0011660957425764836
1.1478979521097321 1.1332269305921083e-06
1.2522523113924349 1.1485919534571238e-05
1.3566066706751378 4.468942582152899e-06
1.4609610299578406 2.3652599506596067e-07
1.5653153892405436 1.4414950308076568e-06
1.6696697485232466 5.259753563068328e-07
1.7740241078059495 1.8835113895695592e-07
1.8783784670886525 3.384492132200556e-07
1.9827328263713553 1.9010653413836018e-07
2.0870871856540583 4.590165347625631e-07
2.1914415449367612 2.5635181554827877e-07
2.2957959042194642 2.398373767112193e-06
2.400150263502167 5.049046559460831e-06
2.5045046227848697 3.80010022575623e-06
2.6088589820675727 3.4515855651367846e-06
2.7132133413502757 2.1520071423202866e-06
2.8175677006329787 2.669936817274221e-07
2.921922059915681 3.9105775767538565e-08
3.026276419198384 6.76549952188201e-08
3.130630778481087 9.700427142427291e-09
3.23498513776379 1.6167334945037537e-08
3.339339497046493 1.6138282182554793e-08
3.4436938563291957 8.895177112518283e-09
3.548048215611899 3.209243260521955e-08
3.6524025748946016 1.3374289569587132e-08
3.756756934177305 7.06523729740512e-09
3.8611112934600076 2.134627666379373e-08
3.9654656527427106 3.638064126554134e-08
4.0698200120254135 1.5676567601133174e-08
4.1741743713081165 5.5827861774832205e-09
4.2785287305908195 2.0611367203964868e-08
4.3828830898735225 9.27140359567517e-09
4.4872374491562255 1.6862143406382097e-08
4.5915918084389284 1.5804205297246238e-09
4.6959461677216305 1.1784365241179738e-09
4.800300527004334 2.6251167185104868e-08
4.9046548862870365 3.7488503878973844e-09
5.0090092455697395 3.1145303481670452e-09
5.1133636048524425 1.541814869781256e-08
5.217717964135145 1.8299806272513316e-09
5.322072323417848 3.839812133086455e-09
5.426426682700551 8.668927823101485e-09
5.530781041983254 1.4146858830214586e-09
5.635135401265957 2.274957316663782e-09
5.73948976054866 7.022589116325553e-09
5.843844119831362 3.01335851388392e-09
5.948198479114066 2.9956724178754555e-09
6.052552838396768 3.6569099474102165e-09
6.156907197679472 2.863146680189249e-09
6.261261556962174 3.630221070481983e-09
6.365615916244878 2.7579294185962262e-09
6.46997027552758 1.545775969587468e-09
6.574324634810284 2.5721899612453392e-09
6.678678994092986 3.937947591011927e-09
6.783033353375689 1.190185350109659e-09
6.887387712658391 1.8435146411774242e-09
6.991742071941095 7.131057580768365e-09
7.096096431223798 7.313064776727686e-10
7.200450790506501 2.1188356789449136e-09
7.304805149789203 1.1479465753158571e-08
7.409159509071906 3.3254626375030325e-10
7.51351386835461 2.1090203117644943e-09
7.617868227637313 1.4222839478144657e-08
7.722222586920015 1.482367635445539e-10
7.826576946202718 2.000373833796177e-09
7.930931305485421 1.5604580520311043e-08
8.035285664768125 1.1675909716338819e-10
8.139640024050827 2.405489265405621e-09
8.24399438333353 1.4694289815656708e-08
8.348348742616233 1.9726030273235717e-11
8.452703101898935 2.9325244606564867e-09
8.557057461181639 8.614013051838978e-09
8.661411820464341 4.4270741169199175e-10
8.765766179747045 7.621374730026745e-09
8.870120539029747 2.1397571344747165e-09
8.974474898312451 3.5238674141446133e-09
9.078829257595153 1.773932014209654e-08
9.183183616877857 7.076597369702226e-10
9.287537976160559 1.0641098078813938e-08
9.391892335443261 3.229872602490521e-08
9.496246694725965 7.491796201449154e-09
9.600601054008669 2.776743388312392e-08
9.704955413291371 5.68372672324485e-08
9.809309772574073 2.8238420561725334e-08
9.913664131856777 5.607603715753357e-08
10.018018491139479 9.070879709006705e-08
10.122372850422183 7.689484630043687e-08
10.226727209704885 1.1533271151091999e-07
10.331081568987589 1.5787623648528165e-07
10.43543592827029 1.8454495462395854e-07
10.539790287552993 2.3305314292976088e-07
10.644144646835697 2.735354163964327e-07
10.7484990061184 3.5112615242169637e-07
10.852853365401103 3.903989352890685e-07
10.957207724683805 4.066725824214298e-07
11.061562083966509 5.503688243776781e-07
11.165916443249213 5.599566322937987e-07
11.270270802531915 5.068843971638167e-07
11.374625161814617 6.644646481432997e-07
11.47897952109732 5.84187917739977e-07
11.583333880380025 4.3001509262000955e-07
11.687688239662725 5.895919647636125e-07
11.792042598945429 4.5757863643835615e-07
11.896396958228133 3.3850865865042356e-07
12.000751317510835 6.122899985424057e-07
12.105105676793537 4.606945736037436e-07
12.20946003607624 4.3210461211562435e-07
12.313814395358945 8.16118275551777e-07
12.418168754641647 6.484419258518568e-07
12.522523113924349 7.825405069175316e-07
12.626877473207053 1.294910750777853e-06
12.731231832489756 9.97095673904054e-07
12.835586191772459 9.410636223254546e-07
12.93994055105516 1.1501152091789965e-06
13.044294910337864 5.646680938784552e-07
13.148649269620568 2.106851506470832e-07
13.253003628903269 2.394886932807053e-07
13.357357988185973 3.691550306584868e-07
13.461712347468676 7.631278576546096e-07
13.566066706751378 1.6232982814121448e-06
13.67042106603408 4.172777605243956e-06
13.774775425316783 7.029054038466635e-06
13.879129784599488 1.0494899547318859e-05
13.98348414388219 1.7272548391618482e-05
14.087838503164894 2.246790617932921e-05
14.192192862447596 2.5532452310014562e-05
14.296547221730298 3.0659422048585295e-05
14.400901581013002 3.076766421033465e-05
14.505255940295704 2.8175703281696975e-05
14.609610299578407 2.902675490100779e-05
14.71396465886111 2.5206846485869144e-05
14.818319018143812 2.2006649047286466e-05
14.922673377426518 2.2654285168609538e-05
15.02702773670922 2.1825806888231325e-05
15.131382095991922 3.484718046729007e-05
15.235736455274626 6.04002658992862e-05
15.340090814557328 0.00010142595940798195
15.44444517384003 0.00018375422911336522
15.548799533122734 0.00028044787546935757
15.653153892405436 0.00038943228866172646
15.757508251688138 0.0005376526367069674
15.861862610970842 0.0006608468556694174
15.966216970253544 0.0007701089662666492
16.07057132953625 0.000929821064497978
16.174925688818952 0.0010525544937218557
16.279280048101654 0.001138984226226396
16.38363440738436 0.0012370965042000429
16.48798876666706 0.0012056569966625052
16.59234312594976 0.0010741196179525827
16.696697485232466 0.0009698454694843404
16.801051844515168 0.0008183080704720133
16.90540620379787 0.0007019412797208714
17.009760563080576 0.0007056734101497402
17.114114922363278 0.0007064743298850505
17.21846928164598 0.0007940470903989847
17.322823640928682 0.0009896054165912742
17.427178000211384 0.0012270191957684602
17.53153235949409 0.0017668321986098988
17.635886718776792 0.002564712825247003
17.740241078059494 0.0034510533939812113
17.8445954373422 0.004561373049069128
17.948949796624902 0.005517384775408226
18.053304155907604 0.006181428243756492
18.157658515190306 0.007017444314535779
18.262012874473008 0.0076433746474417405
18.366367233755714 0.00801943589020488
18.470721593038416 0.008730297996946575
18.575075952321118 0.009188220276528908
18.679430311603824 0.009449655810930857
18.783784670886522 0.009934026432683759
18.888139030169224 0.00920347608040613
18.99249338945193 0.007255364180787651
19.096847748734632 0.005705470675393429
19.201202108017338 0.004894473497269389
19.30555646730004 0.005446342111056098
19.409910826582742 0.006124953882824358
19.514265185865444 0.004447162278833881
19.618619545148146 0.0028075707182555146
19.722973904430848 0.0031914245467629322
19.827328263713554 0.004396654247523919
19.931682622996256 0.006974495213260161
20.036036982278958 0.0076687579180699
20.140391341561664 0.005946994421755982
20.244745700844366 0.010462540295669759
20.349100060127068 0.01598154054775554
20.45345441940977 0.012685452616857188
20.557808778692472 0.015352602175890427
20.662163137975178 0.028133175301980708
20.76651749725788 0.030383710405031936
20.87087185654058 0.025550713895358505
20.975226215823287 0.03067480508831339
21.079580575105986 0.04012866795005143
21.18393493438869 0.04791162245852376
21.288289293671394 0.05376016343258205
21.392643652954096 0.05518260857276521
21.4969980122368 0.060617478098637254
21.601352371519503 0.07195022231595874
21.705706730802206 0.07947391034199343
21.810061090084908 0.08794693928919357
21.91441544936761 0.10009321774917711
22.018769808650312 0.10827086336137517
22.123124167933018 0.11415898090020153
22.22747852721572 0.11582539027870406
22.331832886498425 0.11450997694728886
22.436187245781127 0.12007565585025548
22.54054160506383 0.1167487596519387
22.64489596434653 0.1009049085087166
22.749250323629234 0.10436614728168665
22.853604682911936 0.11128838939287396
22.95795904219464 0.08948883253345918
23.062313401477343 0.07452104462227858
23.16666776076005 0.08009981905244537
23.27102212004275 0.06982819122973379
23.37537647932545 0.05956803462554378
23.479730838608155 0.07026587952122935
23.584085197890857 0.06929120917571999
23.68843955717356 0.05772109361159853
23.792793916456265 0.06385145225700836
23.897148275738967 0.0719262621128176
24.00150263502167 0.06717910148760592
24.10585699430437 0.06264569510329611
24.210211353587074 0.06249164830594417
24.31456571286978 0.06639930499167628
24.41892007215248 0.07151276163949886
24.523274431435183 0.06658336123551642
24.62762879071789 0.05513371848404034
24.73198315000059 0.048618344073666844
24.836337509283293 0.044989644418939295
24.940691868565995 0.04135378252021547
25.045046227848697 0.03876532183151119
25.1494005871314 0.03520509718585016
25.253754946414105 0.030337429573646258
25.358109305696807 0.02489423985084358
25.462463664979513 0.019895977876786996
25.566818024262215 0.01799288201259897
25.671172383544917 0.01703152607543311
25.77552674282762 0.014267439981086219
25.87988110211032 0.013426332595182437
25.984235461393023 0.015583052909914331
26.08858982067573 0.016051935967416553
26.19294417995843 0.013064569806466904
26.297298539241137 0.009978663123415174
26.401652898523835 0.010846729195188014
26.506007257806537 0.014210963559520874
26.610361617089243 0.014145508191015059
26.714715976371945 0.010511220540791169
26.819070335654647 0.008709469906584385
26.923424694937353 0.009716707045093443
27.027779054220055 0.009969737648128757
27.132133413502757 0.007610284412460436
27.23648777278546 0.0045734229222810395
27.34084213206816 0.0038563011449879803
27.445196491350863 0.004787775623794015
27.549550850633565 0.004270443015720943
27.653905209916275 0.0022664246566694475
27.758259569198977 0.0010065357207462416
27.86261392848168 0.0010904716729462152
27.96696828776438 0.0014935293171528883
28.07132264704708 0.00137249968947609
28.17567700632979 0.0010884370281782547
28.28003136561249 0.0012677998959885542
28.384385724895193 0.0014313165649044775
28.488740084177895 0.0012070719935685598
28.593094443460597 0.001265911213176893
28.6974488027433 0.0019203314490953034
28.801803162026005 0.0025734949534348918
28.906157521308707 0.00250963197967231
29.01051188059141 0.0016332836695713915
29.11486623987411 0.0006990022604756866
29.219220599156813 0.0003767239647484017
29.323574958439522 0.000456923932821038
29.42792931772222 0.0005057631982506516
29.532283677004923 0.0004269257593600867
29.636638036287625 0.00028497402454345094
29.740992395570327 0.00016895398751068158
29.845346754853036 0.00013695438799285646
29.94970111413574 0.00018982033739350029
30.05405547341844 0.0002724764653616369
30.158409832701143 0.00028519998092508896
30.262764191983845 0.0002099642780501348
30.367118551266543 0.00013233479453171482
30.471472910549252 0.00010804118049096547
30.575827269831954 0.00015221401055203656
30.680181629114657 0.00023322476859860287
30.78453598839736 0.00027346309755527006
30.88889034768006 0.00025413210425399667
30.993244706962766 0.0002234958492270042
31.09759906624547 0.00019833234484401146
31.20195342552817 0.00016293861327392796
31.306307784810873 0.00012686742882885732
31.410662144093575 0.00012736680710024535
31.515016503376277 0.00017974094154801277
31.619370862658986 0.00027982702721235196
31.723725221941685 0.0004093299916133573
31.828079581224387 0.00048804735629392587
31.93243394050709 0.0004497887085902385
32.03678829978979 0.00034380361630661073
32.1411426590725 0.0002371676726499501
32.2454970183552 0.00014589535757627875
32.349851377637904 8.7404418982157e-05
32.454205736920606 6.017667304790228e-05
32.55856009620331 4.174540314972058e-05
32.66291445548601 3.087338881007727e-05
32.76726881476872 3.3998639091774167e-05
32.87162317405142 5.326167970494963e-05
32.97597753333412 8.862805900431202e-05
33.08033189261682 0.0001329369005265428
33.18468625189952 0.0001782482735910871
33.28904061118223 0.00020636197828614427
33.39339497046493 0.00021236061490335364
33.497749329747634 0.00022500833629857589
33.602103689030336 0.0002452881050221818
33.70645804831304 0.0002449151095266882
33.81081240759574 0.00022569999088662877
33.91516676687845 0.00019766735731841948
34.01952112616115 0.00015990123314391322
34.123875485443854 0.00012561188831638554
34.228229844726556 0.00010656279428008238
34.33258420400926 9.468836744620841e-05
34.43693856329196 8.337796730734375e-05
34.54129292257466 7.936977345006065e-05
34.645647281857364 8.633712557054877e-05
34.75000164114007 9.811547952338105e-05
34.85435600042277 0.000114799125446536
34.95871035970548 0.0001387175508699126
35.06306471898818 0.00015677180172531571
35.16741907827088 0.00015797646406128115
35.271773437553584 0.00014859896599046324
35.376127796836286 0.00013524737707542366
35.48048215611899 0.0001176475511886749
35.5848365154017 0.00010107588948099493
35.6891908746844 9.394960578752292e-05
35.7935452339671 9.359949034256164e-05
35.897899593249804 9.505165619754152e-05
36.002253952532506 0.0001018167364287123
36.10660831181521 0.00011332852855452106
36.21096267109791 0.0001223121077245101
36.31531703038061 0.00012868873790248682
36.419671389663314 0.00013551009810813417
36.524025748946016 0.00013928573143070968
36.62838010822872 0.00013818636029574785
36.73273446751143 0.00013615698217539577
36.83708882679413 0.00013210151559242512
36.94144318607683 0.0001213379512999364
37.045797545359534 0.00010760830133914598
37.150151904642236 9.642270170255891e-05
37.254506263924945 8.694179183658757e-05
37.35886062320765 7.999166560015102e-05
37.46321498249035 7.855292588909784e-05
37.567569341773044 8.221373124593077e-05
37.671923701055746 8.753730479389904e-05
37.77627806033845 9.295127723198184e-05
37.88063241962116 9.953397571284035e-05
37.98498677890386 0.00010424367893564995
38.08934113818656 0.00010429582678132564
38.193695497469264 0.00010400813739930433
38.298049856751966 0.00010490906358603757
38.402404216034675 0.00010438352349868565
38.50675857531738 0.00010443173197564307
38.61111293460008 0.00010672889503656269
38.71546729388278 0.00010862276617063047
38.819821653165484 0.00010871962411777696
38.924176012448186 0.00010860449237792511
39.02853037173089 0.00010901102785334691
39.13288473101359 0.00010688282229431283
39.23723909029629 0.00010160696354426607
39.341593449578994 9.607206139926223e-05
39.445947808861696 8.974894038456e-05
39.550302168144405 8.180398657324305e-05
39.65465652742711 7.466935951462024e-05
39.75901088670981 6.988920743113567e-05
39.86336524599251 6.61981373587008e-05
39.967719605275214 6.331270413443248e-05
40.072073964557916 6.361464254675307e-05
40.176428323840625 6.759459650813397e-05
40.28078268312333 7.356869923247862e-05
40.38513704240603 8.266493055150051e-05
40.48949140168873 9.556402438222348e-05
40.59384576097143 0.00010862226031602934
40.698200120254135 0.00011888703272789372
40.80255447953684 0.0001252733808535183
40.90690883881954 0.00012563114403025446
41.01126319810224 0.00011785798697032116
41.115617557384944 0.0001044668146589405
41.21997191666765 9.060568302206873e-05
41.324326275950355 7.729432965694097e-05
41.42868063523306 6.55240246843386e-05
41.53303499451576 5.8444993716625335e-05
41.63738935379846 5.56895049155861e-05
41.74174371308116 5.495357788542044e-05
41.84609807236387 5.6179351722374416e-05
41.950452431646575 5.988769336108688e-05
42.05480679092928 6.466851727343139e-05
42.15916115021197 6.91309526204027e-05
42.263515509494674 7.508516617373114e-05
42.36786986877738 8.284227917776933e-05
42.472224228060085 8.903995035508191e-05
42.57657858734279 9.388145236739512e-05
42.68093294662549 9.872547257436792e-05
42.78528730590819 0.00010034671397896738
42.889641665190894 9.726959254181398e-05
42.9939960244736 9.25845870970236e-05
43.098350383756305 8.822307358594326e-05
43.20270474303901 8.29255961571523e-05
43.30705910232171 7.73481806796154e-05
43.41141346160441 7.425181175293817e-05
43.51576782088712 7.203753662870012e-05
43.620122180169815 6.81886560902944e-05
43.72447653945252 6.438549986791506e-05
43.82883089873522 6.125173342397318e-05
43.93318525801792 5.6930045177530735e-05
44.037539617300624 5.226492569766918e-05
44.14189397658333 5.052237565265887e-05
44.246248335866035 5.211941371297318e-05
44.35060269514874 5.570421965328283e-05
44.45495705443144 6.27317353245892e-05
44.55931141371414 7.353539086919123e-05
44.66366577299685 8.403459882765144e-05
44.76802013227955 9.238143436684479e-05
44.872374491562255 9.931559292100049e-05
44.97672885084496 0.00010247430710868322
45.08108321012766 9.96021359535605e-05
45.18543756941036 9.292049654074812e-05
45.28979192869306 8.539359889606592e-05
45.394146287975765 7.652298568349012e-05
45.49850064725847 6.716282373020832e-05
45.60285500654117 6.071158882308719e-05
45.70720936582387 5.66696301866586e-05
45.81156372510658 5.292760030620415e-05
45.91591808438928 5.065403253900281e-05
46.020272443671985 5.08420429301077e-05
46.12462680295469 5.174221733122666e-05
46.22898116223739 5.242393038029616e-05
46.3333355215201 5.478890773340498e-05
46.4376898808028 5.8922186153035094e-05
46.5420442400855 6.243081113073675e-05
46.646398599368204 6.619593372892889e-05
46.7507529586509 7.135502550701074e-05
46.8551073179336 7.490091021560702e-05
46.95946167721631 7.590359860371397e-05
47.06381603649901 7.673856443840313e-05
47.168170395781715 7.737572750861777e-05
47.27252475506442 7.621181115056298e-05
47.37687911434712 7.442560771477368e-05
47.48123347362983 7.438943929269943e-05
47.58558783291253 7.461012887790103e-05
47.68994219219523 7.308720058391074e-05
47.794296551477935 7.143612112588084e-05
47.89865091076064 6.98442633763085e-05
48.00300527004334 6.6094192857045e-05
48.10735962932605 6.041431080419734e-05
48.21171398860874 5.497130566982511e-05
48.316068347891445 4.99170370676893e-05
48.42042270717415 4.4745241621278066e-05
48.52477706645685 4.1687155587609496e-05
48.62913142573956 4.220053738782901e-05
48.73348578502226 4.4705788289230684e-05
48.83784014430496 4.8967360941975216e-05
48.942194503587665 5.583616819963385e-05
49.04654886287037 6.335707644229444e-05
49.15090322215307 6.912937725969033e-05
49.25525758143578 7.32305321898584e-05
49.35961194071848 7.595756758267303e-05
49.46396630000118 7.591639749873828e-05
49.568320659283884 7.33447604848996e-05
49.672675018566586 7.104819833565399e-05
49.77702937784929 6.940068386421788e-05
49.88138373713199 6.739779521825333e-05
49.98573809641469 6.62649208285469e-05
50.090092455697395 6.677590749367338e-05
50.1944468149801 6.721674434762687e-05
50.2988011742628 6.596861035838204e-05
50.40315553354551 6.376452130521093e-05
50.50750989282821 6.0886679883986254e-05
50.61186425211091 5.592788346740738e-05
50.716218611393614 4.991003240044698e-05
50.82057297067632 4.511176438142529e-05
50.924927329959026 4.152306502935888e-05
51.02928168924173 3.900253836844448e-05
51.13363604852443 3.877228958108336e-05
51.23799040780713 4.1102653890281054e-05
51.342344767089834 4.464523309313315e-05
51.446699126372536 4.885713391714889e-05
51.55105348565524 5.442595563138578e-05
51.65540784493794 6.038878825261948e-05
51.75976220422064 6.506148311554488e-05
51.864116563503345 6.886471083306682e-05
51.96847092278605 7.210247117808286e-05
52.072825282068756 7.371011417162906e-05
52.17717964135146 7.340037811768905e-05
52.28153400063416 7.243219704433307e-05
52.38588835991686 7.143691607889746e-05
52.490242719199564 6.949601585214299e-05
52.59459707848227 6.695200307600967e-05
52.698951437764975 6.479809254209042e-05
52.80330579704767 6.230776443718366e-05
52.90766015633037 5.882967356024904e-05
53.012014515613075 5.4894644490069995e-05
53.11636887489578 5.0985213327919735e-05
53.220723234178486 4.674474191505972e-05
53.32507759346119 4.231195661819922e-05
53.42943195274389 3.899377860647271e-05
53.53378631202659 3.708611537358878e-05
53.638140671309294 3.613612897271187e-05
53.742495030592 3.665125340131563e-05
53.846849389874706 3.8900598308530585e-05
53.95120374915741 4.2167310408017965e-05
54.05555810844011 4.594584223191751e-05
54.15991246772281 5.0418685202799614e-05
54.264266827005514 5.5409212544446206e-05
54.368621186288216 5.974826700563097e-05
54.47297554557092 6.318386858267174e-05
54.57732990485362 6.635798077151008e-05
54.68168426413632 6.867784998374889e-05
54.786038623419024 6.954962213109909e-05
54.89039298270173 6.952335377759662e-05
54.99474734198443 6.918360385826888e-05
55.09910170126713 6.822030580117355e-05
55.20345606054985 6.629264719976102e-05
55.30781041983255 6.429724457726468e-05
55.41216477911525 6.248531932381095e-05
55.51651913839795 5.994589807775219e-05
55.620873497680655 5.667086791162738e-05
55.72522785696336 5.3326124703341265e-05
55.82958221624606 4.999695460443576e-05
55.93393657552876 4.6220816697615116e-05
56.03829093481146 4.2401477010733406e-05
56.14264529409416 3.9453499258099824e-05
56.24699965337686 3.711032227449336e-05
56.35135401265958 3.519537045916899e-05
56.45570837194228 3.447171782336458e-05
56.56006273122498 3.5075135661489074e-05
56.66441709050768 3.643690664336866e-05
56.768771449790385 3.845477981616273e-05
56.87312580907309 4.149301385304216e-05
56.97748016835579 4.5201398433078397e-05
57.08183452763849 4.871261042603869e-05
57.186188886921194 5.227292105857408e-05
57.290543246203896 5.613415030670861e-05
57.3948976054866 5.942789463598801e-05
57.49925196476931 6.195410850221856e-05
57.60360632405201 6.436947441765569e-05
57.70796068333471 6.673623099217903e-05
57.81231504261741 6.824620035603955e-05
57.916669401900116 6.879471264645967e-05
58.02102376118282 6.912423817589768e-05
58.12537812046552 6.863605122218982e-05
58.22973247974822 6.654578320054007e-05
58.334086839030924 6.355541409239627e-05
58.438441198313626 6.024846462714155e-05
58.54279555759633 5.623053184210654e-05
58.647149916879044 5.144544781410308e-05
58.75150427616175 4.704789320578065e-05
58.85585863544444 4.348391433687002e-05
58.960212994727144 3.999903039844987e-05
59.064567354009846 3.687601879570006e-05
59.16892171329255 3.4865661452426535e-05
59.27327607257525 3.357462334343524e-05
59.37763043185795 3.247121316734177e-05
59.481984791140654 3.206981875251505e-05
59.586339150423356 3.2829130139953495e-05
59.69069350970607 3.398988891396146e-05
59.795047868988775 3.5258729274914194e-05
59.89940222827148 3.745131945252266e-05
60.00375658755418 4.027885692174302e-05
60.10811094683688 4.285390446647026e-05
60.21246530611958 4.559952225802908e-05
60.316819665402285 4.906597453635268e-05
60.42117402468499 5.2630405851362834e-05
60.52552838396769 5.5673140232064005e-05
60.629882743250384 5.888828055729064e-05
60.734237102533086 6.250669417365831e-05
60.8385914618158 6.523768306599721e-05
60.942945821098505 6.685695684348006e-05
61.04730018038121 6.818183820393661e-05
61.15165453966391 6.889322391704713e-05
61.25600889894661 6.814341526829493e-05
61.36036325822931 6.637102174856059e-05
61.464717617512015 6.461854804908215e-05
61.56907197679472 6.237883845151765e-05
61.67342633607742 5.9113016611563865e-05
61.77778069536012 5.57927097629365e-05
61.88213505464282 5.274719368473659e-05
61.98648941392553 4.920796950889712e-05
62.090843773208235 4.51434900325581e-05
62.19519813249094 4.147691523096729e-05
62.29955249177364 3.826424716618026e-05
62.40390685105634 3.483110544409471e-05
62.50826121033904 3.1781238638788444e-05
62.612615569621745 2.9886197778519668e-05
62.71696992890445 2.860686558690469e-05
62.82132428818715 2.764645391843094e-05
62.92567864746985 2.7667378813480433e-05
63.030033006752554 2.8802113114709524e-05
63.13438736603527 3.0240609501135857e-05
63.23874172531797 3.1892967678726455e-05
63.343096084600674 3.4435991663087026e-05
63.44745044388337 3.736159776947659e-05
63.55180480316607 3.98811529987657e-05
63.65615916244877 4.261113718009764e-05
63.760513521731475 4.5968436054582834e-05
63.86486788101418 4.9244285203487534e-05
63.96922224029688 5.215434478440854e-05
64.07357659957958 5.549365293254711e-05
64.17793095886229 5.9351948434080866e-05
64.282285318145 6.257429309492966e-05
64.3866396774277 6.509851786231066e-05
64.4909940367104 6.760870444343652e-05
64.5953483959931 6.953118303843324e-05
64.69970275527581 7.002389084253946e-05
64.8040571145585 6.952640422286388e-05
64.90841147384121 6.886414626994694e-05
65.01276583312391 6.753412023396658e-05
65.11712019240662 6.51413531719801e-05
65.22147455168931 6.266106282699e-05
65.32582891097202 6.0395141699994146e-05
65.43018327025473 5.762254993205843e-05
65.53453762953744 5.4232155485099044e-05
65.63889198882013 5.092587214576839e-05
65.74324634810284 4.7746841823027566e-05
65.84760070738554 4.401879346199782e-05
65.95195506666823 4.0127072428241624e-05
66.05630942595094 3.680919847750113e-05
66.16066378523364 3.378609918694533e-05
66.26501814451635 3.0799644928038214e-05
66.36937250379904 2.8327826338545724e-05
66.47372686308175 2.6676122987000887e-05
66.57808122236446 2.5379580835842604e-05
66.68243558164717 2.4299984298966693e-05
66.78678994092986 2.3994405926554635e-05
66.89114430021257 2.4367370457098956e-05
66.99549865949527 2.4923478089249543e-05
67.09985301877798 2.590843780327884e-05
67.20420737806067 2.7657999941547732e-05
67.30856173734338 2.983997973116595e-05
67.41291609662608 3.21264018153915e-05
67.51727045590879 3.4896949350119824e-05
67.62162481519148 3.836125116272448e-05
67.72597917447419 4.1925152569415464e-05
67.8303335337569 4.5475289685084454e-05
67.9346878930396 4.944124626751825e-05
68.0390422523223 5.358987966576642e-05
68.143396611605 5.727777434959374e-05
68.24775097088771 6.0447105860964376e-05
68.3521053301704 6.355126130361307e-05
68.45645968945311 6.629760892475776e-05
68.5608140487358 6.81704311317182e-05
68.66516840801852 6.963333152413559e-05
68.76952276730121 7.109185884755025e-05
68.87387712658392 7.226117322073556e-05
68.97823148586663 7.28460102240114e-05
69.08258584514932 7.317055727916833e-05
69.18694020443203 7.34597832051068e-05
69.29129456371473 7.308726177503306e-05
69.39564892299744 7.186051684207361e-05
69.50000328228013 7.023042558270215e-05
69.60435764156284 6.827134235291195e-05
69.70871200084554 6.56861298292252e-05
69.81306636012825 6.251515662022573e-05
69.91742071941096 5.934113200851398e-05
70.02177507869366 5.6189426598411876e-05
70.12612943797636 5.268555205757233e-05
70.23048379725907 4.9041779314481505e-05
70.33483815654176 4.557030046701883e-05
70.43919251582446 4.216963867187742e-05
70.54354687510717 3.859027228654843e-05
70.64790123438986 3.507897192618773e-05
70.75225559367257 3.200035034449862e-05
70.85660995295527 2.9130347439502902e-05
70.96096431223798 2.6358580091285168e-05
71.06531867152069 2.398329481887291e-05
71.1696730308034 2.2124772274507314e-05
71.27402739008609 2.0566736828315158e-05
71.3783817493688 1.92248678496847e-05
71.4827361086515 1.839019800557623e-05
71.5870904679342 1.8071683586936077e-05
71.6914448272169 1.7975558496304352e-05
71.79579918649961 1.8208104521979555e-05
71.9001535457823 1.8986652120654518e-05
72.00450790506501 2.015906863230183e-05
72.1088622643477 2.1538508742099415e-05
72.21321662363042 2.3309944710107085e-05
72.31757098291313 2.569735113056263e-05
72.42192534219582 2.8427041131570003e-05
72.52627970147853 3.1327755117187434e-05
72.63063406076122 3.469348990108191e-05
72.73498842004393 3.8477500169073596e-05
72.83934277932663 4.224767457598861e-05
72.94369713860934 4.5870138361296724e-05
73.04805149789203 4.9649470497082584e-05
73.15240585717474 5.353383607114031e-05
73.25676021645744 5.7055990210968846e-05
73.36111457574015 6.044424100038461e-05
73.46546893502286 6.415724113504451e-05
73.56982329430555 6.798725547875185e-05
73.67417765358826 7.156035059287579e-05
73.77853201287095 7.506430680500933e-05
73.88288637215366 7.886459400626794e-05
73.98724073143636 8.244667107074425e-05
74.09159509071907 8.534414685758329e-05
74.19594945000176 8.80241399258149e-05
74.30030380928447 9.072232034655231e-05
74.40465816856717 9.298419594712553e-05
74.50901252784989 9.457301040977239e-05
74.61336688713259 9.613568387213365e-05
74.7177212464153 9.790463169339187e-05
74.82207560569799 9.913320284871859e-05
74.9264299649807 9.976122237760207e-05
75.0307843242634 0.00010040785601581412
75.13513868354609 0.00010106831162059351
75.2394930428288 0.00010106360314514984
75.34384740211149 0.00010046301865697016
75.4482017613942 0.00010012986162268885
75.5525561206769 9.987981090250527e-05
75.65691047995962 9.902199739171421e-05
75.76126483924232 9.780972225427258e-05
75.86561919852502 9.68318451031518e-05
75.96997355780772 9.575179729821692e-05
76.07432791709043 9.381002280387475e-05
76.17868227637312 9.146646117409016e-05
76.28303663565583 8.939489042408237e-05
76.38739099493853 8.717063326334375e-05
76.49174535422124 8.444028393370635e-05
76.59609971350393 8.177290336531593e-05
76.70045407278664 7.970961818915364e-05
76.80480843206935 7.7669417255262e-05
76.90916279135205 7.518616677199335e-05
77.01351715063475 7.281416111674295e-05
77.11787150991745 7.070513753182902e-05
77.22222586920016 6.8242714966513e-05
77.32658022848285 6.521268033980783e-05
77.43093458776556 6.227224191578831e-05
77.53528894704826 5.966835028289144e-05
77.63964330633097 5.6850057445043927e-05
77.74399766561366 5.390789355064982e-05
77.84835202489637 5.1422919008752334e-05
77.95270638417908 4.932986695607079e-05
78.05706074346178 4.706415447434361e-05
78.16141510274448 4.462639377848254e-05
78.26576946202718 4.251162528386172e-05
78.37012382130989 4.050377485588644e-05
78.47447818059258 3.8158631963617e-05
78.5788325398753 3.575309298510696e-05
78.68318689915799 3.371197444235463e-05
78.7875412584407 3.1852259194344996e-05
78.89189561772339 2.9808838802506504e-05
78.9962499770061 2.787350236659976e-05
79.10060433628881 2.633712541273453e-05
79.20495869557152 2.4846582113089247e-05
79.30931305485421 2.3160352177698823e-05
79.41366741413692 2.155618944295108e-05
79.51802177341962 2.0255894632780853e-05
79.62237613270231 1.8963400250490088e-05
79.72673049198502 1.7525974055081143e-05
79.83108485126772 1.628159898333219e-05
79.93543921055043 1.5312453299999853e-05
80.03979356983312 1.4325711140018528e-05
80.14414792911583 1.3223768894130765e-05
80.24850228839854 1.2253592444319707e-05
80.35285664768125 1.1453965360315153e-05
80.45721100696395 1.0547370666113564e-05
80.56156536624665 9.56324595118606e-06
80.66591972552935 8.749378937160706e-06
80.77027408481206 8.099572016310476e-06
80.87462844409475 7.4364277896188266e-06
80.97898280337746 6.7843899825054865e-06
81.08333716266016 6.31923100426692e-06
81.18769152194287 5.953456968345244e-06
81.29204588122558 5.5040628350536785e-06
81.39640024050827 5.025268270945152e-06
81.50075459979098 4.632230056448837e-06
81.60510895907368 4.263358877728821e-06
81.70946331835638 3.814765307441413e-06
81.81381767763908 3.39031937004022e-06
81.91817203692179 3.093143370842065e-06
82.02252639620448 2.838403216044397e-06
82.12688075548719 2.5650414223317203e-06
82.23123511476989 2.3332386467485884e-06
82.3355894740526 2.186693058744505e-06
82.4399438333353 2.037321666233848e-06
82.544298192618 1.8310255235578795e-06
82.64865255190071 1.6482141883663394e-06
82.7530069111834 1.5125740374161385e-06
82.85736127046611 1.3627263424329845e-06
82.96171562974881 1.1881189354226054e-06
83.06606998903152 1.0528471285175077e-06
83.17042434831421 9.704814544745256e-07
83.27477870759692 8.780917158673693e-07
83.37913306687962 7.727018438410583e-07
83.48348742616233 6.983605252439897e-07
83.58784178544504 6.507279978380389e-07
83.69219614472775 5.883624729361702e-07
83.79655050401044 5.118382964106967e-07
83.90090486329315 4.637869056005174e-07
84.00525922257584 4.362955577199818e-07
84.10961358185855 3.9543407990656747e-07
84.21396794114125 3.4892485507854585e-07
84.31832230042394 3.1987622635636333e-07
84.42267665970665 2.996775265303132e-07
84.52703101898935 2.6093699408074903e-07
84.63138537827206 2.1568119964382336e-07
84.73573973755477 1.867405392517071e-07
84.84009409683748 1.6369063160217276e-07
84.94444845612017 1.3644758099655868e-07
85.04880281540288 1.1395762612984682e-07
85.15315717468557 1.0751320567067698e-07
85.25751153396828 1.0805500256071019e-07
85.36186589325098 1.0131286554292943e-07
85.46622025253369 9.305701376667044e-08
85.57057461181638 8.98830238050559e-08
85.67492897109909 8.387610289568493e-08
85.77928333038179 6.806222864305077e-08
85.8836376896645 5.2317401671735505e-08
85.9879920489472 4.4276364793494565e-08
86.0923464082299 3.693175928579092e-08
86.19670076751261 2.8918044732666098e-08
86.3010551267953 2.5018753392512442e-08
86.40540948607801 2.679068966239728e-08
86.50976384536071 2.904833657587567e-08
86.61411820464342 2.6311361931472076e-08
86.71847256392611 2.371394607331654e-08
86.82282692320882 2.3539187858799188e-08
86.92718128249152 2.015015681347456e-08
87.03153564177424 1.3754915867661423e-08
87.13589000105694 9.693496722253841e-09
87.24024436033963 8.686862262269678e-09
87.34459871962234 7.177975220156697e-09
87.44895307890503 5.0551675900810276e-09
87.55330743818774 4.612803481607776e-09
87.65766179747044 5.877744480212387e-09
87.76201615675315 6.271617145134042e-09
87.86637051603584 4.611121058475503e-09
87.97072487531855 4.0110437792252714e-09
88.07507923460125 4.997038273805657e-09
88.17943359388397 4.682621115732937e-09
88.28378795316667 3.271294485401927e-09
88.38814231244938 3.0956735895795515e-09
88.49249667173207 4.1215830225634455e-09
88.59685103101478 3.496049392440851e-09
88.70120539029747 1.8483064064632397e-09
88.80555974958018 1.8523816170243819e-09
88.90991410886288 1.670281171664002e-09
89.01426846814557 4.5377605613144547e-10
89.11862282742828 1.783779431272687e-11
89.22297718671098 1.0388677165514979e-11
89.3273315459937 3.991555897939775e-10
89.4316859052764 1.1798409241332157e-09
89.5360402645591 1.0343514747498613e-09
89.6403946238418 1.2775113424032445e-09
89.74474898312451 2.3718613448891e-09
89.8491033424072 1.7489168369046845e-09
89.95345770168991 8.556985951306421e-10
90.05781206097261 1.2949661384442074e-09
90.16216642025532 7.791481962977184e-10
90.26652077953801 4.385887698856376e-11
90.37087513882072 1.6919137600414154e-10
90.47522949810343 2.182540157795737e-11
90.57958385738613 2.7266724403602717e-10
90.68393821666884 4.6183095537461884e-10
90.78829257595153 1.1663441204534131e-10
90.89264693523424 5.667732262025396e-10
90.99700129451693 6.822782761275074e-10
91.10135565379964 9.386869508688629e-11
91.20571001308234 2.8845270279011397e-10
91.31006437236505 3.1366280317808286e-10
91.41441873164774 6.837501334980422e-12
91.51877309093047 2.1678503252451777e-10
91.62312745021316 9.484723503179719e-11
91.72748180949586 7.509561397065988e-11
91.83183616877857 4.424235822993546e-10
91.93619052806126 1.6003676875926892e-10
92.04054488734397 5.217131432195102e-11
92.14489924662666 3.7970292774725923e-10
92.24925360590937 1.9361493417471485e-10
92.35360796519207 1.1016645934669213e-11
92.45796232447478 1.398654776317955e-10
92.56231668375747 2.133996090028429e-10
92.6666710430402 1.1231844331980822e-10
92.77102540232289 2.6739263624740317e-11
92.8753797616056 2.920002755600232e-10
92.9797341208883 2.345259906424627e-10
93.084088480171 1.592338106854204e-11
93.1884428394537 4.3345169712497854e-10
93.29279719873641 3.2365200703818487e-10
93.3971515580191 7.851202163419185e-11
93.5015059173018 7.049105645463726e-10
93.60586027658451 4.92599666433056e-10
93.7102146358672 1.8279354218665257e-10
93.81456899514993 9.192783087852933e-10
93.91892335443262 5.941216461534486e-10
94.02327771371533 2.2311299994732847e-10
94.12763207299803 9.239645932747719e-10
94.23198643228073 5.223970583772093e-10
94.33634079156343 1.7200806903830092e-10
94.44069515084614 7.436003133006515e-10
94.54504951012883 3.353818707282068e-10
94.64940386941154 1.1625710238301009e-10
94.75375822869424 5.406183586836956e-10
94.85811258797695 1.818214362712674e-10
94.96246694725966 7.676178704849245e-11
95.06682130654235 3.225121799971835e-10
95.17117566582506 9.143188821371733e-11
95.27553002510776 6.960477012128758e-11
95.37988438439046 1.246105737050773e-10
95.48423874367316 9.799267086230392e-11
95.58859310295587 1.5088992475577238e-10
95.69294746223856 1.8075818954280048e-11
95.79730182152127 1.9635603927370564e-10
95.90165618080397 2.9902246376095617e-10
96.00601054008668 5.304630392527214e-12
96.11036489936939 3.1444607518683335e-10
96.2147192586521 4.14059992047776e-10
96.31907361793479 2.3594503090821776e-11
96.42342797721749 3.972756990475192e-10
96.5277823365002 4.5741186675850684e-10
96.63213669578289 3.473004945993714e-11
96.7364910550656 4.085172257550561e-10
96.8408454143483 4.2741151340435397e-10
96.945199773631 2.6879134618144093e-11
97.0495541329137 3.397825654466134e-10
97.15390849219641 3.503132430945052e-10
97.25826285147912 1.112962337274466e-11
97.36261721076183 2.072058923494199e-10
97.46697157004452 2.6047702126804945e-10
97.57132592932723 2.1636683903619572e-11
97.67568028860993 7.474057630488775e-11
97.78003464789263 2.1799592970209024e-10
97.88438900717533 9.869517122891633e-11
97.98874336645804 9.533513504283378e-12
98.09309772574073 2.6043419505260023e-10
98.19745208502343 2.3923769919392054e-10
98.30180644430614 2.5276801412389864e-11
98.40616080358885 3.7845585477903927e-10
98.51051516287156 4.0527001634426595e-10
98.61486952215425 8.99105760791341e-11
98.71922388143696 5.264083045034323e-10
98.82357824071966 5.525611542947646e-10
98.92793260000236 1.6547611287027136e-10
99.03228695928506 6.563161494978173e-10
99.13664131856777 6.528975593270623e-10
99.24099567785046 2.2029956759562517e-10
99.34535003713317 7.183091279706706e-10
99.44970439641587 6.781755887076947e-10
99.55405875569858 2.2727486126405315e-10
99.65841311498129 6.697546352116316e-10
99.76276747426398 5.974783563418681e-10
99.86712183354669 1.6619188474026003e-10
99.97147619282939 5.10235273400765e-10
100.0758305521121 4.3292973585320793e-10
100.18018491139479 8.057637888736998e-11
100.2845392706775 3.26690097899166e-10
100.3888936299602 2.6886365886548375e-10
100.4932479892429 2.472067780443973e-11
100.5976023485256 1.9206523339785878e-10
100.70195670780832 1.68032681956388e-10
100.80631106709102 4.767233114250468e-12
100.91066542637373 8.972291721236804e-11
101.01501978565642 1.1739978573202142e-10
101.11937414493912 1.9857230216006213e-11
101.22372850422182 2.8278884745479806e-11
101.32808286350452 1.1443540054659665e-10
101.43243722278723 6.80305755130203e-11
101.53679158206992 1.1197008390602234e-11
101.64114594135263 1.4173593697643196e-10
101.74550030063534 1.245262545705657e-10
101.84985465991805 1.859117025328328e-11
101.95420901920075 1.6194745654848785e-10
102.05856337848346 1.4266053780572434e-10
102.16291773776615 2.4066788378307458e-11
102.26727209704886 1.731258468377952e-10
102.37162645633155 1.2929141007051156e-10
102.47598081561426 3.5133430980651085e-11
102.58033517489696 2.0005378245750392e-10
102.68468953417967 1.2018435173107433e-10
102.78904389346236 5.2942039675133237e-11
102.89339825274507 2.1902520577728868e-10
102.99775261202778 1.004542240222054e-10
103.10210697131048 6.182914799341968e-11
103.20646133059319 2.1076341599229953e-10
103.31081568987588 6.602277807433925e-11
103.41517004915859 7.151828077466706e-11
103.51952440844128 1.8972522865551268e-10
103.623878767724 3.207966320304682e-11
103.72823312700669 9.914602507341325e-11
103.8325874862894 1.838271942152707e-10
103.9369418455721 1.731399629152923e-11
104.0412962048548 1.3820760349508137e-10
104.14565056413751 1.866198112877314e-10
104.2500049234202 1.1959856655819617e-11
104.35435928270292 1.481921121465698e-10
104.45871364198561 1.5772495094832494e-10
104.56306800126832 3.06691424417225e-12
104.66742236055102 1.3324157701703632e-10
104.77177671983372 1.07868817881194e-10
104.87613107911642 3.2089042399951433e-12
104.98048543839913 1.197596369617838e-10
105.08483979768182 6.635672430833088e-11
105.18919415696455 1.4050202104043641e-11
105.29354851624724 1.0825950780973204e-10
105.39790287552995 4.4148154991588205e-11
105.50225723481265 2.2585563200429773e-11
105.60661159409534 7.92614239627993e-11
105.71096595337805 3.903138502442005e-11
105.81532031266075 3.24929086763628e-11
105.91967467194345 3.7224130789531365e-11
106.02402903122615 5.505024053322417e-11
106.12838339050886 5.992228412470735e-11
106.23273774979155 1.1202739879745876e-11
106.33709210907428 9.148912717189079e-11
106.44144646835697 8.837022442024976e-11
106.54580082763968 4.1409285412918046e-12
106.65015518692238 1.3923963496030963e-10
106.75450954620509 9.77285437769649e-11
106.85886390548778 1.2831271195198467e-11
106.96321826477049 1.9974484715882864e-10
107.06757262405318 9.432874906666656e-11
107.1719269833359 4.053561434396128e-11
107.27628134261859 2.72822706117439e-10
107.38063570190128 9.264616465704727e-11
107.484990061184 7.875540684921306e-11
107.5893444204667 3.28205241254607e-10
107.69369877974941 8.23901558102156e-11
107.7980531390321 1.0646459241787469e-10
107.90240749831482 3.297790311289105e-10
108.00676185759751 5.228194580914306e-11
108.11111621688022 1.3103060249995464e-10
108.21547057616291 2.972180985498054e-10
108.31982493544562 2.0739698576540668e-11
108.42417929472832 1.6679472147624782e-10
108.52853365401103 2.658085794609764e-10
108.63288801329374 5.124143371043858e-12
108.73724237257643 1.9124654090605164e-10
108.84159673185914 2.267029278169772e-10
108.94595109114184 2.0314723553605804e-13
109.05030545042455 1.7945091630473685e-10
109.15465980970724 1.663966235762659e-10
109.25901416898995 5.489847602169465e-12
109.36336852827264 1.456454846265184e-10
109.46772288755535 1.0283666485975274e-10
109.57207724683805 2.579339549492807e-11
109.67643160612076 1.1582263290925009e-10
109.78078596540345 6.26429099514652e-11
109.88514032468616 5.029837783452359e-11
109.98949468396886 8.900867826508524e-11
110.09384904325157 5.33215960119382e-11
110.19820340253426 6.550132685887493e-11
110.30255776181698 5.637521534278445e-11
110.4069121210997 7.275786577553764e-11
110.51126648038239 7.670427062701004e-11
110.6156208396651 2.731418584011573e-11
110.7199751989478 1.1472904269131674e-10
110.8243295582305 9.102707584046591e-11
110.9286839175132 1.5345270158785006e-11
111.0330382767959 1.5841599106061132e-10
111.1373926360786 9.222047195367103e-11
111.24174699536131 2.1088734974550727e-11
111.346101354644 1.903201850782894e-10
111.45045571392671 7.023005565624586e-11
111.55481007320941 4.5831834002849725e-11
111.65916443249212 2.2389661337697397e-10
111.76351879177481 4.541289297777577e-11
111.86787315105752 8.59026764098659e-11
111.97222751034022 2.562791353526787e-10
112.07658186962291 2.987655382596006e-11
112.18093622890562 1.2319929700977965e-10
112.28529058818832 2.6260639722100957e-10
112.38964494747103 1.706499210902327e-11
112.49399930675372 1.43112210961389e-10
112.59835366603646 2.2993610466053167e-10
112.70270802531915 4.560614291696834e-12
112.80706238460186 1.534976574520383e-10
112.91141674388456 1.7903896530777093e-10
113.01577110316725 6.385585612210746e-14
113.12012546244996 1.6351904891761734e-10
113.22447982173266 1.3646600874245081e-10
113.32883418101537 4.001591321365902e-12
113.43318854029806 1.5820936375173573e-10
113.53754289958077 1.0051932825939703e-10
113.64189725886347 8.900293314224606e-12
113.74625161814618 1.2671702318828944e-10
113.85060597742887 6.584484855695024e-11
113.95496033671158 1.6155857485131547e-11
114.05931469599427 8.652332191386724e-11
114.16366905527698 4.236649327054912e-11
114.26802341455968 2.6609266784642134e-11
114.37237777384239 5.284454816680478e-11
114.47673213312508 3.66746739056125e-11
114.58108649240779 3.4858723077038163e-11
114.68544085169049 2.862271297788524e-11
114.7897952109732 4.822125050657844e-11
114.89414957025592 3.8536347502287314e-11
114.99850392953861 1.4197857629220463e-11
115.10285828882132 7.206698907270808e-11
115.20721264810402 4.118981134059807e-11
115.31156700738673 1.114650679261779e-11
115.41592136666942 9.816928387850858e-11
115.52027572595213 4.074242154842132e-11
115.62463008523483 1.709978163203018e-11
115.72898444451754 1.1545015736475721e-10
115.83333880380023 3.227397538807156e-11
115.93769316308294 3.0786878359877235e-11
116.04204752236564 1.2683597470557437e-10
116.14640188164834 2.1509955658625753e-11
116.25075624093104 5.176335757501562e-11
116.35511060021375 1.383990154685539e-10
116.45946495949644 1.599519445686889e-11
116.56381931877915 7.29041988932067e-11
116.66817367806185 1.4317392253384092e-10
116.77252803734454 1.3187994238169563e-11
116.87688239662725 8.326698119051065e-11
116.98123675590995 1.305573880837487e-10
117.08559111519266 8.20171439906732e-12
117.18994547447538 8.327480053394562e-11
117.29429983375809 1.0505236696285785e-10
117.39865419304078 3.7686917874849e-12
117.5030085523235 8.131156868058348e-11
117.60736291160619 8.032961680731056e-11
117.71171727088888 2.553195882777135e-12
117.81607163017159 7.591452473733359e-11
117.92042598945429 5.907668705119576e-11
118.024780348737 2.3028860267631272e-12
118.12913470801969 6.234777361423212e-11
118.2334890673024 3.912234930372258e-11
118.3378434265851 3.237902916814404e-12
118.4421977858678 4.450210968610577e-11
118.5465521451505 2.4316902493697687e-11
118.65090650443321 7.338684756788073e-12
118.7552608637159 2.7860643994571134e-11
118.85961522299861 1.853218073382646e-11
118.96396958228131 1.4680269202279398e-11
119.06832394156402 1.4841641842668194e-11
119.17267830084671 2.3087395206214178e-11
119.27703266012942 2.358690316806284e-11
119.38138701941214 6.100598344613059e-12
119.48574137869484 3.788218136413091e-11
119.59009573797755 3.317859886319748e-11
119.69445009726024 2.063896975400918e-12
119.79880445654295 6.015700010254247e-11
119.90315881582565 4.2250689931753974e-11
120.00751317510836 3.005624990796461e-12
120.11186753439105 8.426412961763355e-11
120.21622189367376 4.6356690958482834e-11
120.32057625295646 8.01245892098785e-12
120.42493061223917 1.053255499328612e-10
120.52928497152186 4.298787444958011e-11
120.63363933080457 1.786294000052098e-11
120.73799369008727 1.2408130132643227e-10
120.84234804936997 3.54932694005169e-11
120.94670240865267 3.2962465712674766e-11
121.05105676793538 1.4022358465198765e-10
121.15541112721807 2.780749753289131e-11
121.25976548650077 4.883985527084467e-11
121.36411984578348 1.45782557973856e-10
121.46847420506617 1.8925515830432326e-11
121.57282856434888 6.005114798911042e-11
121.6771829236316 1.3483228411755856e-10
121.78153728291431 9.039327786992708e-12
121.88589164219701 6.767189336922841e-11
121.99024600147972 1.1263001789725743e-10
122.09460036076241 2.3415589288120927e-12
122.19895472004512 7.382638303497421e-11
122.30330907932782 8.898678330030259e-11
122.40766343861051 1.6500918168802173e-12
122.51201779789322 7.476258233911461e-11
122.61637215717592 6.858009024746165e-11
122.72072651645863 6.774695036458584e-12
122.82508087574132 6.472779939554313e-11
122.92943523502403 5.127906854003673e-11
123.03378959430673 1.866188445086868e-11
123.13814395358943 4.9328126415864675e-11
123.24249831287213 4.1780604659818164e-11
123.34685267215484 3.570468115225685e-11
123.45120703143753 3.6262311996660106e-11
123.55556139072024 4.438772182932901e-11
123.65991575000294 4.9488108559612e-11
123.76427010928565 2.4917339187934868e-11
123.86862446856834 6.170379141895018e-11
123.97297882785107 5.778340663620614e-11
124.07733318713377 1.5400465423627067e-11
124.18168754641647 9.20067263029552e-11
124.28604190569918 6.497257615935933e-11
124.39039626498187 1.1740005210369468e-11
124.49475062426458 1.24363613438583e-10
124.59910498354728 6.711145843846151e-11
124.70345934282999 1.5659780593259334e-11
124.80781370211268 1.4879853194913387e-10
124.91216806139539 5.866025115556787e-11
125.01652242067809 2.7328086451699817e-11
125.1208767799608 1.641728905377323e-10
125.22523113924349 4.322473327193909e-11
125.3295854985262 4.5344881050725696e-11
125.4339398578089 1.7193302771973793e-10
125.5382942170916 2.821590946416537e-11
125.6426485763743 6.406811941813098e-11
125.74700293565701 1.6634799719015768e-10
125.8513572949397 1.5940863329600693e-11
125.9557116542224 7.781491260556808e-11
126.06006601350511 1.4383585686046903e-10
126.1644203727878 7.1145960986516445e-12
126.26877473207054 8.789883174630085e-11
126.37312909135323 1.145620536945418e-10
126.47748345063594 4.902723144083555e-12
126.58183780991864 9.28225670836379e-11
126.68619216920135 8.633126391392995e-11
126.79054652848404 9.468504811798914e-12
126.89490088776674 8.852769364167908e-11
126.99925524704945 6.285454547368811e-11
127.10360960633214 1.9207743997412883e-11
127.20796396561485 7.545696905336017e-11
127.31231832489755 4.695793434432541e-11
127.41667268418026 3.205812229444735e-11
127.52102704346295 5.805570551311135e-11
127.62538140274566 4.079432491135164e-11
127.72973576202835 4.4326303606641875e-11
127.83409012131106 4.1707176335014554e-11
127.93844448059376 4.563150782887233e-11
128.04279883987647 5.094406767031306e-11
128.14715319915916 2.7975993162253358e-11
128.25150755844186 6.044939900624131e-11
128.35586191772458 5.207372450322564e-11
128.4602162770073 1.80856177959376e-11
128.56457063629 8.053588866339212e-11
128.6689249955727 5.02613853717858e-11
128.7732793548554 1.5202220963929658e-11
128.8776337141381 9.774228416979554e-11
128.9819880734208 4.348853304661827e-11
129.0863424327035 1.9288159510024498e-11
129.1906967919862 1.0739325510836878e-10
129.29505115126892 3.148806386695533e-11
129.39940551055162 2.9327140839926245e-11
129.5037598698343 1.1106501693653777e-10
129.608114229117 1.933831139100497e-11
129.71246858839973 4.189606022964088e-11
129.81682294768243 1.0683540635093127e-10
129.92117730696512 9.704956841699136e-12
130.02553166624782 5.2696264507585817e-11
130.12988602553054 9.300405239041569e-11
130.23424038481323 3.131358668217587e-12
130.33859474409593 6.131772125301384e-11
130.44294910337862 7.396965601368556e-11
130.54730346266132 7.605149863159611e-13
130.65165782194404 6.722363784941805e-11
130.75601218122677 5.5772953568487686e-11
130.86036654050946 2.4451963038088836e-12
130.96472089979216 6.641144270343742e-11
131.06907525907488 3.874214521259539e-11
131.17342961835757 6.7729472797924686e-12
131.27778397764027 5.944032043932193e-11
131.38213833692296 2.428571697651973e-11
131.4864926962057 1.245977268387627e-11
131.59084705548838 4.956661784690844e-11
131.69520141477108 1.5096878611966472e-11
131.79955577405377 1.728306502700122e-11
131.90391013333647 3.848324563451594e-11
132.0082644926192 1.1865033957653217e-11
132.11261885190189 1.976346174017823e-11
132.21697321118458 2.7151152516970988e-11
132.32132757046728 1.394517912932351e-11
132.42568192975 1.962578009085833e-11
132.5300362890327 1.7111199859517048e-11
132.6343906483154 2.0403346458191624e-11
132.73874500759808 1.8341151629918387e-11
132.8430993668808 1.059797350862407e-11
132.9474537261635 2.934611097887676e-11
133.05180808544623 1.6151413432063167e-11
133.15616244472892 8.582142584495726e-12
133.26051680401162 3.9719377752420664e-11
133.36487116329434 1.3743420921173904e-11
133.46922552257703 1.1350007721940972e-11
133.57357988185973 5.0079099690322566e-11
133.67793424114242 1.1363001165975223e-11
133.78228860042515 1.8054222624641726e-11
133.88664295970784 5.969211199077145e-11
133.99099731899054 9.526183491145481e-12
134.09535167827323 2.749640649422939e-11
134.19970603755596 6.799694214782616e-11
134.30406039683865 8.606614245017174e-12
134.40841475612135 3.675771595179818e-11
134.51276911540404 7.166660465331001e-11
134.61712347468676 7.088540605625246e-12
134.72147783396946 4.429002687971119e-11
134.82583219325215 7.048346386224122e-11
134.93018655253485 4.9868152492584096e-12
135.03454091181757 4.9549660792889094e-11
135.13889527110027 6.573168592334528e-11
135.24324963038296 2.6964597853838833e-12
135.34760398966569 5.0358952001543704e-11
135.45195834894838 5.747957698120602e-11
135.5563127082311 7.462752484297327e-13
135.6606670675138 4.673983119458026e-11
135.7650214267965 4.7518399512660346e-11
135.8693757860792 1.9742684122684273e-13
135.9737301453619 3.996724659749356e-11
136.0780845046446 3.9299461266728164e-11
136.1824388639273 2.169245333013049e-12
136.28679322321 3.061843323046866e-11
136.3911475824927 3.533840926336831e-11
136.49550194177542 7.618799105069284e-12
136.5998563010581 2.0393566661028672e-11
136.7042106603408 3.775502718885996e-11
136.8085650196235 1.7433098406772228e-11
136.91291937890622 1.1331754025745954e-11
137.01727373818892 4.6123657732698346e-11
137.1216280974716 2.950268839415623e-11
137.2259824567543 6.0981856451510986e-12
137.33033681603703 6.059675052605393e-11
137.43469117531973 4.077743951919984e-11
137.53904553460242 4.668675167379676e-12
137.64339989388515 8.071123998168098e-11
137.74775425316784 5.084497175002059e-11
137.85210861245056 6.307716271023698e-12
137.95646297173326 1.0142168264339986e-10
138.06081733101595 5.7473536419579994e-11
138.16517169029865 9.930645580178894e-12
138.26952604958137 1.1659301517415727e-10
138.37388040886407 5.772939411192886e-11
138.47823476814676 1.4396214269431232e-11
138.58258912742946 1.241031801116657e-10
138.68694348671218 5.237635568222569e-11
138.79129784599488 1.8166690833892927e-11
138.89565220527757 1.2177042369892546e-10
139.00000656456027 4.346300089534519e-11
139.104360923843 2.0484782919902093e-11
139.20871528312568 1.1035975550721853e-10
139.31306964240838 3.467811384778122e-11
139.41742400169107 2.108550923519026e-11
139.5217783609738 9.188214728184503e-11
139.6261327202565 2.9282779218186687e-11
139.7304870795392 2.1078018358317968e-11
139.8348414388219 7.210675196407336e-11
139.9391957981046 3.123732206412584e-11
140.04355015738733 2.038550553306496e-11
140.14790451667002 5.518552248759944e-11
140.25225887595272 4.243289807268653e-11
140.35661323523541 1.9388324634413117e-11
140.46096759451814 4.2705372605643806e-11
140.56532195380083 6.130439646366568e-11
140.66967631308353 2.0017799080105768e-11
140.77403067236622 3.6717935372308714e-11
140.87838503164892 8.201207622865167e-11
140.98273939093164 2.0597232575667956e-11
141.08709375021434 3.80160601840477e-11
141.19144810949703 1.0097006760802673e-10
141.29580246877973 1.9730822113906882e-11
141.40015682806245 4.3540879857819126e-11
141.50451118734514 1.1497850004601862e-10
141.60886554662784 1.8181603429244706e-11
141.71321990591053 4.861045816357196e-11
141.81757426519326 1.1936120861724025e-10
141.92192862447595 1.6628117691614215e-11
142.02628298375865 4.91331255356303e-11
142.13063734304137 1.114305023136495e-10
142.23499170232407 1.581323130029976e-11
142.3393460616068 4.436058157345217e-11
142.44370042088948 9.375260378967897e-11
142.54805478017218 1.7849339221491963e-11
142.65240913945487 3.609676631912539e-11
142.7567634987376 7.348545411233064e-11
142.8611178580203 2.5584073830827612e-11
142.965472217303 2.5679291431192755e-11
143.06982657658568 5.727051360212771e-11
143.1741809358684 4.2158319629187875e-11
143.2785352951511 1.5364450779870324e-11
143.3828896544338 4.8020352409477554e-11
143.4872440137165 6.77646642541685e-11
143.59159837299921 9.620474692239741e-12
143.6959527322819 4.904264932344961e-11
143.8003070915646 9.942933720670791e-11
143.9046614508473 9.252115440124523e-12
144.00901581013002 5.938626214087473e-11
144.11337016941272 1.3336388726072368e-10
144.2177245286954 1.3430950261434332e-11
144.3220788879781 7.390582926136988e-11
144.42643324726083 1.6428913355206235e-10
144.53078760654356 2.0611338343308812e-11
144.63514196582625 8.513499569456911e-11
144.73949632510895 1.847698649266877e-10
144.84385068439164 2.7586755281318995e-11
144.94820504367436 8.811503346391587e-11
145.05255940295706 1.9293890422723866e-10
145.15691376223975 3.336913103657461e-11
145.26126812152245 8.001371806253203e-11
145.36562248080517 1.8962616825574975e-10
145.46997684008787 3.978038220249921e-11
145.57433119937056 6.387858553035094e-11
145.67868555865326 1.8183536765336883e-10
145.78303991793595 5.186004094153478e-11
145.88739427721868 4.547857123959918e-11
145.99174863650137 1.768002601681963e-10
146.09610299578407 7.49530879070155e-11
146.20045735506676 3.2439538585549095e-11
146.30481171434948 1.8036332260421455e-10
146.40916607363218 1.1235404423381057e-10
146.51352043291487 3.257391683140883e-11
146.61787479219757 1.9694475327948126e-10
146.7222291514803 1.6369391975619456e-10
146.82658351076302 5.021188154868529e-11
146.9309378700457 2.294041953243746e-10
147.0352922293284 2.276382569515333e-10
147.1396465886111 8.275251159497461e-11
147.24400094789382 2.7033226160080673e-10
147.34835530717652 2.9594529781440896e-10
147.4527096664592 1.2223517678564228e-10
147.5570640257419 3.0677465103383825e-10
147.66141838502463 3.5693570220967837e-10
147.76577274430733 1.573417806103378e-10
147.87012710359002 3.1973176468297263e-10
147.97448146287272 3.91699271509452e-10
148.07883582215544 1.7760139919676155e-10
148.18319018143814 3.0529723922920434e-10
148.28754454072083 4.003024322763922e-10
148.39189890000353 1.8738738093531783e-10
148.49625325928625 2.7283433193456254e-10
148.60060761856894 3.9382056886389534e-10
148.70496197785164 1.9578220901563958e-10
148.80931633713433 2.2936617029028244e-10
148.91367069641706 3.777098530129723e-10
149.01802505569978 2.1255348111371111e-10
149.12237941498248 1.9011749647266536e-10
149.22673377426517 3.6298058731153796e-10
149.33108813354787 2.478688415958382e-10
149.4354424928306 1.7094962728246583e-10
149.53979685211328 3.5909271807219434e-10
149.64415121139598 3.046801429643235e-10
149.74850557067867 1.786069247750387e-10
149.8528599299614 3.668234363956882e-10
149.9572142892441 3.7480142915877774e-10
150.0615686485268 2.075395627520116e-10
150.16592300780948 3.7809834972743485e-10
150.27027736709218 4.423673758280931e-10
150.3746317263749 2.4359284275476075e-10
150.4789860856576 3.784160767128852e-10
150.5833404449403 4.881276174081489e-10
150.68769480422299 2.7100387127766366e-10
150.7920491635057 3.5557995186385165e-10
150.8964035227884 4.975868136768356e-10
151.0007578820711 2.790339479958328e-10
151.1051122413538 3.056343017114342e-10
151.20946660063652 4.687151832980517e-10
151.31382095991924 2.705474775908016e-10
151.41817531920194 2.402397155447592e-10
151.52252967848463 4.164631609286427e-10
151.62688403776733 2.606743686673802e-10
151.73123839705005 1.7637836114601172e-10
151.83559275633274 3.5576851003167697e-10
151.93994711561544 2.6340338192278754e-10
152.04430147489813 1.3422814280860235e-10
152.14865583418086 3.0571889878248585e-10
152.25301019346355 2.8860633438598415e-10
152.35736455274625 1.2432062492721985e-10
152.46171891202894 2.762852037792695e-10
152.56607327131167 3.365745709688502e-10
152.67042763059436 1.4460602400397715e-10
152.77478198987706 2.6197919833738166e-10
152.87913634915975 3.9178320860889986e-10
152.98349070844247 1.8112595286540294e-10
153.08784506772517 2.494477445692827e-10
153.19219942700786 4.3211268309653673e-10
153.29655378629056 2.160045060216701e-10
153.40090814557328 2.290196374639073e-10
153.505262504856 4.451235648492291e-10
153.6096168641387 2.376941586316226e-10
153.7139712234214 1.9393131754066456e-10
153.8183255827041 4.243945601699644e-10
153.92267994198681 2.430422744881122e-10
154.0270343012695 1.464332731463869e-10
154.1313886605522 3.7339651576799616e-10
154.2357430198349 2.3699651890428675e-10
154.34009737911762 9.933725099144288e-11
154.44445173840032 3.08950000759514e-10
154.548806097683 2.3030358288359573e-10
154.6531604569657 6.451412354875497e-11
154.7575148162484 2.4868908687205066e-10
154.86186917553113 2.3375939000933494e-10
154.96622353481382 4.924250357108607e-11
155.07057789409652 2.0238361816325207e-10
155.1749322533792 2.49087633130018e-10
155.27928661266193 5.30727885900573e-11
155.38364097194463 1.7388536197020488e-10
155.48799533122732 2.733256338353161e-10
155.59234969051002 6.869284940159068e-11
155.69670404979274 1.5609776864933682e-10
155.80105840907547 2.939425435268156e-10
155.90541276835816 8.4406192258437e-11
156.00976712764086 1.4097220249989843e-10
156.11412148692355 3.022601272846506e-10
156.21847584620627 9.35522427239734e-11
156.32283020548897 1.2342556667585603e-10
156.42718456477166 2.936464333041361e-10
156.53153892405436 9.315639514431645e-11
156.63589328333708 1.0047221683644227e-10
156.74024764261978 2.6759287719168833e-10
156.84460200190247 8.486037494013046e-11
156.94895636118517 7.354056912140544e-11
157.0533107204679 2.2938691031652581e-10
157.1576650797506 7.419983417467989e-11
157.26201943903328 4.6635592441634064e-11
157.36637379831598 1.8605205611265253e-10
157.4707281575987 6.644810586694002e-11
157.5750825168814 2.411743780245217e-11
157.6794368761641 1.4490350043000177e-10
157.78379123544678 6.48051413360193e-11
157.8881455947295 9.276236558844564e-12
157.9924999540122 1.1252023560268035e-10
158.09685431329493 7.007693534843405e-11
158.20120867257762 2.076316681620699e-12
158.30556303186032 9.145327825794623e-11
158.40991739114304 8.065032396637773e-11
158.51427175042573 1.4299939128942502e-13
158.61862610970843 7.910995227698846e-11
158.72298046899112 9.149954334699151e-11
158.82733482827385 9.88818215885375e-13
158.93168918755654 7.245003581351784e-11
159.03604354683924 9.799270094663181e-11
159.14039790612193 2.149287370875378e-12
159.24475226540463 6.8466135729201e-11
159.34910662468735 9.788531391173748e-11
159.45346098397005 2.4953752159115383e-12
159.55781534325274 6.402469745519277e-11
159.66216970253544 9.022618858151958e-11
159.76652406181816 2.1632572665762845e-12
159.87087842110085 5.826995994714536e-11
159.97523278038355 7.763192325286397e-11
160.07958713966624 2.4058080824307116e-12
160.18394149894897 5.002510529179956e-11
160.28829585823166 6.206728348032089e-11
160.3926502175144 4.460549013236174e-12
160.49700457679708 4.024666936139932e-11
160.60135893607978 4.65839911212148e-11
160.7057132953625 9.202736177558387e-12
160.8100676546452 3.1211348211794844e-11
160.9144220139279 3.476826365772821e-11
161.01877637321059 1.6139743780276792e-11
161.1231307324933 2.2906732219000796e-11
161.227485091776 2.7352772451514614e-11
161.3318394510587 2.4217931082449828e-11
161.4361938103414 1.6057502652550975e-11
161.54054816962412 2.4004698650441932e-11
161.6449025289068 3.153229272330891e-11
161.7492568881895 1.1144484655098604e-11
161.8536112474722 2.4209163080710107e-11
161.95796560675493 3.683706125770732e-11
162.06231996603762 7.611126247174664e-12
162.16667432532032 2.5460654303141394e-11
162.271028684603 3.878851374038853e-11
162.37538304388573 5.4265602619977556e-12
162.47973740316843 2.5871303346556697e-11
162.58409176245115 3.6505875096049016e-11
162.68844612173385 4.260292471940773e-12
162.79280048101654 2.518069526583029e-11
162.89715484029927 3.168222243840493e-11
163.00150919958196 4.168996331228833e-12
163.10586355886466 2.2648432529324338e-11
163.21021791814735 2.5754096190768452e-11
163.31457227743007 5.487377816272985e-12
163.41892663671277 1.8194522012974726e-11
163.52328099599546 1.9508455824666018e-11
163.62763535527816 8.084566457316185e-12
163.73198971456088 1.3385295631848971e-11
163.83634407384358 1.5251560603552132e-11
163.94069843312627 1.2195224478246166e-11
164.04505279240897 8.814566981140143e-12
164.14940715169166 1.3516958418453824e-11
164.25376151097439 1.756014086356779e-11
164.35811587025708 5.283734495136885e-12
164.46247022953978 1.4038325981598542e-11
164.56682458882247 2.2956275831253982e-11
164.6711789481052 2.877456471736034e-12
164.7755333073879 1.6587124464744004e-11
164.8798876666706 2.8047104066041956e-11
164.9842420259533 1.5301000749662091e-12
165.088596385236 1.9946379679489883e-11
165.19295074451873 3.197462673024877e-11
165.29730510380142 9.729786550345237e-13
165.40165946308412 2.2692106097374027e-11
165.5060138223668 3.3548086545989116e-11
165.61036818164953 6.303840689908117e-13
165.71472254093223 2.4374663902976557e-11
165.81907690021492 3.3096230952900125e-11
165.92343125949762 4.069611751306532e-13
166.02778561878034 2.41125912282104e-11
166.13213997806304 3.034215743169593e-11
166.23649433734573 3.117232313278257e-13
166.34084869662843 2.2261920696358634e-11
166.44520305591115 2.6311374306085997e-11
166.54955741519385 6.761384530770567e-13
166.65391177447654 1.9171335639659303e-11
166.75826613375924 2.208568155439249e-11
166.86262049304196 1.938587015602185e-12
166.96697485232465 1.5182284357829764e-11
167.07132921160735 1.8366420746608612e-11
167.17568357089007 4.3903130824247944e-12
167.28003793017277 1.1435016158425691e-11
167.3843922894555 1.6466920685054548e-11
167.48874664873819 7.853461251700257e-12
167.59310100802088 8.141636266846614e-12
167.69745536730358 1.7066414500646293e-11
167.8018097265863 1.220343872064465e-11
167.906164085869 5.547084363414231e-12
168.0105184451517 1.9824160161208606e-11
168.11487280443438 1.6447248775047994e-11
168.2192271637171 3.8541455337803206e-12
168.3235815229998 2.4420602115770315e-11
168.4279358822825 1.9670876072853386e-11
168.5322902415652 2.9958689588340575e-12
168.6366446008479 3.0290081725941655e-11
168.7409989601306 2.1660037786373494e-11
168.8453533194133 3.2187408720999114e-12
168.949707678696 3.612855495792022e-11
169.0540620379787 2.1757536711714933e-11
169.15841639726142 4.533776257820988e-12
169.2627707565441 4.1138796006493784e-11
169.3671251158268 2.0276511130889405e-11
169.47147947510953 6.7235534942547516e-12
169.57583383439223 4.402867122895824e-11
169.68018819367495 1.7631557109375755e-11
169.78454255295765 9.929029075802788e-12
169.88889691224034 4.4661910898435865e-11
169.99325127152304 1.476362281121136e-11
170.09760563080576 1.3717019647104482e-11
170.20195999008845 4.309504521178865e-11
170.30631434937115 1.2780724915999909e-11
170.41066870865384 1.7091038321003196e-11
170.51502306793657 3.8643616518980395e-11
170.61937742721926 1.2005379946593032e-11
170.72373178650196 2.0241487217172585e-11
170.82808614578465 3.333088396941779e-11
170.93244050506738 1.3213937072744998e-11
171.03679486435007 2.252790692403892e-11
171.14114922363277 2.8531115585033842e-11
171.24550358291546 1.6708858330240447e-11
171.34985794219818 2.3177376466719275e-11
171.45421230148088 2.4198521436412565e-11
171.55856666076357 2.111826036485378e-11
171.6629210200463 2.238719382887971e-11
171.767275379329 2.2170414117553948e-11
171.87162973861172 2.599624112266834e-11
171.9759840978944 2.040938570329739e-11
172.0803384571771 2.3031461060823353e-11
172.1846928164598 3.077500422990347e-11
172.28904717574252 1.7935302360430873e-11
172.39340153502522 2.5783397766890752e-11
172.49775589430791 3.323356204329652e-11
172.6021102535906 1.5259009109937212e-11
172.70646461287333 3.026007601590685e-11
172.81081897215603 3.329323334832821e-11
172.91517333143872 1.345541684724659e-11
173.01952769072142 3.5937212876339556e-11
173.1238820500041 3.175167276628033e-11
173.22823640928684 1.368428672508599e-11
173.33259076856953 4.11459594715726e-11
173.43694512785223 2.7910454899006205e-11
173.54129948713492 1.5358298347894387e-11
173.64565384641764 4.4693553050733286e-11
173.75000820570034 2.2920364878682283e-11
173.85436256498303 1.8528354606928148e-11
173.95871692426576 4.6008290007481234e-11
174.06307128354848 1.8237261152884415e-11
174.16742564283118 2.33712028471963e-11
174.27178000211387 4.549194737028678e-11
174.37613436139657 1.4648948221800248e-11
174.48048872067926 2.775902872348825e-11
174.58484307996198 4.207805278422979e-11
174.68919743924468 1.2409061170957501e-11
174.79355179852737 3.0802188557573315e-11
174.89790615781007 3.645842291563608e-11
175.0022605170928 1.2045924499060862e-11
175.1066148763755 3.301137974423486e-11
175.21096923565818 3.111387934292466e-11
175.31532359494088 1.3520409156191837e-11
175.4196779542236 3.2807985345184254e-11
175.5240323135063 2.596331042562362e-11
175.628386672789 1.589300917296343e-11
175.7327410320717 3.020942042151355e-11
175.8370953913544 2.1682452659713293e-11
175.9414497506371 1.8332191038554815e-11
176.0458041099198 2.6601981523002168e-11
176.1501584692025 2.016384888796839e-11
176.25451282848522 2.063696778862905e-11
176.35886718776794 2.2340641697531482e-11
176.46322154705064 2.0745177907424105e-11
176.56757590633333 2.169766266317161e-11
176.67193026561603 1.791831800238368e-11
176.77628462489875 2.248118644484493e-11
176.88063898418145 2.0786347907565412e-11
176.98499334346414 1.443964004171086e-11
177.08934770274684 2.5755136609448956e-11
177.19370206202956 1.902571889943112e-11
177.29805642131225 1.2687249835735071e-11
177.40241078059495 2.9294935216054595e-11
177.50676513987764 1.637226580923925e-11
177.61111949916037 1.2347339877512343e-11
177.71547385844306 3.1467069639678934e-11
177.81982821772576 1.2655980034842669e-11
177.92418257700845 1.3180619720307622e-11
178.02853693629115 3.239282462908687e-11
178.13289129557387 9.290778969242313e-12
178.23724565485657 1.5127341435818032e-11
178.34160001413926 3.1801635610955035e-11
178.44595437342196 6.588629324749633e-12
178.5503087327047 1.7230846506684365e-11
178.6546630919874 2.94280541065787e-11
178.7590174512701 4.4716455795493844e-12
178.8633718105528 1.8432403201194267e-11
178.9677261698355 2.5444831594595534e-11
179.0720805291182 3.3541777663301428e-12
179.1764348884009 1.9082383743813217e-11
179.2807892476836 2.1147715780162738e-11
179.3851436069663 3.2943971381303905e-12
179.48949796624902 1.8837738911130032e-11
179.5938523255317 1.7242918500006632e-11
179.6982066848144 3.867487177469356e-12
179.8025610440971 1.685340288426654e-11
179.90691540337983 1.341050457532984e-11
180.01126976266252 4.9137350549625505e-12
180.11562412194522 1.4329717337241423e-11
180.2199784812279 1.0808135196248754e-11
180.32433284051064 6.274264934560415e-12
180.42868719979333 1.17008964596976e-11
180.53304155907603 9.941157365421612e-12
180.63739591835872 7.744590726830496e-12
180.74175027764144 8.751379448938942e-12
180.84610463692417 9.958904087384991e-12
180.95045899620686 8.895167916618427e-12
181.05481335548956 6.265462880484288e-12
181.15916771477225 1.1175950003763218e-11
181.26352207405498 9.702909390442714e-12
181.36787643333767 4.516561880965329e-12
181.47223079262037 1.3589925936021962e-11
181.57658515190306 1.0474670469922621e-11
181.68093951118578 3.4939605430066517e-12
181.78529387046848 1.601148418098551e-11
181.88964822975117 1.0436909233230717e-11
181.99400258903387 3.1817567898526258e-12
182.0983569483166 1.8393197000394227e-11
182.2027113075993 9.796029200372654e-12
182.30706566688198 3.607686843044027e-12
182.41142002616468 2.0606883683293334e-11
182.51577438544737 8.974522751278286e-12
182.6201287447301 4.7008661187989296e-12
182.7244831040128 2.1912224752690345e-11
182.82883746329549 7.678596598198668e-12
182.93319182257818 6.188012124087023e-12
183.03754618186093 2.2208269508928125e-11
183.14190054114363 6.278739554954764e-12
183.24625490042632 7.930883618239956e-12
183.35060925970902 2.14370973600938e-11
183.4549636189917 5.192403562750226e-12
183.55931797827444 1.0076776307574988e-11
183.66367233755713 2.0149070065593292e-11
183.76802669683983 4.805204369966096e-12
183.87238105612252 1.187312137293094e-11
183.97673541540524 1.8117350825346598e-11
184.08108977468794 5.293059192282663e-12
184.18544413397063 1.3139129136329429e-11
184.28979849325333 1.5708473155955968e-11
184.39415285253605 6.821735799412742e-12
184.49850721181875 1.4146246038126206e-11
184.60286157110144 1.4098488067325002e-11
184.70721593038414 9.459086051609609e-12
184.81157028966686 1.4198326979384958e-11
184.91592464894956 1.318933293579574e-11
185.02027900823225 1.2800739639508604e-11
185.12463336751495 1.347445272477497e-11
185.22898772679767 1.327045520446481e-11
185.3333420860804 1.6123554748250306e-11
185.4376964453631 1.2340477239787651e-11
185.54205080464578 1.5146110870517213e-11
185.64640516392848 1.9272161615020988e-11
185.7507595232112 1.0966715711375016e-11
185.8551138824939 1.8238566692717072e-11
185.9594682417766 2.143721318864417e-11
186.0638226010593 9.805940291994858e-12
186.168176960342 2.2011631477886847e-11
186.2725313196247 2.1871615899557048e-11
186.3768856789074 9.277371937246976e-12
186.4812400381901 2.6521888903645347e-11
186.58559439747282 2.122785175102373e-11
186.6899487567555 9.836313225485433e-12
186.7943031160382 3.0619980952892415e-11
186.8986574753209 1.9436486932276023e-11
187.0030118346036 1.1600456704933624e-11
187.10736619388632 3.3524506757642396e-11
187.21172055316902 1.6742669370579817e-11
187.3160749124517 1.4351033417007592e-11
187.4204292717344 3.507536509835367e-11
187.52478363101713 1.4319371345095511e-11
187.62913799029985 1.7838443503202543e-11
187.73349234958255 3.474799915159957e-11
187.83784670886524 1.2534625006311442e-11
187.94220106814797 2.149620628621574e-11
188.04655542743066 3.2819419078710045e-11
188.15090978671336 1.1763563156087279e-11
188.25526414599605 2.4430343892288355e-11
188.35961850527875 2.9762833275364635e-11
188.46397286456147 1.2515200254590356e-11
188.56832722384416 2.6467479887991925e-11
188.67268158312686 2.648634587112263e-11
188.77703594240955 1.4501023331328444e-11
188.88139030169228 2.7096313862360352e-11
188.98574466097497 2.3882888853551934e-11
189.09009902025767 1.7236893319585672e-11
189.19445337954036 2.5812409347816817e-11
189.2988077388231 2.2254632367876844e-11
189.40316209810578 2.035147167162233e-11
189.50751645738848 2.352491839269796e-11
189.61187081667117 2.2280808663146698e-11
189.7162251759539 2.2946719020162468e-11
189.8205795352366 2.0541546472128468e-11
189.9249338945193 2.4011004808400696e-11
190.029288253802 2.459042751333787e-11
190.1336426130847 1.7337389487641767e-11
190.23799697236743 2.656903438659608e-11
190.34235133165012 2.483124102966122e-11
190.44670569093282 1.510661018837081e-11
190.5510600502155 2.9720155571631474e-11
190.65541440949823 2.3472838497621728e-11
190.75976876878093 1.4013139507806331e-11
190.86412312806362 3.27423255850142e-11
190.96847748734632 2.1052438070347562e-11
191.07283184662904 1.4108926471422079e-11
191.17718620591174 3.4331179565921395e-11
191.28154056519443 1.7685956908435748e-11
191.38589492447713 1.5588565745512108e-11
191.49024928375985 3.464670848545275e-11
191.59460364304255 1.4215193027103563e-11
191.69895800232524 1.7758745434247844e-11
191.80331236160794 3.3482965072252937e-11
191.90766672089063 1.1486441853324429e-11
192.01202108017335 2.0024861899078344e-11
192.11637543945605 3.060673785951093e-11
192.22072979873877 9.576255000502586e-12
192.32508415802147 2.195116746101556e-11
192.4294385173042 2.7020328756730673e-11
192.5337928765869 8.888125072224457e-12
192.63814723586958 2.2721532205782257e-11
192.74250159515228 2.3033704840218164e-11
192.84685595443497 9.383980501652477e-12
192.9512103137177 2.2294361557720613e-11
193.0555646730004 1.9240176488775823e-11
193.15991903228309 1.0484684903895545e-11
193.26427339156578 2.0589766417824412e-11
193.3686277508485 1.6382217083474433e-11
193.4729821101312 1.1974020055711642e-11
193.5773364694139 1.7862099460195165e-11
193.6816908286966 1.454697259826767e-11
193.7860451879793 1.3350259774013652e-11
193.890399547262 1.4832948296906746e-11
193.9947539065447 1.3938693300637748e-11
194.0991082658274 1.400667653876316e-11
194.20346262511012 1.1693125582901862e-11
194.30781698439282 1.4419885322250251e-11
194.41217134367554 1.4069317310753244e-11
194.51652570295823 9.07148221294853e-12
194.62088006224093 1.5411948657258578e-11
194.72523442152365 1.3261942632930054e-11
194.82958878080635 7.319465722975462e-12
194.93394314008904 1.6696693843102523e-11
195.03829749937174 1.1753352162819032e-11
195.14265185865446 6.345505252422205e-12
195.24700621793716 1.7707300144199448e-11
195.35136057721985 9.921473903158441e-12
195.45571493650255 6.27581492177327e-12
195.56006929578527 1.8040657246614123e-11
195.66442365506796 7.82775964038131e-12
195.76877801435066 6.94565148369245e-12
195.87313237363335 1.7869647377254086e-11
195.97748673291608 5.939480334215264e-12
196.08184109219877 7.882822883807924e-12
196.18619545148147 1.6871034715029198e-11
196.29054981076416 4.4240454329962654e-12
196.39490417004686 9.024359449469361e-12
196.49925852932958 1.5345798654550938e-11
196.60361288861228 3.3719984875525467e-12
196.707967247895 1.0093869951997152e-11
196.8123216071777 1.3679268619341936e-11
196.91667596646042 2.980313960358058e-12
197.0210303257431 1.0725558497699326e-11
197.1253846850258 1.1799660943725761e-11
197.2297390443085 3.131959305819704e-12
197.3340934035912 1.0994884196415168e-11
197.43844776287392 1.0158910836064679e-11
197.54280212215662 3.728035629296986e-12
197.6471564814393 1.0684940674749495e-11
197.751510840722 8.931314400873352e-12
197.85586520000473 4.770648962063601e-12
197.96021955928742 9.83821471071896e-12
198.06457391857012 8.191584917322658e-12
198.1689282778528 6.071203215358552e-12
198.27328263713554 8.662953734489946e-12
198.37763699641823 8.250521331827709e-12
198.48199135570093 7.542766311586722e-12
198.58634571498362 7.193568050152733e-12
198.69070007426635 9.098063873233033e-12
198.79505443354904 9.145723766000669e-12
198.89940879283174 5.8183772934270784e-12
199.00376315211446 1.0726686963503875e-11
199.10811751139715 1.0566833209838408e-11
199.21247187067988 4.694534893777011e-12
199.31682622996257 1.310056792041459e-11
199.42118058924527 1.177688038249479e-11
199.52553494852796 3.9753461203548895e-12
199.62988930781069 1.5722936342956133e-11
199.73424366709338 1.2490241964611499e-11
199.83859802637608 3.8822314596776215e-12
199.94295238565877 1.82612007446514e-11
