0.0 0.0
0.10435435928270291 7.322342631923004e-09
0.20870871856540582 5.393283567124935e-08
0.3130630778481087 8.396312453877648e-08
0.41741743713081164 3.777896103992428e-07
0.5217717964135146 3.7976394902516714e-06
0.6261261556962174 0.00038715423556453024
0.7304805149789203 0.003496145161527393
0.8348348742616233 0.008512261495694218
0.9391892335443263 0.00657097669357971
1.0435435928270291 0.0011705158993885788
1.1478979521097321 8.78177729264021e-07
1.2522523113924349 1.1443208997130392e-05
1.3566066706751378 4.44215781174138e-06
1.4609610299578406 1.7765612988922602e-07
1.5653153892405436 1.4017167740796176e-06
1.6696697485232466 4.822411176025951e-07
1.7740241078059495 1.4730259599163078e-07
1.8783784670886525 3.410612355861135e-07
1.9827328263713553 1.7516247176539428e-07
2.0870871856540583 4.4761545548687794e-07
2.1914415449367612 2.5004787924753127e-07
2.2957959042194642 2.424086308975636e-06
2.400150263502167 5.106287871839059e-06
2.5045046227848697 3.836339298673362e-06
2.6088589820675727 3.447257978492917e-06
2.7132133413502757 2.120607548862564e-06
2.8175677006329787 2.518310883977368e-07
2.921922059915681 2.7988908591250786e-08
3.026276419198384 5.1808463827404264e-08
3.130630778481087 8.568242428462553e-09
3.23498513776379 1.528868795074128e-08
3.339339497046493 1.1729275884794851e-08
3.4436938563291957 7.16769476772283e-09
3.548048215611899 2.938717675895024e-08
3.6524025748946016 7.7540373407006e-09
3.756756934177305 1.8033932733088629e-09
3.8611112934600076 1.7027630254977494e-08
3.9654656527427106 2.5343632320554623e-08
4.0698200120254135 1.06889634007869e-08
4.1741743713081165 5.7965013384638145e-09
4.2785287305908195 1.376225335866482e-08
4.3828830898735225 7.775576171575912e-09
4.4872374491562255 2.003728795621246e-08
4.5915918084389284 6.303045010983024e-11
4.6959461677216305 3.287977907886585e-10
4.800300527004334 2.4858518002568865e-08
4.9046548862870365 1.333057394060889e-09
5.0090092455697395 9.959271211049395e-10
5.1133636048524425 1.4537084403209623e-08
5.217717964135145 7.226561568704663e-10
5.322072323417848 2.408946460137869e-09
5.426426682700551 9.098843631647486e-09
5.530781041983254 2.0730724278993496e-09
5.635135401265957 1.9386397638888763e-09
5.73948976054866 5.778094364330956e-09
5.843844119831362 3.477333441474041e-09
5.948198479114066 2.518268622720193e-09
6.052552838396768 1.7080889443180524e-09
6.156907197679472 4.0112586836253204e-09
6.261261556962174 3.1362571241375294e-09
6.365615916244878 6.050187875745654e-10
6.46997027552758 3.065509004596408e-09
6.574324634810284 2.2772139769900343e-09
6.678678994092986 1.309846497827568e-09
6.783033353375689 3.2027836358476357e-09
6.887387712658391 1.2754933644494777e-09
6.991742071941095 2.4589266834032105e-09
7.096096431223798 3.1945035114504035e-09
7.200450790506501 1.1075929525294753e-09
7.304805149789203 3.7013063147415385e-09
7.409159509071906 2.87145329451585e-09
7.51351386835461 6.748558175202129e-10
7.617868227637313 2.8796477446489423e-09
7.722222586920015 3.9237925263147735e-09
7.826576946202718 1.3320095788401021e-09
7.930931305485421 1.3268959885511152e-09
8.035285664768125 5.801313931285118e-09
8.139640024050827 5.232979069334464e-09
8.24399438333353 5.757013656703929e-10
8.348348742616233 9.074875630228111e-09
8.452703101898935 1.6547245794874638e-08
8.557057461181639 5.404284752829325e-09
8.661411820464341 2.01057008969485e-08
8.765766179747045 4.442437906227329e-08
8.870120539029747 2.513991043803442e-08
8.974474898312451 4.0383598710106316e-08
9.078829257595153 8.711901474307122e-08
9.183183616877857 6.079897782797221e-08
9.287537976160559 7.238192690740931e-08
9.391892335443261 1.5273244177792361e-07
9.496246694725965 1.1999051193887565e-07
9.600601054008669 1.2277520493740113e-07
9.704955413291371 2.3934413021989856e-07
9.809309772574073 1.9498344640009604e-07
9.913664131856777 1.85626146305665e-07
10.018018491139479 3.437966826899138e-07
10.122372850422183 2.9623904906300835e-07
10.226727209704885 2.827127220254125e-07
10.331081568987589 4.76987854209685e-07
10.43543592827029 4.224372194495948e-07
10.539790287552993 3.9881181614885707e-07
10.644144646835697 5.878114666262161e-07
10.7484990061184 5.10386227820434e-07
10.852853365401103 4.740076872440317e-07
10.957207724683805 6.13239250390489e-07
11.061562083966509 5.061628827373968e-07
11.165916443249213 4.396487190477329e-07
11.270270802531915 4.5715276686165863e-07
11.374625161814617 3.038328228506596e-07
11.47897952109732 2.1847461022843564e-07
11.583333880380025 1.4704852813486603e-07
11.687688239662725 6.490065730420727e-08
11.792042598945429 5.5420928576932564e-08
11.896396958228133 2.1455789744595866e-08
12.000751317510835 1.2204493436999818e-07
12.105105676793537 2.1212484531447921e-07
12.20946003607624 3.7526001978023175e-07
12.313814395358945 7.306866870787637e-07
12.418168754641647 8.870633870908294e-07
12.522523113924349 1.3929164113178724e-06
12.626877473207053 1.913704680874166e-06
12.731231832489756 2.1767044967969556e-06
12.835586191772459 3.7738173907056224e-06
12.93994055105516 5.249278068906935e-06
13.044294910337864 7.26944221836308e-06
13.148649269620568 1.270043123486225e-05
13.253003628903269 1.7302435892934938e-05
13.357357988185973 2.3844776816492873e-05
13.461712347468676 3.68358659234199e-05
13.566066706751378 4.771178827230487e-05
13.67042106603408 6.290361874180576e-05
13.774775425316783 8.782738406914138e-05
13.879129784599488 0.00010637442989227551
13.98348414388219 0.00012865150500697376
14.087838503164894 0.00015957881711572869
14.192192862447596 0.0001761747949761597
14.296547221730298 0.00019629248875019763
14.400901581013002 0.00022565959615406434
14.505255940295704 0.00023977484250845173
14.609610299578407 0.0002663086771609554
14.71396465886111 0.00030470789746994063
14.818319018143812 0.0003308209982394458
14.922673377426518 0.0003857368764221435
15.02702773670922 0.0004632661513568741
15.131382095991922 0.0005552067532282832
15.235736455274626 0.0007172254669460903
15.340090814557328 0.0009133590494177687
15.44444517384003 0.0011354115476996192
15.548799533122734 0.001434404801389973
15.653153892405436 0.0017316103923009317
15.757508251688138 0.002037637626638468
15.861862610970842 0.002404765894540553
15.966216970253544 0.002705541225150335
16.07057132953625 0.002987904166680671
16.174925688818952 0.00330937915400462
16.279280048101654 0.0034817209797209144
16.38363440738436 0.003575280096936992
16.48798876666706 0.0036410061437836642
16.59234312594976 0.003517948575790232
16.696697485232466 0.0034616551220416104
16.801051844515168 0.0035888223439246698
16.90540620379787 0.003678931155335443
17.009760563080576 0.003902220840450231
17.114114922363278 0.004187422649173733
17.21846928164598 0.0044212437827534454
17.322823640928682 0.005106595771847323
17.427178000211384 0.0061194655234373336
17.53153235949409 0.007152293982318331
17.635886718776792 0.008516854814207466
17.740241078059494 0.00982400050942866
17.8445954373422 0.011020333563644317
17.948949796624902 0.012665262763167042
18.053304155907604 0.013825399481732002
18.157658515190306 0.014150936734965359
18.262012874473008 0.014685007300129466
18.366367233755714 0.015254578126615464
18.470721593038416 0.01598987177155279
18.575075952321118 0.016925960847264516
18.679430311603824 0.016210339289997364
18.783784670886522 0.014227294290931456
18.888139030169224 0.012842463407186777
18.99249338945193 0.011731942422536832
19.096847748734632 0.01131037121047771
19.201202108017338 0.011310168415448784
19.30555646730004 0.009782695588646199
19.409910826582742 0.008324858897805243
19.514265185865444 0.008342519798853133
19.618619545148146 0.008583996994393465
19.722973904430848 0.00982558813584574
19.827328263713554 0.010823778092260358
19.931682622996256 0.011037361827881259
20.036036982278958 0.01506713035589021
20.140391341561664 0.01876535735685497
20.244745700844366 0.016441434163254436
20.349100060127068 0.018650483328151023
20.45345441940977 0.028323162720021593
20.557808778692472 0.031813020731616896
20.662163137975178 0.03082816028480946
20.76651749725788 0.03508679415653667
20.87087185654058 0.03967761654344293
20.975226215823287 0.04242412957765161
21.079580575105986 0.048141033738032996
21.18393493438869 0.05367075984546419
21.288289293671394 0.05654597849822073
21.392643652954096 0.059658706377961654
21.4969980122368 0.06270695092621888
21.601352371519503 0.06607312914459496
21.705706730802206 0.0724590120647143
21.810061090084908 0.08043463716270563
21.91441544936761 0.08499741312136957
22.018769808650312 0.08314399917474487
22.123124167933018 0.07945515738881061
22.22747852721572 0.08111058752238427
22.331832886498425 0.0841378544164118
22.436187245781127 0.07916688436145403
22.54054160506383 0.06999578234323188
22.64489596434653 0.06645419272411635
22.749250323629234 0.06385733765689676
22.853604682911936 0.053631175555167505
22.95795904219464 0.04508829643289742
23.062313401477343 0.04586108311749861
23.16666776076005 0.04225071039867123
23.27102212004275 0.03158525602260723
23.37537647932545 0.03090392506268527
23.479730838608155 0.03637987349706642
23.584085197890857 0.03276640990791992
23.68843955717356 0.0284127152230556
23.792793916456265 0.030656547375338017
23.897148275738967 0.029917986258729812
24.00150263502167 0.027043088749482837
24.10585699430437 0.028910403066274237
24.210211353587074 0.030690949808984975
24.31456571286978 0.02827571785849262
24.41892007215248 0.023593670979394174
24.523274431435183 0.018761841579836517
24.62762879071789 0.016965320623276173
24.73198315000059 0.01721312715121498
24.836337509283293 0.01474194450944374
24.940691868565995 0.010841311421893639
25.045046227848697 0.008901625861319831
25.1494005871314 0.007799512482307312
25.253754946414105 0.006225187818526315
25.358109305696807 0.0044491527075874015
25.462463664979513 0.0030972453633363495
25.566818024262215 0.00284772279543371
25.671172383544917 0.0029028262854623767
25.77552674282762 0.002597407133587639
25.87988110211032 0.0026484100491209997
25.984235461393023 0.0026804811255653352
26.08858982067573 0.002102402136030426
26.19294417995843 0.0017701136217798039
26.297298539241137 0.0020606894096384626
26.401652898523835 0.002405997365439616
26.506007257806537 0.002339872128764297
26.610361617089243 0.0017849175648040724
26.714715976371945 0.0013615714458283877
26.819070335654647 0.001390309058716748
26.923424694937353 0.0012122258323932738
27.027779054220055 0.0006653659271448992
27.132133413502757 0.0003376979510679116
27.23648777278546 0.00036307043505763803
27.34084213206816 0.0004356183230943536
27.445196491350863 0.0003671643938728663
27.549550850633565 0.00020104250824039098
27.653905209916275 9.007080241448987e-05
27.758259569198977 4.174308602849739e-05
27.86261392848168 4.148911716502468e-06
27.96696828776438 2.0152172343162137e-05
28.07132264704708 9.870812469819344e-05
28.17567700632979 0.0001635798197319717
28.28003136561249 0.00014872469089849709
28.384385724895193 8.590791527089089e-05
28.488740084177895 9.200492879486888e-05
28.593094443460597 0.00018482444241219243
28.6974488027433 0.00025456876194909956
28.801803162026005 0.0002379309759008055
28.906157521308707 0.0001593533885014413
29.01051188059141 6.795825516856983e-05
29.11486623987411 2.2908831045120942e-05
29.219220599156813 0.00010635311669964427
29.323574958439522 0.00030461429868781074
29.42792931772222 0.00044125842652652036
29.532283677004923 0.0004181326416965961
29.636638036287625 0.0003438868383187052
29.740992395570327 0.00031010392607501143
29.845346754853036 0.00031076843606312246
29.94970111413574 0.00030933565203600504
30.05405547341844 0.00025062930659714653
30.158409832701143 0.0001499412181863187
30.262764191983845 9.230617988740413e-05
30.367118551266543 8.976370641683548e-05
30.471472910549252 9.254042851173578e-05
30.575827269831954 8.792531499128351e-05
30.680181629114657 8.995024898786311e-05
30.78453598839736 9.510243552854414e-05
30.88889034768006 9.047310550070184e-05
30.993244706962766 9.151236830334473e-05
31.09759906624547 0.00011857003561187163
31.20195342552817 0.00014775269484289813
31.306307784810873 0.00015954191754604305
31.410662144093575 0.00017300547832866598
31.515016503376277 0.00018829307484117858
31.619370862658986 0.00019049033127335754
31.723725221941685 0.00018510736991608418
31.828079581224387 0.00016744866627983342
31.93243394050709 0.00012759435558136462
32.03678829978979 8.947057023328627e-05
32.1411426590725 7.635995808106418e-05
32.2454970183552 7.943014567397264e-05
32.349851377637904 8.817625341436771e-05
32.454205736920606 0.0001033204232721197
32.55856009620331 0.00011574709966930965
32.66291445548601 0.00011741912149599437
32.76726881476872 0.00012071219685598547
32.87162317405142 0.00013121630291547257
32.97597753333412 0.00013252617844490617
33.08033189261682 0.00012033384091072593
33.18468625189952 0.00010624141562223003
33.28904061118223 9.112702441187028e-05
33.39339497046493 7.666357717111248e-05
33.497749329747634 7.230067203260016e-05
33.602103689030336 7.537154479040308e-05
33.70645804831304 7.63394061193189e-05
33.81081240759574 7.568216796357847e-05
33.91516676687845 7.876121675462312e-05
34.01952112616115 8.486274088473143e-05
34.123875485443854 9.306448313815436e-05
34.228229844726556 0.00010888205710443848
34.33258420400926 0.00012721320721382508
34.43693856329196 0.00013395575347281965
34.54129292257466 0.0001317331650072662
34.645647281857364 0.00012833328051738748
34.75000164114007 0.00012041311204541616
34.85435600042277 0.00011042862129732211
34.95871035970548 0.00010377307584872659
35.06306471898818 9.666591292153443e-05
35.16741907827088 8.703605380433361e-05
35.271773437553584 7.90984462419739e-05
35.376127796836286 7.517283889120488e-05
35.48048215611899 7.254327146183653e-05
35.5848365154017 7.101620066663229e-05
35.6891908746844 7.390714212370276e-05
35.7935452339671 7.89699460818048e-05
35.897899593249804 8.328781563367149e-05
36.002253952532506 8.866900241750465e-05
36.10660831181521 9.306767583766194e-05
36.21096267109791 9.321350116760505e-05
36.31531703038061 9.104577051712744e-05
36.419671389663314 8.830938681289387e-05
36.524025748946016 8.525152284098928e-05
36.62838010822872 8.313080711303823e-05
36.73273446751143 8.388699795664453e-05
36.83708882679413 8.66741564970445e-05
36.94144318607683 8.864016993376261e-05
37.045797545359534 9.005023356454567e-05
37.150151904642236 9.037661082428542e-05
37.254506263924945 8.76092166013866e-05
37.35886062320765 8.419591752865677e-05
37.46321498249035 8.223084276192473e-05
37.567569341773044 8.049328624621128e-05
37.671923701055746 7.89352791676523e-05
37.77627806033845 7.751756928002972e-05
37.88063241962116 7.507663275087646e-05
37.98498677890386 7.153052603339969e-05
38.08934113818656 6.836425883224463e-05
38.193695497469264 6.686260600785816e-05
38.298049856751966 6.644800957580548e-05
38.402404216034675 6.775679642046497e-05
38.50675857531738 7.162478901238504e-05
38.61111293460008 7.616118993630853e-05
38.71546729388278 8.061042092976114e-05
38.819821653165484 8.477124570647893e-05
38.924176012448186 8.633850885635e-05
39.02853037173089 8.460309290006523e-05
39.13288473101359 8.112332349143549e-05
39.23723909029629 7.680685212027314e-05
39.341593449578994 7.179424309977081e-05
39.445947808861696 6.776708627869158e-05
39.550302168144405 6.62761092198077e-05
39.65465652742711 6.555346868301261e-05
39.75901088670981 6.496401759234124e-05
39.86336524599251 6.620165844436283e-05
39.967719605275214 6.766722628767836e-05
40.072073964557916 6.7637875702734e-05
40.176428323840625 6.798797052185429e-05
40.28078268312333 6.931234671802745e-05
40.38513704240603 6.981763676583728e-05
40.48949140168873 6.946282203925751e-05
40.59384576097143 7.015522241181377e-05
40.698200120254135 7.09419232612972e-05
40.80255447953684 6.949087507084569e-05
40.90690883881954 6.767390736639597e-05
41.01126319810224 6.659205533987808e-05
41.115617557384944 6.406440389914751e-05
41.21997191666765 6.123419129371821e-05
41.324326275950355 6.097431621678782e-05
41.42868063523306 6.242958923034112e-05
41.53303499451576 6.404796982733258e-05
41.63738935379846 6.693049119931297e-05
41.74174371308116 7.049352352424593e-05
41.84609807236387 7.133170741711466e-05
41.950452431646575 6.973668104838531e-05
42.05480679092928 6.8285014125376e-05
42.15916115021197 6.570503417996964e-05
42.263515509494674 6.19318860182672e-05
42.36786986877738 6.010513982397164e-05
42.472224228060085 6.0341121486051406e-05
42.57657858734279 6.041368815732793e-05
42.68093294662549 6.050339617357628e-05
42.78528730590819 6.198486812263284e-05
42.889641665190894 6.27815196092098e-05
42.9939960244736 6.10457847209769e-05
43.098350383756305 5.976344143718892e-05
43.20270474303901 5.9639387823185834e-05
43.30705910232171 5.830400110184594e-05
43.41141346160441 5.753677740253291e-05
43.51576782088712 5.899151470413247e-05
43.620122180169815 5.997913707927019e-05
43.72447653945252 5.949182707693913e-05
43.82883089873522 5.967838960675914e-05
43.93318525801792 6.048663347353896e-05
44.037539617300624 5.945245392947276e-05
44.14189397658333 5.78637235221912e-05
44.246248335866035 5.8525294509595584e-05
44.35060269514874 5.9533126935874e-05
44.45495705443144 5.9642937802811585e-05
44.55931141371414 6.102771953704435e-05
44.66366577299685 6.282327144096307e-05
44.76802013227955 6.221097966353645e-05
44.872374491562255 5.9953502208651496e-05
44.97672885084496 5.8106252861769815e-05
45.08108321012766 5.552996618685015e-05
45.18543756941036 5.1519735658174466e-05
45.28979192869306 4.908308798453996e-05
45.394146287975765 4.895504267407614e-05
45.49850064725847 4.911188300231299e-05
45.60285500654117 5.0433549949355406e-05
45.70720936582387 5.39186963862184e-05
45.81156372510658 5.7095010579587744e-05
45.91591808438928 5.851646605636873e-05
46.020272443671985 5.968989930236888e-05
46.12462680295469 6.052552236813844e-05
46.22898116223739 5.9143061599844006e-05
46.3333355215201 5.702476159303768e-05
46.4376898808028 5.640983566161734e-05
46.5420442400855 5.56859326847121e-05
46.646398599368204 5.421452611634174e-05
46.7507529586509 5.395503188698386e-05
46.8551073179336 5.462368727748699e-05
46.95946167721631 5.408512581101907e-05
47.06381603649901 5.259727394045994e-05
47.168170395781715 5.185596381123939e-05
47.27252475506442 5.081850632295056e-05
47.37687911434712 4.861955789707369e-05
47.48123347362983 4.756597093629998e-05
47.58558783291253 4.798158279563362e-05
47.68994219219523 4.8009582605677535e-05
47.794296551477935 4.838507443910421e-05
47.89865091076064 5.0246377114356215e-05
48.00300527004334 5.2133777894155974e-05
48.10735962932605 5.2729250883431423e-05
48.21171398860874 5.312094883766708e-05
48.316068347891445 5.380397814608727e-05
48.42042270717415 5.322760428205071e-05
48.52477706645685 5.1939533676472614e-05
48.62913142573956 5.166225372951024e-05
48.73348578502226 5.160092353536752e-05
48.83784014430496 5.1191584718828814e-05
48.942194503587665 5.1525101268741506e-05
49.04654886287037 5.2556249236836386e-05
49.15090322215307 5.2812190051293864e-05
49.25525758143578 5.2009860400132397e-05
49.35961194071848 5.123982598881434e-05
49.46396630000118 4.9950892686013896e-05
49.568320659283884 4.742118132312379e-05
49.672675018566586 4.515415655221297e-05
49.77702937784929 4.3889230627646185e-05
49.88138373713199 4.3028933017713154e-05
49.98573809641469 4.299594308692792e-05
50.090092455697395 4.435035874264439e-05
50.1944468149801 4.616880457087854e-05
50.2988011742628 4.737917795569557e-05
50.40315553354551 4.8491565117920274e-05
50.50750989282821 4.980616911962898e-05
50.61186425211091 5.027113792037278e-05
50.716218611393614 5.0130367226390914e-05
50.82057297067632 5.0357132717414226e-05
50.924927329959026 5.0583722182965203e-05
51.02928168924173 5.041253573396868e-05
51.13363604852443 5.035582378666501e-05
51.23799040780713 5.074683350209772e-05
51.342344767089834 5.0792849568945695e-05
51.446699126372536 5.0106278002204215e-05
51.55105348565524 4.9373423447263896e-05
51.65540784493794 4.832867417831415e-05
51.75976220422064 4.6577837085504474e-05
51.864116563503345 4.4774889786140434e-05
51.96847092278605 4.3197830129533534e-05
52.072825282068756 4.1703866072946815e-05
52.17717964135146 4.043793470903445e-05
52.28153400063416 3.983997340673601e-05
52.38588835991686 3.996499946951965e-05
52.490242719199564 4.046510130614255e-05
52.59459707848227 4.153031888171646e-05
52.698951437764975 4.3072476835515324e-05
52.80330579704767 4.4504465636921164e-05
52.90766015633037 4.595562855541794e-05
53.012014515613075 4.744967203513576e-05
53.11636887489578 4.8571716616974874e-05
53.220723234178486 4.926801832927998e-05
53.32507759346119 4.97487068678169e-05
53.42943195274389 5.0081367047045044e-05
53.53378631202659 4.9918482664738396e-05
53.638140671309294 4.943404481288779e-05
53.742495030592 4.896911290613093e-05
53.846849389874706 4.8014747660032746e-05
53.95120374915741 4.658243085831095e-05
54.05555810844011 4.5151586560507666e-05
54.15991246772281 4.36127400011764e-05
54.264266827005514 4.1849991919108915e-05
54.368621186288216 4.015834948604137e-05
54.47297554557092 3.8951446213949464e-05
54.57732990485362 3.807965859594541e-05
54.68168426413632 3.7466658656769395e-05
54.786038623419024 3.760862939508775e-05
54.89039298270173 3.825230758690825e-05
54.99474734198443 3.8917823803791934e-05
55.09910170126713 3.9880167254415305e-05
55.20345606054985 4.111374071506921e-05
55.30781041983255 4.214744149978767e-05
55.41216477911525 4.292319723557748e-05
55.51651913839795 4.385081421229054e-05
55.620873497680655 4.482462779357814e-05
55.72522785696336 4.535583482316897e-05
55.82958221624606 4.59695429741627e-05
55.93393657552876 4.695680507550662e-05
56.03829093481146 4.749878480473844e-05
56.14264529409416 4.747600294895654e-05
56.24699965337686 4.74140016393375e-05
56.35135401265958 4.7170818601876366e-05
56.45570837194228 4.6166153580646855e-05
56.56006273122498 4.476153527605066e-05
56.66441709050768 4.372088873163814e-05
56.768771449790385 4.2496343061715504e-05
56.87312580907309 4.081240295690878e-05
56.97748016835579 3.955535752804209e-05
57.08183452763849 3.8775689733783035e-05
57.186188886921194 3.777259585399747e-05
57.290543246203896 3.665802066159649e-05
57.3948976054866 3.609834994062886e-05
57.49925196476931 3.579592503174551e-05
57.60360632405201 3.519123019006402e-05
57.70796068333471 3.500844061484918e-05
57.81231504261741 3.554506341748031e-05
57.916669401900116 3.598145069572434e-05
58.02102376118282 3.643779432398567e-05
58.12537812046552 3.7586962716166825e-05
58.22973247974822 3.911942277198844e-05
58.334086839030924 4.040765060516587e-05
58.438441198313626 4.181614516569564e-05
58.54279555759633 4.375460117476678e-05
58.647149916879044 4.529325207256494e-05
58.75150427616175 4.609711701291158e-05
58.85585863544444 4.6993781363734635e-05
58.960212994727144 4.768588626407425e-05
59.064567354009846 4.7359162223644835e-05
59.16892171329255 4.6428287665715376e-05
59.27327607257525 4.56631699110765e-05
59.37763043185795 4.4618624693295626e-05
59.481984791140654 4.283167064232525e-05
59.586339150423356 4.127439164697546e-05
59.69069350970607 4.02301516134178e-05
59.795047868988775 3.8794100880961755e-05
59.89940222827148 3.711411499017204e-05
60.00375658755418 3.597117434090373e-05
60.10811094683688 3.507168882435529e-05
60.21246530611958 3.372397181478906e-05
60.316819665402285 3.248879310638475e-05
60.42117402468499 3.202399699357741e-05
60.52552838396769 3.162982726012137e-05
60.629882743250384 3.116852267480511e-05
60.734237102533086 3.1521496973460945e-05
60.8385914618158 3.2548122283893177e-05
60.942945821098505 3.3485029674044155e-05
61.04730018038121 3.4537515029102955e-05
61.15165453966391 3.621910643278694e-05
61.25600889894661 3.789626779010731e-05
61.36036325822931 3.893828606937386e-05
61.464717617512015 4.007877800351292e-05
61.56907197679472 4.149751096234458e-05
61.67342633607742 4.240837381808304e-05
61.77778069536012 4.30239351850946e-05
61.88213505464282 4.404992623013856e-05
61.98648941392553 4.519645038223801e-05
62.090843773208235 4.5746951866431506e-05
62.19519813249094 4.60577414221099e-05
62.29955249177364 4.656742881030683e-05
62.40390685105634 4.6411896344742644e-05
62.50826121033904 4.5315386677392426e-05
62.612615569621745 4.4084124934989295e-05
62.71696992890445 4.2762176687513675e-05
62.82132428818715 4.080950197676443e-05
62.92567864746985 3.8536520216194014e-05
63.030033006752554 3.675896469143205e-05
63.13438736603527 3.519658972241451e-05
63.23874172531797 3.33459952633442e-05
63.343096084600674 3.182227318734213e-05
63.44745044388337 3.0884452163937936e-05
63.55180480316607 2.993273592540594e-05
63.65615916244877 2.8905562240751293e-05
63.760513521731475 2.8369292697171664e-05
63.86486788101418 2.8296969020693725e-05
63.96922224029688 2.8143068214297964e-05
64.07357659957958 2.8209101978396966e-05
64.17793095886229 2.897896386637073e-05
64.282285318145 2.9958217004683554e-05
64.3866396774277 3.0895537896441474e-05
64.4909940367104 3.223854859443283e-05
64.5953483959931 3.398455607806575e-05
64.69970275527581 3.5613576150567115e-05
64.8040571145585 3.708034498573298e-05
64.90841147384121 3.8824038291417976e-05
65.01276583312391 4.0559169033531905e-05
65.11712019240662 4.1822530471869644e-05
65.22147455168931 4.302725631333457e-05
65.32582891097202 4.436448445899964e-05
65.43018327025473 4.543066713369779e-05
65.53453762953744 4.6111074797601245e-05
65.63889198882013 4.675870791866366e-05
65.74324634810284 4.736878967233417e-05
65.84760070738554 4.7390014794369856e-05
65.95195506666823 4.693172016164567e-05
66.05630942595094 4.63448824795963e-05
66.16066378523364 4.532857795540886e-05
66.26501814451635 4.3742100903976095e-05
66.36937250379904 4.19332622958176e-05
66.47372686308175 4.016145679921014e-05
66.57808122236446 3.821143115439847e-05
66.68243558164717 3.608434582933157e-05
66.78678994092986 3.422852455555615e-05
66.89114430021257 3.2572787918765124e-05
66.99549865949527 3.0860507922028004e-05
67.09985301877798 2.9262926359057522e-05
67.20420737806067 2.7948132492466113e-05
67.30856173734338 2.6787392018277448e-05
67.41291609662608 2.564179276885272e-05
67.51727045590879 2.4740814958936313e-05
67.62162481519148 2.418216602553208e-05
67.72597917447419 2.3756754267860414e-05
67.8303335337569 2.3583868570648165e-05
67.9346878930396 2.3833626378860456e-05
68.0390422523223 2.4398371457481255e-05
68.143396611605 2.521967548490062e-05
68.24775097088771 2.636853608469385e-05
68.3521053301704 2.7859431464257506e-05
68.45645968945311 2.9485623842260497e-05
68.5608140487358 3.1192054892538915e-05
68.66516840801852 3.3093540972658694e-05
68.76952276730121 3.4999766635090454e-05
68.87387712658392 3.684186701802448e-05
68.97823148586663 3.877272341676343e-05
69.08258584514932 4.075816151566843e-05
69.18694020443203 4.265552979340209e-05
69.29129456371473 4.4423382061628636e-05
69.39564892299744 4.619259549794455e-05
69.50000328228013 4.775608478714715e-05
69.60435764156284 4.883234665195229e-05
69.70871200084554 4.963288251784517e-05
69.81306636012825 5.0209100338631575e-05
69.91742071941096 5.037222617073993e-05
70.02177507869366 5.013797080362243e-05
70.12612943797636 4.9789920992978144e-05
70.23048379725907 4.941632871814668e-05
70.33483815654176 4.871477724746963e-05
70.43919251582446 4.77930030584092e-05
70.54354687510717 4.686416638375928e-05
70.64790123438986 4.567482221804548e-05
70.75225559367257 4.4053280778659356e-05
70.85660995295527 4.217870511438139e-05
70.96096431223798 4.024936320736956e-05
71.06531867152069 3.807209562110739e-05
71.1696730308034 3.5641674876263814e-05
71.27402739008609 3.337449564087998e-05
71.3783817493688 3.127392599231853e-05
71.4827361086515 2.9148914036539202e-05
71.5870904679342 2.7135096708546018e-05
71.6914448272169 2.5431116832927458e-05
71.79579918649961 2.3895221052246824e-05
71.9001535457823 2.2319316654478183e-05
72.00450790506501 2.0958831315536014e-05
72.1088622643477 1.9934316561494096e-05
72.21321662363042 1.896876015292236e-05
72.31757098291313 1.8114040673701857e-05
72.42192534219582 1.7650576461870076e-05
72.52627970147853 1.7526951832337782e-05
72.63063406076122 1.751513917520352e-05
72.73498842004393 1.775372305696541e-05
72.83934277932663 1.8474665280376605e-05
72.94369713860934 1.9392095024564487e-05
73.04805149789203 2.032709941290201e-05
73.15240585717474 2.158142686045083e-05
73.25676021645744 2.3155426814607936e-05
73.36111457574015 2.4721080865836907e-05
73.46546893502286 2.6308954960244866e-05
73.56982329430555 2.828206691643316e-05
73.67417765358826 3.054396526131227e-05
73.77853201287095 3.270565999977202e-05
73.88288637215366 3.501419795649832e-05
73.98724073143636 3.7716048915707425e-05
74.09159509071907 4.039478899363613e-05
74.19594945000176 4.2759049051067e-05
74.30030380928447 4.510962922910618e-05
74.40465816856717 4.761542824722338e-05
74.50901252784989 4.9788407137325784e-05
74.61336688713259 5.159179365057808e-05
74.7177212464153 5.362262075026222e-05
74.82207560569799 5.582302272760728e-05
74.9264299649807 5.773843359426699e-05
75.0307843242634 5.947912413500845e-05
75.13513868354609 6.148756034842398e-05
75.2394930428288 6.345865809343768e-05
75.34384740211149 6.479377244670241e-05
75.4482017613942 6.587481705571313e-05
75.5525561206769 6.70757477493089e-05
75.65691047995962 6.795203290200758e-05
75.76126483924232 6.823650315354032e-05
75.86561919852502 6.845814025919728e-05
75.96997355780772 6.895542800102856e-05
76.07432791709043 6.910930913935178e-05
76.17868227637312 6.87636380397193e-05
76.28303663565583 6.853839873092356e-05
76.38739099493853 6.842373440844965e-05
76.49174535422124 6.784784498823208e-05
76.59609971350393 6.682540462114307e-05
76.70045407278664 6.601613311573057e-05
76.80480843206935 6.533058341082867e-05
76.90916279135205 6.418169482087017e-05
77.01351715063475 6.284815135911557e-05
77.11787150991745 6.178639145150545e-05
77.22222586920016 6.070163677678586e-05
77.32658022848285 5.911118407568488e-05
77.43093458776556 5.732823135983123e-05
77.53528894704826 5.579897438567364e-05
77.63964330633097 5.412552739045715e-05
77.74399766561366 5.210635124023671e-05
77.84835202489637 5.0211564879937284e-05
77.95270638417908 4.866591722864962e-05
78.05706074346178 4.708120631660549e-05
78.16141510274448 4.5255200838457084e-05
78.26576946202718 4.360155900185642e-05
78.37012382130989 4.211235577516324e-05
78.47447818059258 4.034174058307433e-05
78.5788325398753 3.834338250176841e-05
78.68318689915799 3.6493749488756076e-05
78.7875412584407 3.479210878590737e-05
78.89189561772339 3.2927555627785336e-05
78.9962499770061 3.107613977826626e-05
79.10060433628881 2.957369996998881e-05
79.20495869557152 2.8207760210100754e-05
79.30931305485421 2.673093230212763e-05
79.41366741413692 2.528574388774349e-05
79.51802177341962 2.405433548808585e-05
79.62237613270231 2.281240224661145e-05
79.72673049198502 2.137703730853016e-05
79.83108485126772 2.002006158517927e-05
79.93543921055043 1.8856239592950457e-05
80.03979356983312 1.769410037969443e-05
80.14414792911583 1.647905658059124e-05
80.24850228839854 1.5404551368072327e-05
80.35285664768125 1.4514093829626787e-05
80.45721100696395 1.3573468274141443e-05
80.56156536624665 1.2580166382835421e-05
80.66591972552935 1.1704860828308917e-05
80.77027408481206 1.0920257549930166e-05
80.87462844409475 1.0107733429705433e-05
80.97898280337746 9.306056348582898e-06
81.08333716266016 8.65914026029558e-06
81.18769152194287 8.101957095516213e-06
81.29204588122558 7.516785649537673e-06
81.39640024050827 6.963321482971473e-06
81.50075459979098 6.4856482507526715e-06
81.60510895907368 6.0162695446571035e-06
81.70946331835638 5.496816084545006e-06
81.81381767763908 5.007019569636726e-06
81.91817203692179 4.599425674374127e-06
82.02252639620448 4.206489701496953e-06
82.12688075548719 3.831573204822377e-06
82.23123511476989 3.527010369058028e-06
82.3355894740526 3.2859120936943856e-06
82.4399438333353 3.0446889910107635e-06
82.544298192618 2.791549322567986e-06
82.64865255190071 2.574282964192651e-06
82.7530069111834 2.364332493009474e-06
82.85736127046611 2.128527321371013e-06
82.96171562974881 1.900089065280545e-06
83.06606998903152 1.7104012240473485e-06
83.17042434831421 1.546673962933488e-06
83.27477870759692 1.3855693855563824e-06
83.37913306687962 1.2542021650302148e-06
83.48348742616233 1.1600709031702078e-06
83.58784178544504 1.0691777299587082e-06
83.69219614472775 9.738468387011512e-07
83.79655050401044 8.87830183704577e-07
83.90090486329315 8.151827461644727e-07
84.00525922257584 7.366134992044815e-07
84.10961358185855 6.561786453086347e-07
84.21396794114125 5.942932362405629e-07
84.31832230042394 5.399068749597644e-07
84.42267665970665 4.836793534609815e-07
84.52703101898935 4.316558460374011e-07
84.63138537827206 3.893641204089111e-07
84.73573973755477 3.4771710391132626e-07
84.84009409683748 3.007539531163571e-07
84.94444845612017 2.635460342317707e-07
85.04880281540288 2.3633230263116412e-07
85.15315717468557 2.0992258040793724e-07
85.25751153396828 1.8705557996131263e-07
85.36186589325098 1.7380505464466126e-07
85.46622025253369 1.6645960787648783e-07
85.57057461181638 1.5210763065845123e-07
85.67492897109909 1.3512395070585004e-07
85.77928333038179 1.233008214889269e-07
85.8836376896645 1.0872642729985312e-07
85.9879920489472 8.891313722764584e-08
86.0923464082299 7.224683929595944e-08
86.19670076751261 6.406024468312995e-08
86.3010551267953 5.7807379624176694e-08
86.40540948607801 5.020347700481101e-08
86.50976384536071 4.7557617062192145e-08
86.61411820464342 4.909963465731384e-08
86.71847256392611 4.721361904924749e-08
86.82282692320882 4.030051485462581e-08
86.92718128249152 3.5280516099161004e-08
87.03153564177424 3.1831864761338465e-08
87.13589000105694 2.4102954563077096e-08
87.24024436033963 1.6784751865173764e-08
87.34459871962234 1.4083309793261974e-08
87.44895307890503 1.3106442876285029e-08
87.55330743818774 1.1212597847709018e-08
87.65766179747044 9.544665217832634e-09
87.76201615675315 1.0834705733755702e-08
87.86637051603584 1.1910852169977206e-08
87.97072487531855 9.864170940662524e-09
88.07507923460125 8.23724523923006e-09
88.17943359388397 8.758399363326198e-09
88.28378795316667 8.296242313986123e-09
88.38814231244938 5.771146623017001e-09
88.49249667173207 4.871685534619409e-09
88.59685103101478 5.750724771210495e-09
88.70120539029747 4.69892836079059e-09
88.80555974958018 2.687780930656959e-09
88.90991410886288 2.3726748375739734e-09
89.01426846814557 2.3422459528723977e-09
89.11862282742828 1.1789547499588534e-09
89.22297718671098 3.105827431182455e-10
89.3273315459937 4.4579225620358293e-10
89.4316859052764 1.2135772482184012e-09
89.5360402645591 1.6893800641167194e-09
89.6403946238418 1.1855239764440298e-09
89.74474898312451 1.767931951732355e-09
89.8491033424072 2.7743085476093898e-09
89.95345770168991 1.6509187843392037e-09
90.05781206097261 8.965695347910041e-10
90.16216642025532 1.2995287450123466e-09
90.26652077953801 6.743098060421384e-10
90.37087513882072 4.418925258815737e-11
90.47522949810343 3.2447616002137844e-11
90.57958385738613 1.4506823191680552e-10
90.68393821666884 4.984816661417955e-10
90.78829257595153 3.415088853253456e-10
90.89264693523424 2.2691535751655543e-10
90.99700129451693 7.346807813592008e-10
91.10135565379964 5.05477007941523e-10
91.20571001308234 5.513757653071574e-11
91.31006437236505 2.491115741805227e-10
91.41441873164774 1.5368850436366264e-10
91.51877309093047 4.799269631892947e-11
91.62312745021316 1.0545399183101094e-10
91.72748180949586 1.677045443119863e-12
91.83183616877857 2.8142979097800177e-10
91.93619052806126 3.4660600578448537e-10
92.04054488734397 2.9722338273632756e-11
92.14489924662666 2.158469132308875e-10
92.24925360590937 3.4235086395328306e-10
92.35360796519207 8.081036384296708e-11
92.45796232447478 2.689624841923637e-11
92.56231668375747 1.900519295848513e-10
92.6666710430402 2.0912847406890845e-10
92.77102540232289 1.1222827886126884e-11
92.8753797616056 1.265557581463659e-10
92.9797341208883 3.04988730265226e-10
93.084088480171 3.368909818289694e-11
93.1884428394537 1.5332668085339174e-10
93.29279719873641 3.523281028221928e-10
93.3971515580191 3.923174800747138e-11
93.5015059173018 3.1647573806972743e-10
93.60586027658451 5.330504563755504e-10
93.7102146358672 1.246642027586916e-10
93.81456899514993 4.842694014205526e-10
93.91892335443262 6.673529315803436e-10
94.02327771371533 1.7312778306302653e-10
94.12763207299803 4.878118698441788e-10
94.23198643228073 5.867711676569293e-10
94.33634079156343 1.146737768622244e-10
94.44069515084614 3.5193235803857135e-10
94.54504951012883 3.714826141672304e-10
94.64940386941154 3.8398761832132006e-11
94.75375822869424 2.288527787484878e-10
94.85811258797695 2.0859626292897352e-10
94.96246694725966 3.4858044480084012e-12
95.06682130654235 1.1553870636531803e-10
95.17117566582506 1.1371709456782471e-10
95.27553002510776 1.2654607378782378e-11
95.37988438439046 2.3407506783526764e-11
95.48423874367316 9.787811023503864e-11
95.58859310295587 8.997806719380907e-11
95.69294746223856 2.3556852466355185e-12
95.79730182152127 1.6240335238486824e-10
95.90165618080397 2.0903844184157602e-10
96.00601054008668 3.691074195061966e-11
96.11036489936939 2.387335342532098e-10
96.2147192586521 2.8419997610665863e-10
96.31907361793479 6.834818368552515e-11
96.42342797721749 2.788670791451845e-10
96.5277823365002 2.912938756393091e-10
96.63213669578289 7.401250224118668e-11
96.7364910550656 2.596863110017116e-10
96.8408454143483 2.3917686309047986e-10
96.945199773631 5.5337545376504753e-11
97.0495541329137 1.9033534061922804e-10
97.15390849219641 1.6055168228215821e-10
97.25826285147912 2.2415358288592082e-11
97.36261721076183 9.100159031872696e-11
97.46697157004452 9.17000165651995e-11
97.57132592932723 9.895940571977698e-12
97.67568028860993 2.595942200875425e-11
97.78003464789263 8.814696155578721e-11
97.88438900717533 4.5988592081382335e-11
97.98874336645804 3.163478790640481e-11
98.09309772574073 1.64761545342169e-10
98.19745208502343 1.258448635614535e-10
98.30180644430614 9.784984514762386e-11
98.40616080358885 2.8438906761013705e-10
98.51051516287156 2.1368463845780413e-10
98.61486952215425 1.892253206219168e-10
98.71922388143696 3.9988337587432e-10
98.82357824071966 2.7832613114583833e-10
98.92793260000236 2.663390382582023e-10
99.03228695928506 4.670526042192729e-10
99.13664131856777 3.0185145164082177e-10
99.24099567785046 3.0726250971740413e-10
99.34535003713317 4.6557377219998777e-10
99.44970439641587 2.687269710204604e-10
99.55405875569858 2.7750503796837177e-10
99.65841311498129 3.778431015099433e-10
99.76276747426398 1.8591358670628718e-10
99.86712183354669 1.9651896955311417e-10
99.97147619282939 2.4781728463345774e-10
100.0758305521121 9.518147981721648e-11
100.18018491139479 1.1051520464659308e-10
100.2845392706775 1.3993242100787768e-10
100.3888936299602 3.7913673867444206e-11
100.4932479892429 5.099560397518773e-11
100.5976023485256 8.42986901865387e-11
100.70195670780832 2.2764281705275594e-11
100.80631106709102 3.287700063769394e-11
100.91066542637373 9.293374612577793e-11
101.01501978565642 4.257617273338038e-11
101.11937414493912 5.083681788383337e-11
101.22372850422182 1.5167492396866095e-10
101.32808286350452 8.265177924851496e-11
101.43243722278723 9.122958987272114e-11
101.53679158206992 2.2338347069531893e-10
101.64114594135263 1.109779353780267e-10
101.74550030063534 1.1821806666902227e-10
101.84985465991805 2.544339143401277e-10
101.95420901920075 1.0219405888908688e-10
102.05856337848346 1.2907418975317383e-10
102.16291773776615 2.4555011295277864e-10
102.26727209704886 7.152914379130763e-11
102.37162645633155 1.3834299967928345e-10
102.47598081561426 2.1844829460246533e-10
102.58033517489696 4.368683767802381e-11
102.68468953417967 1.456428846494696e-10
102.78904389346236 1.7712363043749587e-10
102.89339825274507 2.3873925720712036e-11
102.99775261202778 1.389362016621735e-10
103.10210697131048 1.2130854694644123e-10
103.20646133059319 8.93948002510724e-12
103.31081568987588 1.076550843376925e-10
103.41517004915859 5.852201527883305e-11
103.51952440844128 1.0657139416025248e-11
103.623878767724 7.757625138627682e-11
103.72823312700669 1.7719663327704393e-11
103.8325874862894 3.146041807404795e-11
103.9369418455721 6.037320495992757e-11
104.0412962048548 5.595814895946712e-12
104.14565056413751 4.6443277016857296e-11
104.2500049234202 4.0417160444973406e-11
104.35435928270292 1.1505598552338914e-11
104.45871364198561 4.6461447230142864e-11
104.56306800126832 2.244659279500102e-11
104.66742236055102 3.445968298599894e-11
104.77177671983372 3.934678934723063e-11
104.87613107911642 1.780196102444178e-11
104.98048543839913 6.445371135237867e-11
105.08483979768182 2.888311501609115e-11
105.18919415696455 2.924987670682864e-11
105.29354851624724 8.388971058693012e-11
105.39790287552995 1.4246977264116717e-11
105.50225723481265 5.837157516100384e-11
105.60661159409534 8.923220974302275e-11
105.71096595337805 2.5719937826368367e-12
105.81532031266075 1.0706927371262087e-10
105.91967467194345 9.192712736571665e-11
106.02402903122615 6.5378180831112634e-12
106.12838339050886 1.6321297066389466e-10
106.23273774979155 9.278505190248296e-11
106.33709210907428 2.237662794251867e-11
106.44144646835697 1.9456933975808324e-10
106.54580082763968 7.431056309708328e-11
106.65015518692238 4.3440696983209755e-11
106.75450954620509 1.9434158410520135e-10
106.85886390548778 4.2545831907211166e-11
106.96321826477049 7.256692641200089e-11
107.06757262405318 1.8102021094405086e-10
107.1719269833359 1.813453819279201e-11
107.27628134261859 1.0142876690835352e-10
107.38063570190128 1.5740380165351796e-10
107.484990061184 5.0918268613460074e-12
107.5893444204667 1.1402789258623788e-10
107.69369877974941 1.2078734330533457e-10
107.7980531390321 9.44819549717184e-14
107.90240749831482 1.0076212010473437e-10
108.00676185759751 7.588288101254307e-11
108.11111621688022 5.9142024144618165e-12
108.21547057616291 7.841337320515553e-11
108.31982493544562 4.221571564497489e-11
108.42417929472832 2.09191853729462e-11
108.52853365401103 5.866559884878189e-11
108.63288801329374 3.331435535484896e-11
108.73724237257643 3.3159084046410797e-11
108.84159673185914 3.5360232884288444e-11
108.94595109114184 4.581967339187929e-11
109.05030545042455 4.008949566652538e-11
109.15465980970724 1.6641173812576282e-11
109.25901416898995 7.660675578682075e-11
109.36336852827264 4.674053825211849e-11
109.46772288755535 1.1589639852322055e-11
109.57207724683805 1.1213132459452257e-10
109.67643160612076 4.8845984075658003e-11
109.78078596540345 1.9398575314479913e-11
109.88514032468616 1.3133241139389889e-10
109.98949468396886 3.701843599359396e-11
110.09384904325157 3.776837884319448e-11
110.19820340253426 1.343425209221237e-10
110.30255776181698 1.963137389138694e-11
110.4069121210997 6.711531207332813e-11
110.51126648038239 1.3282507069778235e-10
110.6156208396651 1.1042264178328766e-11
110.7199751989478 9.641388791809824e-11
110.8243295582305 1.2078943540601196e-10
110.9286839175132 7.650195233105599e-12
111.0330382767959 1.0770871355878584e-10
111.1373926360786 9.097978585694082e-11
111.24174699536131 6.140118688133134e-12
111.346101354644 1.005859038216243e-10
111.45045571392671 5.324274400826636e-11
111.55481007320941 9.572719086548662e-12
111.65916443249212 8.672572971280634e-11
111.76351879177481 2.5017281337278286e-11
111.86787315105752 1.7191792335538372e-11
111.97222751034022 6.993621410499077e-11
112.07658186962291 1.0749733450573289e-11
112.18093622890562 1.9149790864401573e-11
112.28529058818832 4.62473493647185e-11
112.38964494747103 7.515338355144644e-12
112.49399930675372 1.407577606500341e-11
112.59835366603646 2.149822554217607e-11
112.70270802531915 1.4354790731321524e-11
112.80706238460186 1.0746227565915894e-11
112.91141674388456 8.678164211813748e-12
113.01577110316725 2.498222964095504e-11
113.12012546244996 7.298455919508529e-12
113.22447982173266 9.93982491585711e-12
113.32883418101537 3.286485181498763e-11
113.43318854029806 2.3797364992623424e-12
113.53754289958077 2.206422560601211e-11
113.64189725886347 3.768816515471672e-11
113.74625161814618 3.0227389450722406e-12
113.85060597742887 4.4287934205608116e-11
113.95496033671158 4.303075949883926e-11
114.05931469599427 1.2993166355795895e-11
114.16366905527698 6.647664712895046e-11
114.26802341455968 4.277275038973726e-11
114.37237777384239 2.4625784001354417e-11
114.47673213312508 7.383474025801259e-11
114.58108649240779 3.061526641650891e-11
114.68544085169049 3.4457531683285565e-11
114.7897952109732 7.076654850153035e-11
114.89414957025592 1.8628842418968517e-11
114.99850392953861 4.6447405028430327e-11
115.10285828882132 6.358201565982532e-11
115.20721264810402 1.2958620868464017e-11
115.31156700738673 5.484024430972584e-11
115.41592136666942 5.006679865384992e-11
115.52027572595213 9.300614339685943e-12
115.62463008523483 5.1464821441457356e-11
115.72898444451754 3.0680098093235885e-11
115.83333880380023 6.61513228110717e-12
115.93769316308294 3.8628425178404074e-11
116.04204752236564 1.2515126523407523e-11
116.14640188164834 6.449699925208682e-12
116.25075624093104 2.4467242340208136e-11
116.35511060021375 3.3360836647084092e-12
116.45946495949644 7.0735239663417315e-12
116.56381931877915 1.2753976699382146e-11
116.66817367806185 3.3018509846323933e-12
116.77252803734454 5.337511296087511e-12
116.87688239662725 7.120189308021666e-12
116.98123675590995 1.2147834536081534e-11
117.08559111519266 3.3171771763836084e-12
117.18994547447538 1.1777558332855678e-11
117.29429983375809 2.6751357399754876e-11
117.39865419304078 2.3493303304260954e-12
117.5030085523235 2.5608898850903044e-11
117.60736291160619 3.9109489349590157e-11
117.71171727088888 1.5246273625358327e-12
117.81607163017159 4.4250746979168407e-11
117.92042598945429 4.366708287821926e-11
118.024780348737 2.3650579029124303e-12
118.12913470801969 6.41482492721114e-11
118.2334890673024 4.0457025772692755e-11
118.3378434265851 8.359656610275568e-12
118.4421977858678 8.359237569516436e-11
118.5465521451505 3.352106866487165e-11
118.65090650443321 1.876960527919079e-11
118.7552608637159 9.412812583464403e-11
118.85961522299861 2.30386012692625e-11
118.96396958228131 2.9844047556585006e-11
119.06832394156402 9.044654168396285e-11
119.17267830084671 1.0841148780614937e-11
119.27703266012942 3.9977692276330934e-11
119.38138701941214 7.654018822300184e-11
119.48574137869484 2.422845291722101e-12
119.59009573797755 4.71092746592838e-11
119.69445009726024 5.7093064764290786e-11
119.79880445654295 3.727692833956453e-14
119.90315881582565 4.8425626029825014e-11
120.00751317510836 3.801456315451019e-11
120.11186753439105 3.294205986533469e-12
120.21622189367376 4.257374094620027e-11
120.32057625295646 2.4326479306057885e-11
120.42493061223917 1.0350327148719225e-11
120.52928497152186 3.1041400020088654e-11
120.63363933080457 1.999117478145764e-11
120.73799369008727 1.921513399525115e-11
120.84234804936997 1.929930954630345e-11
120.94670240865267 2.717010323785928e-11
121.05105676793538 2.6185850603120563e-11
121.15541112721807 1.1108762727442503e-11
121.25976548650077 4.317379165290279e-11
121.36411984578348 2.827223648416473e-11
121.46847420506617 9.494847743502002e-12
121.57282856434888 6.410634040083139e-11
121.6771829236316 2.5276938904721365e-11
121.78153728291431 1.5727908652259343e-11
121.88589164219701 8.306189714526301e-11
121.99024600147972 1.84200916486924e-11
122.09460036076241 2.8581006934424756e-11
122.19895472004512 9.379573910524762e-11
122.30330907932782 9.877471803417145e-12
122.40766343861051 4.521390915694142e-11
122.51201779789322 9.342855020300347e-11
122.61637215717592 2.8062801226085563e-12
122.72072651645863 6.172912538160412e-11
122.82508087574132 8.228419022282942e-11
122.92943523502403 7.940060697716388e-16
123.03378959430673 7.478793472751532e-11
123.13814395358943 6.545939414511139e-11
123.24249831287213 2.3331496337408444e-12
123.34685267215484 7.900936922152271e-11
123.45120703143753 4.5665062946750444e-11
123.55556139072024 8.0692767988887e-12
123.65991575000294 7.168170904446678e-11
123.76427010928565 2.6488903777873016e-11
123.86862446856834 1.6398651907858e-11
123.97297882785107 5.849375148370155e-11
124.07733318713377 1.4444108613008324e-11
124.18168754641647 2.458318486069773e-11
124.28604190569918 4.413783612236981e-11
124.39039626498187 1.1830378132748427e-11
124.49475062426458 2.772399337140026e-11
124.59910498354728 3.037972963835664e-11
124.70345934282999 1.754277901340977e-11
124.80781370211268 2.4512244505682683e-11
124.91216806139539 2.0166034790562046e-11
125.01652242067809 2.9073733401681774e-11
125.1208767799608 1.8609124166276757e-11
125.22523113924349 1.7025923815632293e-11
125.3295854985262 4.065350283264207e-11
125.4339398578089 1.1939553158126195e-11
125.5382942170916 2.1914079415249266e-11
125.6426485763743 4.674144518544141e-11
125.74700293565701 4.906786515975606e-12
125.8513572949397 3.33914230385595e-11
125.9557116542224 4.713794273690543e-11
126.06006601350511 7.069847839185952e-13
126.1644203727878 4.793609512096029e-11
126.26877473207054 4.333997360874937e-11
126.37312909135323 2.0249571776513314e-12
126.47748345063594 5.996524414666099e-11
126.58183780991864 3.505357498006489e-11
126.68619216920135 7.69700895885971e-12
126.79054652848404 6.451029749426012e-11
126.89490088776674 2.3086639064453965e-11
126.99925524704945 1.6011808823182866e-11
127.10360960633214 6.155528799190052e-11
127.20796396561485 1.1636523123191664e-11
127.31231832489755 2.5085086980062735e-11
127.41667268418026 5.355207793895577e-11
127.52102704346295 4.1297751852499026e-12
127.62538140274566 3.067761794847961e-11
127.72973576202835 4.076632362553107e-11
127.83409012131106 5.088373683203091e-13
127.93844448059376 3.038538679836984e-11
128.04279883987647 2.5896228107944517e-11
128.14715319915916 5.35387753037121e-13
128.25150755844186 2.5780902321412408e-11
128.35586191772458 1.4159354110301492e-11
128.4602162770073 2.9884674115787415e-12
128.56457063629 1.851046240800139e-11
128.6689249955727 8.101848025362146e-12
128.7732793548554 5.561475293728445e-12
128.8776337141381 1.0299339992832706e-11
128.9819880734208 8.247433730943579e-12
129.0863424327035 7.1732824662580064e-12
129.1906967919862 4.021818741533897e-12
129.29505115126892 1.3212287577217814e-11
129.39940551055162 7.91399308227715e-12
129.5037598698343 2.943057883966167e-12
129.608114229117 2.014025498246475e-11
129.71246858839973 7.033080973834404e-12
129.81682294768243 7.036222732138507e-12
129.92117730696512 2.5501440935864917e-11
130.02553166624782 4.910555402565446e-12
130.12988602553054 1.5991734249920267e-11
130.23424038481323 2.8926016745713175e-11
130.33859474409593 4.307517832728138e-12
130.44294910337862 2.7294611949208348e-11
130.54730346266132 2.899851785649608e-11
130.65165782194404 5.482329800020389e-12
130.75601218122677 3.622864434930351e-11
130.86036654050946 2.4316803901763197e-11
130.96472089979216 8.116652449326917e-12
131.06907525907488 4.101785381805459e-11
131.17342961835757 1.7175700285194894e-11
131.27778397764027 1.149690857139668e-11
131.38213833692296 4.005989321671503e-11
131.4864926962057 9.695733597400811e-12
131.59084705548838 1.4426246384738088e-11
131.69520141477108 3.389538157186407e-11
131.79955577405377 3.578428520880534e-12
131.90391013333647 1.5094632507535995e-11
132.0082644926192 2.4604889028711826e-11
132.11261885190189 4.85562274609824e-13
132.21697321118458 1.2982338851816338e-11
132.32132757046728 1.4841388682788537e-11
132.42568192975 5.314606802695082e-13
132.5300362890327 9.666604641532889e-12
132.6343906483154 9.387580954816077e-12
132.73874500759808 2.994672152427025e-12
132.8430993668808 5.537707137806302e-12
132.9474537261635 9.639902837401765e-12
133.05180808544623 6.299720605201678e-12
133.15616244472892 2.6579299265060165e-12
133.26051680401162 1.6193670804853447e-11
133.36487116329434 9.411262093500787e-12
133.46922552257703 2.9811124924803784e-12
133.57357988185973 2.7238683949461944e-11
133.67793424114242 1.0920042146228164e-11
133.78228860042515 7.174260451675735e-12
133.88664295970784 3.8912222709254876e-11
133.99099731899054 9.83347376947601e-12
134.09535167827323 1.4799908975169785e-11
134.19970603755596 4.792150981272561e-11
134.30406039683865 6.7345816338267885e-12
134.40841475612135 2.432159686056219e-11
134.51276911540404 5.164259679910554e-11
134.61712347468676 3.1943919878959934e-12
134.72147783396946 3.415696922669646e-11
134.82583219325215 4.981168464096096e-11
134.93018655253485 7.125465848537085e-13
135.03454091181757 4.02663114532801e-11
135.13889527110027 4.1917414134063445e-11
135.24324963038296 9.664690814523439e-14
135.34760398966569 4.124155999532294e-11
135.45195834894838 3.0350560680311455e-11
135.5563127082311 1.958576042450406e-12
135.6606670675138 3.7943015099595366e-11
135.7650214267965 2.0014000472332362e-11
135.8693757860792 5.81973694356133e-12
135.9737301453619 3.035937906668418e-11
136.0780845046446 1.3163050270572621e-11
136.1824388639273 1.0486513079523894e-11
136.28679322321 2.1774810689603617e-11
136.3911475824927 1.2628128759719886e-11
136.49550194177542 1.468613104387966e-11
136.5998563010581 1.4537650374217182e-11
136.7042106603408 1.795020906619838e-11
136.8085650196235 1.6373384450128385e-11
136.91291937890622 1.0568407757663519e-11
137.01727373818892 2.721686585075531e-11
137.1216280974716 1.532884876051009e-11
137.2259824567543 1.1342129867263576e-11
137.33033681603703 3.799232039960353e-11
137.43469117531973 1.2663367158272515e-11
137.53904553460242 1.5818522325979665e-11
137.64339989388515 4.4898616143899374e-11
137.74775425316784 8.658386368727215e-12
137.85210861245056 2.32180236952555e-11
137.95646297173326 4.608370352932034e-11
138.06081733101595 4.8572311994029535e-12
138.16517169029865 3.126863169017595e-11
138.26952604958137 4.14117639388763e-11
138.37388040886407 2.772085135154218e-12
138.47823476814676 3.7239377946126866e-11
138.58258912742946 3.248939713745782e-11
138.68694348671218 4.1999195085570504e-12
138.79129784599488 3.959815655387313e-11
138.89565220527757 2.225374605116076e-11
139.00000656456027 8.992711372998506e-12
139.104360923843 3.623952169822077e-11
139.20871528312568 1.2452430246151533e-11
139.31306964240838 1.665499370863174e-11
139.41742400169107 2.9917007738322444e-11
139.5217783609738 6.990667248271863e-12
139.6261327202565 2.536023775127781e-11
139.7304870795392 2.2065689251781995e-11
139.8348414388219 6.8320802736244676e-12
139.9391957981046 3.219255192082333e-11
140.04355015738733 1.3910311434208772e-11
140.14790451667002 1.1443274235712721e-11
140.25225887595272 3.636528499301141e-11
140.35661323523541 7.772160112671602e-12
140.46096759451814 1.796043687425712e-11
140.56532195380083 3.5841513653936955e-11
140.66967631308353 3.997849434927397e-12
140.77403067236622 2.356508901744015e-11
140.87838503164892 3.131895726978582e-11
140.98273939093164 2.982415418745364e-12
141.08709375021434 2.6402148414140455e-11
141.19144810949703 2.5705218485782976e-11
141.29580246877973 4.23951244278682e-12
141.40015682806245 2.3526408986986345e-11
141.50451118734514 1.9653942027978197e-11
141.60886554662784 6.990373985469743e-12
141.71321990591053 1.691203788284585e-11
141.81757426519326 1.649222901068927e-11
141.92192862447595 1.0866250215156646e-11
142.02628298375865 9.383445701751532e-12
142.13063734304137 1.7879008955020617e-11
142.23499170232407 1.4174767226169539e-11
142.3393460616068 3.731896581321888e-12
142.44370042088948 2.4993975902585205e-11
142.54805478017218 1.693999748533154e-11
142.65240913945487 2.3949653864935207e-12
142.7567634987376 3.720223435853588e-11
142.8611178580203 1.9664052697914535e-11
142.965472217303 6.1042806769987e-12
143.06982657658568 5.092304945411831e-11
143.1741809358684 2.178437475849243e-11
143.2785352951511 1.3779648956830104e-11
143.3828896544338 6.199570128788023e-11
143.4872440137165 2.1883505876622998e-11
143.59159837299921 2.2279675639432918e-11
143.6959527322819 6.778018719645499e-11
143.8003070915646 2.0179527226698343e-11
143.9046614508473 2.9467273915862e-11
144.00901581013002 6.826961270451396e-11
144.11337016941272 1.75505138992988e-11
144.2177245286954 3.2135354562790507e-11
144.3220788879781 6.308366315904273e-11
144.42643324726083 1.440656165072017e-11
144.53078760654356 2.9417452494254765e-11
144.63514196582625 5.403215827439141e-11
144.73949632510895 1.1475776906006081e-11
144.84385068439164 2.399995250881028e-11
144.94820504367436 4.714422578641867e-11
145.05255940295706 1.1538018785606816e-11
145.15691376223975 1.867608390467763e-11
145.26126812152245 4.5179978855975054e-11
145.36562248080517 1.5853530877028592e-11
145.46997684008787 1.886245027351906e-11
145.57433119937056 5.207493700030503e-11
145.67868555865326 2.4855296352414026e-11
145.78303991793595 2.6220976185398688e-11
145.88739427721868 6.71004348791746e-11
145.99174863650137 3.732552838269914e-11
146.09610299578407 4.057219954382208e-11
146.20045735506676 8.675510307160977e-11
146.30481171434948 5.0304268973208924e-11
146.40916607363218 5.947707921071042e-11
146.51352043291487 1.0753587492959056e-10
146.61787479219757 6.193651831993603e-11
146.7222291514803 7.784188599171293e-11
146.82658351076302 1.2241777810273038e-10
146.9309378700457 6.681911843792791e-11
147.0352922293284 8.770326989565096e-11
147.1396465886111 1.2564907164298353e-10
147.24400094789382 6.273700052963471e-11
147.34835530717652 8.572370211444426e-11
147.4527096664592 1.1773414215030825e-10
147.5570640257419 5.356371260771703e-11
147.66141838502463 7.639868701269304e-11
147.76577274430733 1.0565310177791935e-10
147.87012710359002 4.431034985882326e-11
147.97448146287272 6.480298785202276e-11
148.07883582215544 9.810239051454062e-11
148.18319018143814 4.1621466158744154e-11
148.28754454072083 5.6344070310084795e-11
148.39189890000353 9.982313389372983e-11
148.49625325928625 4.819124783391672e-11
148.60060761856894 5.565617804946998e-11
148.70496197785164 1.1387315877717145e-10
148.80931633713433 6.395017357000617e-11
148.91367069641706 6.276483402355712e-11
149.01802505569978 1.3602903477283755e-10
149.12237941498248 8.385704879920888e-11
149.22673377426517 7.536807997448093e-11
149.33108813354787 1.6140075634489224e-10
149.4354424928306 1.0201251740610241e-10
149.53979685211328 8.582970341054529e-11
149.64415121139598 1.8013754574110868e-10
149.74850557067867 1.1225214235308156e-10
149.8528599299614 8.708246334112275e-11
149.9572142892441 1.835251131045093e-10
150.0615686485268 1.1073184275099316e-10
150.16592300780948 7.673243133540022e-11
150.27027736709218 1.7220260945569433e-10
150.3746317263749 1.0251916425295822e-10
150.4789860856576 5.821880100762881e-11
150.5833404449403 1.5131228206244808e-10
150.68769480422299 9.607904034033928e-11
150.7920491635057 3.99467980198298e-11
150.8964035227884 1.3061249987120348e-10
151.0007578820711 9.993438929516521e-11
151.1051122413538 3.008336000834945e-11
151.20946660063652 1.1913266353667444e-10
151.31382095991924 1.1935642489822335e-10
151.41817531920194 3.377120293541452e-11
151.52252967848463 1.2067833700693705e-10
151.62688403776733 1.5177289635728167e-10
151.73123839705005 4.832513937013399e-11
151.83559275633274 1.295480095618989e-10
151.93994711561544 1.863867481146937e-10
152.04430147489813 6.644832936665485e-11
152.14865583418086 1.3546411899148766e-10
152.25301019346355 2.0715973526138633e-10
152.35736455274625 7.659574195568545e-11
152.46171891202894 1.3056746599678472e-10
152.56607327131167 2.0775163623255988e-10
152.67042763059436 7.453552034678938e-11
152.77478198987706 1.121031672232015e-10
152.87913634915975 1.904041818134034e-10
152.98349070844247 6.544841485383722e-11
153.08784506772517 8.79270954699073e-11
153.19219942700786 1.6769230005398147e-10
153.29655378629056 5.808020955952195e-11
153.40090814557328 6.394014206262922e-11
153.505262504856 1.4866197469761838e-10
153.6096168641387 5.869051792287128e-11
153.7139712234214 4.476556509136578e-11
153.8183255827041 1.3825409488914467e-10
153.92267994198681 6.961216439079466e-11
154.0270343012695 3.3943244428839516e-11
154.1313886605522 1.3813840739030718e-10
154.2357430198349 8.933154998274749e-11
154.34009737911762 3.21177254819049e-11
154.44445173840032 1.4427834981869184e-10
154.548806097683 1.0978802024852591e-10
154.6531604569657 3.4598410085741e-11
154.7575148162484 1.5015828390697986e-10
154.86186917553113 1.23847048321273e-10
154.96622353481382 3.6125245787199e-11
155.07057789409652 1.4747886837374316e-10
155.1749322533792 1.2418647310759755e-10
155.27928661266193 3.30270989204128e-11
155.38364097194463 1.3506605061862906e-10
155.48799533122732 1.1280900973577563e-10
155.59234969051002 2.5505474781345587e-11
155.69670404979274 1.1292679506001433e-10
155.80105840907547 9.207470251436505e-11
155.90541276835816 1.6177449668615094e-11
156.00976712764086 9.048152829479065e-11
156.11412148692355 7.471419246279986e-11
156.21847584620627 8.658075188214049e-12
156.32283020548897 6.743582881495841e-11
156.42718456477166 6.053953851142095e-11
156.53153892405436 3.831408229745515e-12
156.63589328333708 5.040739121958422e-11
156.74024764261978 5.560051990151336e-11
156.84460200190247 2.88999105034882e-12
156.94895636118517 3.802621391927978e-11
157.0533107204679 5.533440202864457e-11
157.1576650797506 4.580942812228331e-12
157.26201943903328 3.319374891667551e-11
157.36637379831598 5.970952163323758e-11
157.4707281575987 7.338757565120476e-12
157.5750825168814 3.1466678683932884e-11
157.6794368761641 6.162459432039381e-11
157.78379123544678 8.570415564548333e-12
157.8881455947295 3.263490970809498e-11
157.9924999540122 6.098454755053056e-11
158.09685431329493 8.032456593354481e-12
158.20120867257762 3.27154754488025e-11
158.30556303186032 5.4978800202916044e-11
158.40991739114304 5.829519167814694e-12
158.51427175042573 3.0853011260595344e-11
158.61862610970843 4.478020380929144e-11
158.72298046899112 2.932874073292729e-12
158.82733482827385 2.6589221201483395e-11
158.93168918755654 3.273246636345928e-11
159.03604354683924 8.394671949248857e-13
159.14039790612193 2.053388218299751e-11
159.24475226540463 2.1110024300958224e-11
159.34910662468735 2.2397107898504214e-14
159.45346098397005 1.4313947045305775e-11
159.55781534325274 1.308476482153435e-11
159.66216970253544 8.124914375559637e-13
159.76652406181816 8.504351170262307e-12
159.87087842110085 8.97373038800859e-12
159.97523278038355 2.5339073849236504e-12
160.07958713966624 4.24366427727987e-12
160.18394149894897 8.406065565105722e-12
160.28829585823166 4.2637470043225e-12
160.3926502175144 2.3469941728719953e-12
160.49700457679708 1.0383412463154396e-11
160.60135893607978 5.0713585788754025e-12
160.7057132953625 2.150184987370177e-12
160.8100676546452 1.2590550630789646e-11
160.9144220139279 4.462048744514515e-12
161.01877637321059 3.165015263480891e-12
161.1231307324933 1.3602027623234302e-11
161.227485091776 2.973070398521596e-12
161.3318394510587 4.809624857114142e-12
161.4361938103414 1.2742066236752116e-11
161.54054816962412 1.384238539895776e-12
161.6449025289068 6.0882628611260015e-12
161.7492568881895 9.795118679156621e-12
161.8536112474722 4.0053437028079977e-13
161.95796560675493 6.564558465510605e-12
162.06231996603762 5.88260655138461e-12
162.16667432532032 7.892937120185729e-13
162.271028684603 6.3217323262666055e-12
162.37538304388573 2.649592943123005e-12
162.47973740316843 2.6125476542047752e-12
162.58409176245115 5.1877924420801825e-12
162.68844612173385 1.146359895672442e-12
162.79280048101654 5.44546548956331e-12
162.89715484029927 3.5211401652820178e-12
163.00150919958196 1.8279475348658533e-12
163.10586355886466 8.357990282148907e-12
163.21021791814735 1.7968750552482448e-12
163.31457227743007 4.327280750842701e-12
163.41892663671277 1.025475356904736e-11
163.52328099599546 5.381622385238269e-13
163.62763535527816 8.064385133024514e-12
163.73198971456088 1.0970579851550297e-11
163.83634407384358 1.0797820150356686e-13
163.94069843312627 1.120010014793933e-11
164.04505279240897 9.759395397932202e-12
164.14940715169166 5.339380737760897e-13
164.25376151097439 1.315132194065815e-11
164.35811587025708 7.585282087292113e-12
164.46247022953978 1.7245903085440614e-12
164.56682458882247 1.3392176771821436e-11
164.6711789481052 5.499457118204767e-12
164.7755333073879 3.030144847601771e-12
164.8798876666706 1.1470043959875216e-11
164.9842420259533 4.106605276137738e-12
165.088596385236 4.320344945964453e-12
165.19295074451873 8.952014469689729e-12
165.29730510380142 4.455132077630577e-12
165.40165946308412 4.998123918938449e-12
165.5060138223668 6.776685337228615e-12
165.61036818164953 6.589982950109475e-12
165.71472254093223 4.775423075635746e-12
165.81907690021492 6.099542559754877e-12
165.92343125949762 1.0256650664154334e-11
166.02778561878034 3.966263653544663e-12
166.13213997806304 7.425596632183967e-12
166.23649433734573 1.3963593111116559e-11
166.34084869662843 2.5181116503951336e-12
166.44520305591115 1.087557582045081e-11
166.54955741519385 1.709656855302163e-11
166.65391177447654 1.2966357330859694e-12
166.75826613375924 1.573297155697106e-11
166.86262049304196 1.8724477267814655e-11
166.96697485232465 6.916084533204948e-13
167.07132921160735 2.035998117312221e-11
167.17568357089007 1.7921735884046176e-11
167.28003793017277 9.894710563956822e-13
167.3843922894555 2.4226393242828047e-11
167.48874664873819 1.5775433610020498e-11
167.59310100802088 2.1959730560192044e-12
167.69745536730358 2.5566548080767378e-11
167.8018097265863 1.2411398445813062e-11
167.906164085869 4.073193022765676e-12
168.0105184451517 2.4649021193951885e-11
168.11487280443438 9.365308399600225e-12
168.2192271637171 6.104288955891683e-12
168.3235815229998 2.1851257637447445e-11
168.4279358822825 7.60843516194681e-12
168.5322902415652 7.370039699692014e-12
168.6366446008479 1.759679549213108e-11
168.7409989601306 7.443468236380498e-12
168.8453533194133 8.105120476400255e-12
168.949707678696 1.4396028926091844e-11
169.0540620379787 9.496564217031909e-12
169.15841639726142 7.6495475973329e-12
169.2627707565441 1.238474504615154e-11
169.3671251158268 1.2488150799325668e-11
169.47147947510953 6.188990556507658e-12
169.57583383439223 1.243477509636408e-11
169.68018819367495 1.5637003860862802e-11
169.78454255295765 4.610254046842019e-12
169.88889691224034 1.494685937709455e-11
169.99325127152304 1.7996585463046377e-11
170.09760563080576 3.047612990468396e-12
170.20195999008845 1.842985488557976e-11
170.30631434937115 1.843416376405196e-11
170.41066870865384 2.2509251921692484e-12
170.51502306793657 2.197372793463631e-11
170.61937742721926 1.676920162631214e-11
170.72373178650196 2.5332877319145884e-12
170.82808614578465 2.456381774203133e-11
170.93244050506738 1.3588714715567833e-11
171.03679486435007 3.9710540214724095e-12
171.14114922363277 2.5523166712414968e-11
171.24550358291546 1.0117520462216226e-11
171.34985794219818 6.128376982672775e-12
171.45421230148088 2.3822092400409255e-11
171.55856666076357 6.572093929549402e-12
171.6629210200463 8.283897408375228e-12
171.767275379329 2.0404843139452857e-11
171.87162973861172 4.376858631836679e-12
171.9759840978944 1.0255856320338736e-11
172.0803384571771 1.6560385995212203e-11
172.1846928164598 4.01228381146524e-12
172.28904717574252 1.0840568621970452e-11
172.39340153502522 1.2277047835618273e-11
172.49775589430791 4.587816810873683e-12
172.6021102535906 9.956783882565127e-12
172.70646461287333 9.268745756204059e-12
172.81081897215603 6.285258317266428e-12
172.91517333143872 8.361133288307806e-12
173.01952769072142 8.205219937078969e-12
173.1238820500041 8.006999692974456e-12
173.22823640928684 6.142275309644293e-12
173.33259076856953 8.66901787266564e-12
173.43694512785223 8.78200362470106e-12
173.54129948713492 4.0705373350487866e-12
173.64565384641764 1.0484161610343217e-11
173.75000820570034 8.568783569339756e-12
173.85436256498303 2.934523456237283e-12
173.95871692426576 1.2639541955430719e-11
174.06307128354848 7.190661630778052e-12
174.16742564283118 3.1492515139516525e-12
174.27178000211387 1.4463813027113766e-11
174.37613436139657 5.152269177338542e-12
174.48048872067926 4.2261513576149965e-12
174.58484307996198 1.4540978922806073e-11
174.68919743924468 2.76679909620359e-12
174.79355179852737 6.082589285075262e-12
174.89790615781007 1.3296697403831885e-11
175.0022605170928 1.1152701277483843e-12
175.1066148763755 8.313826576405102e-12
175.21096923565818 1.1193453938150013e-11
175.31532359494088 4.657518538887356e-13
175.4196779542236 9.32217108176122e-12
175.5240323135063 7.789139575430135e-12
175.628386672789 7.987571109728969e-13
175.7327410320717 9.592750395457423e-12
175.8370953913544 4.805657034693387e-12
175.9414497506371 2.0195316260209005e-12
176.0458041099198 8.947125789807449e-12
176.1501584692025 2.7930229730162774e-12
176.25451282848522 3.157513335549836e-12
176.35886718776794 6.930222866934623e-12
176.46322154705064 1.7055734021417288e-12
176.56757590633333 4.03139078084833e-12
176.67193026561603 4.845768049870544e-12
176.77628462489875 1.8809703625275183e-12
176.88063898418145 4.194698317293378e-12
176.98499334346414 3.252584773007813e-12
177.08934770274684 2.900612118941982e-12
177.19370206202956 3.525202046795475e-12
177.29805642131225 2.4986772548603974e-12
177.40241078059495 4.031174152830587e-12
177.50676513987764 2.3206558827383736e-12
177.61111949916037 2.797578669848941e-12
177.71547385844306 4.638576176463548e-12
177.81982821772576 1.2038155718784919e-12
177.92418257700845 4.3445842081616655e-12
178.02853693629115 4.825214461896672e-12
178.13289129557387 7.714994143871666e-13
178.23724565485657 6.174406642745112e-12
178.34160001413926 3.96598580560938e-12
178.44595437342196 1.185154680561171e-12
178.5503087327047 7.722298387656522e-12
178.6546630919874 2.501868914012557e-12
178.7590174512701 2.848586723134356e-12
178.8633718105528 9.019046367617122e-12
178.9677261698355 1.3038216566569025e-12
179.0720805291182 4.964677320868703e-12
179.1764348884009 8.826397616789988e-12
179.2807892476836 3.6656572862767184e-13
179.3851436069663 7.194341333358131e-12
179.48949796624902 7.623234979894902e-12
179.5938523255317 2.6119507992901263e-13
179.6982066848144 9.072153209440213e-12
179.8025610440971 6.01108367935073e-12
179.90691540337983 1.033251287865016e-12
180.01126976266252 9.758215925544978e-12
180.11562412194522 4.196608818429589e-12
180.2199784812279 2.352307749978778e-12
180.32433284051064 9.372798526323285e-12
180.42868719979333 3.022162473678967e-12
180.53304155907603 3.747236190651042e-12
180.63739591835872 8.014065060946113e-12
180.74175027764144 2.851609812336395e-12
180.84610463692417 4.915701001351789e-12
180.95045899620686 6.5390916500064316e-12
181.05481335548956 3.769105105352854e-12
181.15916771477225 5.236906143474825e-12
181.26352207405498 5.359316975798369e-12
181.36787643333767 5.353144224885569e-12
181.47223079262037 4.622908118392401e-12
181.57658515190306 5.145171168666594e-12
181.68093951118578 7.332066191747391e-12
181.78529387046848 3.770876762228894e-12
181.88964822975117 6.5187172617059974e-12
181.99400258903387 8.958626063691615e-12
182.0983569483166 2.6613017404930454e-12
182.2027113075993 8.778124931548251e-12
182.30706566688198 9.474814263841823e-12
182.41142002616468 1.9703491294515e-12
182.51577438544737 1.1836031841132808e-11
182.6201287447301 9.157143028879944e-12
182.7244831040128 2.352185832997851e-12
182.82883746329549 1.4920664530863635e-11
182.93319182257818 7.931594455639997e-12
183.03754618186093 3.5168118982294943e-12
183.14190054114363 1.6776233005549396e-11
183.24625490042632 6.087193161180321e-12
183.35060925970902 5.523592111180952e-12
183.4549636189917 1.731343765627273e-11
183.55931797827444 4.4244732977436435e-12
183.66367233755713 7.920761754985962e-12
183.76802669683983 1.649251844412793e-11
183.87238105612252 3.4576081769102743e-12
183.97673541540524 9.85369626652125e-12
184.08108977468794 1.4352656100317732e-11
184.18544413397063 3.4361518447338838e-12
184.28979849325333 1.0953333046170042e-11
184.39415285253605 1.169236254815909e-11
184.49850721181875 4.287415597973098e-12
184.60286157110144 1.1033987496388424e-11
184.70721593038414 9.614703028801959e-12
184.81157028966686 5.874060777788102e-12
184.91592464894956 1.0057282128027993e-11
185.02027900823225 8.522300149559323e-12
185.12463336751495 7.46053066276842e-12
185.22898772679767 8.335136893019295e-12
185.3333420860804 8.617694130637831e-12
185.4376964453631 8.427306872287318e-12
185.54205080464578 6.721125013823029e-12
185.64640516392848 1.0299134774585233e-11
185.7507595232112 8.763736994259709e-12
185.8551138824939 5.683080526502418e-12
185.9594682417766 1.2548346113651874e-11
186.0638226010593 7.995785605219752e-12
186.168176960342 5.582394150457709e-12
186.2725313196247 1.4676273285642457e-11
186.3768856789074 6.4487730685764025e-12
186.4812400381901 6.7539846966899024e-12
186.58559439747282 1.636528002183827e-11
186.6899487567555 4.801439398510412e-12
186.7943031160382 8.591633971557898e-12
186.8986574753209 1.647781077241736e-11
187.0030118346036 3.2681696290100823e-12
187.10736619388632 1.0693326230752144e-11
187.21172055316902 1.514794152610353e-11
187.3160749124517 2.3787499979881547e-12
187.4204292717344 1.2490249391491994e-11
187.52478363101713 1.2860637827901832e-11
187.62913799029985 2.3871224044712475e-12
187.73349234958255 1.3270622251067734e-11
187.83784670886524 9.975727458244139e-12
187.94220106814797 3.1272092772775323e-12
188.04655542743066 1.2936301361934051e-11
188.15090978671336 7.375864124099225e-12
188.25526414599605 4.20052812572634e-12
188.35961850527875 1.1422934605735793e-11
188.46397286456147 5.61109907091214e-12
188.56832722384416 5.2895586024184636e-12
188.67268158312686 9.329503165410838e-12
188.77703594240955 4.983022172118085e-12
188.88139030169228 5.856112225608477e-12
188.98574466097497 7.187775565188154e-12
189.09009902025767 5.389826002642562e-12
189.19445337954036 5.6161655184344305e-12
189.2988077388231 5.537327695223486e-12
189.40316209810578 6.4942167048828135e-12
189.50751645738848 4.8571765238994226e-12
189.61187081667117 4.9862866933120645e-12
189.7162251759539 7.650857810990135e-12
189.8205795352366 3.5893541239378704e-12
189.9249338945193 5.428253587321923e-12
190.029288253802 8.303472888717597e-12
190.1336426130847 2.2598198940343988e-12
190.23799697236743 6.566962465553448e-12
190.34235133165012 8.108338786033972e-12
190.44670569093282 1.409776946003384e-12
190.5510600502155 8.003579198271913e-12
190.65541440949823 6.983737893429205e-12
190.75976876878093 1.16701328394063e-12
190.86412312806362 9.110276564536311e-12
190.96847748734632 5.264097978701129e-12
191.07283184662904 1.6369352421380915e-12
191.17718620591174 9.396435290499815e-12
191.28154056519443 3.3416888638695447e-12
191.38589492447713 2.6815927695879686e-12
191.49024928375985 8.83109211772674e-12
191.59460364304255 1.764785709457959e-12
191.69895800232524 3.81968715461249e-12
191.80331236160794 7.450026269917397e-12
191.90766672089063 8.752142634556475e-13
192.01202108017335 4.645091500808354e-12
192.11637543945605 5.5843197907622926e-12
192.22072979873877 7.362080697075443e-13
192.32508415802147 4.9409589393258665e-12
192.4294385173042 3.87945576290142e-12
192.5337928765869 1.2092354947244842e-12
192.63814723586958 4.513158941034931e-12
192.74250159515228 2.722082779293203e-12
192.84685595443497 1.9852405317382404e-12
192.9512103137177 3.610494598283539e-12
193.0555646730004 2.369936928938445e-12
193.15991903228309 2.623254956813945e-12
193.26427339156578 2.6077339246109425e-12
193.3686277508485 2.878710021782872e-12
193.4729821101312 2.8456504281262135e-12
193.5773364694139 1.8625182798069612e-12
193.6816908286966 3.882610928400689e-12
193.7860451879793 2.541838971636276e-12
193.890399547262 1.7333066663264336e-12
193.9947539065447 4.905754586133223e-12
194.0991082658274 1.8008235819318493e-12
194.20346262511012 2.396086630944799e-12
194.30781698439282 5.652562964168593e-12
194.41217134367554 1.0144965809153336e-12
194.51652570295823 3.6254771155887792e-12
194.62088006224093 5.661508537712747e-12
194.72523442152365 5.12522639992892e-13
194.82958878080635 5.155829103113773e-12
194.93394314008904 4.95345584634397e-12
195.03829749937174 6.095482039562346e-13
195.14265185865446 6.6133776416702235e-12
195.24700621793716 3.852807621807611e-12
195.35136057721985 1.3922702687194951e-12
195.45571493650255 7.430834655623184e-12
195.56006929578527 2.5892029881071752e-12
195.66442365506796 2.760952246996511e-12
195.76877801435066 7.571040271882535e-12
195.87313237363335 1.6836995315538022e-12
195.97748673291608 4.3284429790758426e-12
196.08184109219877 7.015119823959528e-12
196.18619545148147 1.4385481605617217e-12
196.29054981076416 5.615995830900156e-12
196.39490417004686 5.917362109857181e-12
196.49925852932958 1.8803860731328106e-12
196.60361288861228 6.385471284431322e-12
196.707967247895 4.853090054058874e-12
196.8123216071777 2.8313775750124253e-12
196.91667596646042 6.3342952174787684e-12
197.0210303257431 4.1733211838617334e-12
197.1253846850258 3.992935246692948e-12
197.2297390443085 5.674642331667434e-12
197.3340934035912 4.2211860898674946e-12
197.43844776287392 4.939140984560051e-12
197.54280212215662 4.796529387768709e-12
197.6471564814393 5.128367928494909e-12
197.751510840722 5.312845291089493e-12
197.85586520000473 4.081866457689559e-12
197.96021955928742 6.704342857108259e-12
198.06457391857012 5.103829212152706e-12
198.1689282778528 4.085443117459574e-12
198.27328263713554 8.546041077555987e-12
198.37763699641823 4.324396986034532e-12
198.48199135570093 4.9825123841360625e-12
198.58634571498362 1.0191181227687788e-11
198.69070007426635 3.2929986614693994e-12
198.79505443354904 6.675591848181222e-12
198.89940879283174 1.1199428808283147e-11
199.00376315211446 2.437369404199163e-12
199.10811751139715 8.816372065954882e-12
199.21247187067988 1.1240637258990485e-11
199.31682622996257 1.970474009462673e-12
199.42118058924527 1.0817435453464096e-11
199.52553494852796 1.0409953782310509e-11
199.62988930781069 2.15378908837552e-12
199.73424366709338 1.2132076750994516e-11
199.83859802637608 8.938623115975344e-12
199.94295238565877 2.959849645270296e-12
