0.0 0.0
0.10435435928270291 8.494387738240575e-12
0.20870871856540582 6.016368487794955e-10
0.3130630778481087 1.8254943255720417e-09
0.41741743713081164 3.132350845177925e-07
0.5217717964135146 3.09506459260534e-06
0.6261261556962174 0.0004137338520898689
0.7304805149789203 0.003682587765782776
0.8348348742616233 0.008866332637633942
0.9391892335443263 0.006787206206627966
1.0435435928270291 0.0011975232935824427
1.1478979521097321 2.0333886329669372e-07
1.2522523113924349 1.1558362164746316e-05
1.3566066706751378 4.284544670288978e-06
1.4609610299578406 7.571449311210829e-08
1.5653153892405436 1.281283023923762e-06
1.6696697485232466 3.6709782942850747e-07
1.7740241078059495 9.873972094659917e-08
1.8783784670886525 3.177970103483823e-07
1.9827328263713553 1.266099984903301e-07
2.0870871856540583 4.4831396529417915e-07
2.1914415449367612 2.5525602669310875e-07
2.2957959042194642 2.5269424254995728e-06
2.400150263502167 5.382842816935504e-06
2.5045046227848697 3.937200244906611e-06
2.6088589820675727 3.544042326586457e-06
2.7132133413502757 2.159647011936621e-06
2.8175677006329787 1.873562307857344e-07
2.921922059915681 7.666652686584635e-09
3.026276419198384 2.0926231773179882e-08
3.130630778481087 3.8903396147942544e-08
3.23498513776379 3.927759398306379e-08
3.339339497046493 6.009093333638538e-09
3.4436938563291957 6.081821045478524e-09
3.548048215611899 2.9130931472079107e-09
3.6524025748946016 1.0601217957632517e-07
3.756756934177305 1.5668805369010243e-07
3.8611112934600076 3.134513238047996e-07
3.9654656527427106 1.2691199926346176e-06
4.0698200120254135 2.231357548771286e-06
4.1741743713081165 3.5345824326947583e-06
4.2785287305908195 7.206807506740351e-06
4.3828830898735225 1.1570396169263213e-05
4.4872374491562255 1.678551622267505e-05
4.5915918084389284 2.7195540024072324e-05
4.6959461677216305 4.023514292410151e-05
4.800300527004334 5.474893065537793e-05
4.9046548862870365 7.783061219538279e-05
5.0090092455697395 0.00010601557527509772
5.1133636048524425 0.0001350529477734885
5.217717964135145 0.00017444930343978547
5.322072323417848 0.00022038323746462115
5.426426682700551 0.0002638837857438996
5.530781041983254 0.00031565674167415405
5.635135401265957 0.0003726348923817667
5.73948976054866 0.0004206709131154553
5.843844119831362 0.00047031221802704197
5.948198479114066 0.0005211298317798097
6.052552838396768 0.0005554463096620028
6.156907197679472 0.0005827458520547128
6.261261556962174 0.0006070901088344188
6.365615916244878 0.0006105228041504103
6.46997027552758 0.0006011174373633465
6.574324634810284 0.0005880483840772005
6.678678994092986 0.0005562676626926222
6.783033353375689 0.0005120514734373504
6.887387712658391 0.0004681114245195792
6.991742071941095 0.0004138340187647556
7.096096431223798 0.0003530205879884975
7.200450790506501 0.00029854019963416204
7.304805149789203 0.0002436737264025026
7.409159509071906 0.00018927186894979927
7.51351386835461 0.00014506411928982184
7.617868227637313 0.00010674962742932733
7.722222586920015 7.273624630166793e-05
7.826576946202718 4.823561399792799e-05
7.930931305485421 3.0276327665876927e-05
8.035285664768125 1.6365240424139124e-05
8.139640024050827 8.101806840150414e-06
8.24399438333353 3.5340147770800096e-06
8.348348742616233 8.823619559540865e-07
8.452703101898935 5.7032191016884486e-08
8.557057461181639 3.8944020144898175e-08
8.661411820464341 3.723553180993442e-07
8.765766179747045 7.292387084962405e-07
8.870120539029747 7.286595335178719e-07
8.974474898312451 7.463861244878295e-07
9.078829257595153 6.515287804436064e-07
9.183183616877857 3.1162115874414973e-07
9.287537976160559 1.300522398260401e-07
9.391892335443261 4.035845745233693e-08
9.496246694725965 9.132373241647378e-09
9.600601054008669 9.859532804655123e-08
9.704955413291371 1.7143151622742772e-07
9.809309772574073 3.6988016615484196e-07
9.913664131856777 5.363338208495293e-07
10.018018491139479 4.817512547933333e-07
10.122372850422183 5.386538802304446e-07
10.226727209704885 5.484589422731377e-07
10.331081568987589 3.343547365456248e-07
10.43543592827029 2.4689996961053326e-07
10.539790287552993 1.9157957232511923e-07
10.644144646835697 5.1961616774793136e-08
10.7484990061184 1.124892494334763e-08
10.852853365401103 4.197019748365877e-09
10.957207724683805 1.3715156922582417e-08
11.061562083966509 4.036238887919272e-08
11.165916443249213 3.160771960261103e-08
11.270270802531915 6.475350896448377e-08
11.374625161814617 7.262092922829499e-08
11.47897952109732 2.7583372406586785e-08
11.583333880380025 2.188887804137574e-08
11.687688239662725 1.2080556238885785e-08
11.792042598945429 4.611480790980239e-09
11.896396958228133 1.5181783041743203e-08
12.000751317510835 2.7651400966044755e-08
12.105105676793537 9.06826815311046e-08
12.20946003607624 1.3750548096407197e-07
12.313814395358945 1.4081553793162644e-07
12.418168754641647 1.9928514042465778e-07
12.522523113924349 2.3209650733057608e-07
12.626877473207053 1.7837471187618644e-07
12.731231832489756 1.7012303516136262e-07
12.835586191772459 1.6995439799923286e-07
12.93994055105516 9.523552054761864e-08
13.044294910337864 5.987427623185211e-08
13.148649269620568 5.7083715868020354e-08
13.253003628903269 2.0546345563708812e-08
13.357357988185973 8.59477283530521e-09
13.461712347468676 7.993682372201858e-09
13.566066706751378 1.1121754262459819e-08
13.67042106603408 1.8507193883168213e-08
13.774775425316783 5.358913180846243e-09
13.879129784599488 1.2693526486841963e-08
13.98348414388219 1.4277631471735864e-08
14.087838503164894 9.592079930373495e-09
14.192192862447596 1.7107507152780287e-08
14.296547221730298 9.031573943321656e-09
14.400901581013002 3.972501460389602e-08
14.505255940295704 5.31792087413531e-08
14.609610299578407 3.619814447925667e-08
14.71396465886111 1.0195219998016e-07
14.818319018143812 1.0865380436708743e-07
14.922673377426518 6.07991077192521e-08
15.02702773670922 9.5184397403964e-08
15.131382095991922 7.326483340091789e-08
15.235736455274626 2.4313475771188846e-08
15.340090814557328 3.472174030492682e-08
15.44444517384003 2.2024081022441256e-08
15.548799533122734 5.124003814621051e-09
15.653153892405436 1.5864911477329246e-08
15.757508251688138 2.0440707751259633e-08
15.861862610970842 3.699962492033265e-08
15.966216970253544 6.022853072098008e-08
16.07057132953625 5.3608258099616635e-08
16.174925688818952 4.4137078999287244e-08
16.279280048101654 4.0818220698751154e-08
16.38363440738436 1.9713289191136266e-08
16.48798876666706 1.2062015303867085e-08
16.59234312594976 4.252656075286525e-08
16.696697485232466 1.4771896989326644e-08
16.801051844515168 7.128235447786562e-09
16.90540620379787 6.286827082711605e-10
17.009760563080576 1.979767717661399e-08
17.114114922363278 4.9051491536091276e-08
17.21846928164598 1.3717481953377974e-08
17.322823640928682 6.948218191828438e-09
17.427178000211384 3.6959864538615206e-08
17.53153235949409 6.397976976971733e-11
17.635886718776792 8.26165316184593e-09
17.740241078059494 1.0089201077187738e-08
17.8445954373422 2.055705632053214e-08
17.948949796624902 4.303710664359569e-08
18.053304155907604 1.4108015636702465e-08
18.157658515190306 1.3307516276823527e-07
18.262012874473008 1.8196738019678307e-07
18.366367233755714 1.0238852784512212e-07
18.470721593038416 1.5996162939565459e-07
18.575075952321118 6.073577444470708e-08
18.679430311603824 1.402103469169194e-07
18.783784670886522 2.734244994990431e-07
18.888139030169224 1.4239260976066476e-07
18.99249338945193 2.9420595286228734e-08
19.096847748734632 7.471248532985152e-08
19.201202108017338 1.3659856336592866e-07
19.30555646730004 3.280610077588447e-07
19.409910826582742 3.445737005832661e-08
19.514265185865444 4.5134273182939976e-08
19.618619545148146 1.1468465229682734e-07
19.722973904430848 3.7517067217724336e-08
19.827328263713554 1.7391438090947988e-07
19.931682622996256 1.879239348041507e-07
20.036036982278958 8.120278697157046e-07
20.140391341561664 1.6312024043473714e-06
20.244745700844366 3.0800073294395364e-06
20.349100060127068 2.3395158109388778e-06
20.45345441940977 3.4193185993435776e-06
20.557808778692472 1.1573171942249497e-06
20.662163137975178 1.1586080772632023e-06
20.76651749725788 5.683845678151282e-07
20.87087185654058 1.1167774304777476e-07
20.975226215823287 3.8297606755717174e-07
21.079580575105986 6.508029271980898e-07
21.18393493438869 3.830590545574234e-07
21.288289293671394 2.3051220836172476e-08
21.392643652954096 1.3922840750893371e-08
21.4969980122368 1.2022302942233537e-07
21.601352371519503 2.842186089269268e-07
21.705706730802206 5.007076866158918e-07
21.810061090084908 4.362775258124191e-07
21.91441544936761 5.404991752148287e-07
22.018769808650312 6.743763754092975e-07
22.123124167933018 5.743033794940165e-07
22.22747852721572 2.2339169926395208e-07
22.331832886498425 3.5889694310013554e-07
22.436187245781127 3.829737233811747e-07
22.54054160506383 1.98437118506877e-07
22.64489596434653 6.900721134447455e-10
22.749250323629234 1.296878928387026e-07
22.853604682911936 4.501221270318713e-07
22.95795904219464 3.7735751557077127e-07
23.062313401477343 1.9608356861948686e-07
23.16666776076005 1.2565124193056391e-07
23.27102212004275 6.848179477283665e-07
23.37537647932545 1.380808599471727e-06
23.479730838608155 1.3027746313148955e-06
23.584085197890857 9.858529010829015e-07
23.68843955717356 5.085355931771838e-07
23.792793916456265 1.6566325496416152e-07
23.897148275738967 7.91927020440505e-09
24.00150263502167 1.5364752907928005e-07
24.10585699430437 6.376468704050085e-07
24.210211353587074 1.1579981678984972e-06
24.31456571286978 1.2404609325728403e-06
24.41892007215248 8.308640286997283e-07
24.523274431435183 5.041063988397054e-07
24.62762879071789 3.7735970415374667e-07
24.73198315000059 4.2095776242962434e-07
24.836337509283293 4.123511666911418e-07
24.940691868565995 1.794178078417621e-07
25.045046227848697 1.0053652320355235e-07
25.1494005871314 9.897706636543914e-08
25.253754946414105 1.113192889413513e-07
25.358109305696807 1.2606786899907222e-07
25.462463664979513 2.5022979774951774e-07
25.566818024262215 3.253057600704814e-07
25.671172383544917 2.779062184377658e-07
25.77552674282762 9.373890154073095e-08
25.87988110211032 3.330631249974802e-08
25.984235461393023 3.527056351283247e-08
26.08858982067573 1.1536115072790959e-07
26.19294417995843 1.517964257845533e-07
26.297298539241137 1.4143083780168331e-07
26.401652898523835 7.958408351914672e-08
26.506007257806537 6.96374205858704e-08
26.610361617089243 4.740612121375811e-08
26.714715976371945 1.1571303975086479e-08
26.819070335654647 3.582875644118137e-08
26.923424694937353 1.0026276501838489e-07
27.027779054220055 2.002749241124423e-07
27.132133413502757 2.8753814601558434e-07
27.23648777278546 4.5171867703535287e-07
27.34084213206816 5.168190840223538e-07
27.445196491350863 6.441401683318154e-07
27.549550850633565 7.59564526215836e-07
27.653905209916275 8.68968033058025e-07
27.758259569198977 6.629488328896276e-07
27.86261392848168 4.913742091003683e-07
27.96696828776438 3.7340136322031874e-07
28.07132264704708 2.970090347901329e-07
28.17567700632979 1.459660690905296e-07
28.28003136561249 4.399801346596325e-08
28.384385724895193 8.440888568109201e-10
28.488740084177895 4.558572155891011e-08
28.593094443460597 1.720316295726053e-07
28.6974488027433 3.4452942145253947e-07
28.801803162026005 5.569632773173057e-07
28.906157521308707 5.547731864408423e-07
29.01051188059141 5.033915702906449e-07
29.11486623987411 4.805806303234992e-07
29.219220599156813 5.61877811530327e-07
29.323574958439522 5.289415006199259e-07
29.42792931772222 3.9545346949385165e-07
29.532283677004923 1.6570323380552644e-07
29.636638036287625 5.121156831640743e-08
29.740992395570327 1.4104793826379951e-08
29.845346754853036 4.925140213760914e-09
29.94970111413574 4.512010913619158e-09
30.05405547341844 4.917569032316932e-09
30.158409832701143 1.579905814835342e-08
30.262764191983845 3.6656908411829946e-08
30.367118551266543 6.637796385425137e-08
30.471472910549252 7.318354366190942e-08
30.575827269831954 6.359926865038254e-08
30.680181629114657 4.342547798865858e-08
30.78453598839736 3.7242437479730166e-08
30.88889034768006 3.4270726156953215e-08
30.993244706962766 4.1655991210572496e-08
31.09759906624547 5.4896776307969506e-08
31.20195342552817 4.9976099695939275e-08
31.306307784810873 3.442853433103377e-08
31.410662144093575 3.2901874074420585e-08
31.515016503376277 2.4866499532664798e-08
31.619370862658986 1.8245816683984734e-08
31.723725221941685 9.3709429053792e-09
31.828079581224387 1.7827798744632452e-08
31.93243394050709 3.4445698692837884e-08
32.03678829978979 4.612971372807883e-08
32.1411426590725 2.688729750410048e-08
32.2454970183552 2.1044163361491347e-08
32.349851377637904 2.211038970923236e-08
32.454205736920606 2.8068173264362555e-08
32.55856009620331 2.6549326873728878e-08
32.66291445548601 1.2919252439469906e-08
32.76726881476872 3.5581161034747956e-09
32.87162317405142 1.6414086338132614e-09
32.97597753333412 3.0736021670091777e-09
33.08033189261682 4.516201509820128e-09
33.18468625189952 4.355943444833227e-09
33.28904061118223 3.781403603712988e-09
33.39339497046493 2.099364827078837e-09
33.497749329747634 1.5335113147063101e-09
33.602103689030336 7.723794754196837e-11
33.70645804831304 4.0188854559459746e-10
33.81081240759574 9.962338826016426e-10
33.91516676687845 1.132890829262983e-09
34.01952112616115 1.3645491828648065e-09
34.123875485443854 2.3637789343280086e-09
34.228229844726556 7.050060759740214e-09
34.33258420400926 8.808518545645153e-09
34.43693856329196 9.865439755898353e-09
34.54129292257466 5.447603894024573e-09
34.645647281857364 4.5231678461537805e-09
34.75000164114007 2.4534996235032694e-09
34.85435600042277 5.054337450640993e-10
34.95871035970548 1.4689401396148352e-09
35.06306471898818 2.458334397415937e-09
35.16741907827088 6.069835877663906e-09
35.271773437553584 4.953551123573646e-09
35.376127796836286 2.3518650091192123e-09
35.48048215611899 4.162204255045954e-10
35.5848365154017 2.637442588201755e-09
35.6891908746844 7.894769322135406e-09
35.7935452339671 1.1124902656598119e-08
35.897899593249804 1.1455049536731754e-08
36.002253952532506 9.659631182507579e-09
36.10660831181521 1.317426024529806e-08
36.21096267109791 1.1764799373254101e-08
36.31531703038061 1.0540443692794287e-08
36.419671389663314 8.365431149602318e-09
36.524025748946016 6.524512175956558e-09
36.62838010822872 7.719343937362607e-09
36.73273446751143 4.9592746017621435e-09
36.83708882679413 3.567510686936764e-09
36.94144318607683 1.7816665963037902e-09
37.045797545359534 2.2291485020034896e-09
37.150151904642236 2.6481703424615293e-09
37.254506263924945 2.2298560424262123e-09
37.35886062320765 3.4630709439147387e-09
37.46321498249035 5.952491789016285e-09
37.567569341773044 9.285244721363106e-09
37.671923701055746 1.0131516786078518e-08
37.77627806033845 1.250643092823609e-08
37.88063241962116 8.020880856742841e-09
37.98498677890386 4.082430217507013e-09
38.08934113818656 1.9903205308033676e-09
38.193695497469264 7.450491688977571e-10
38.298049856751966 9.960966412513216e-10
38.402404216034675 5.231302616511463e-10
38.50675857531738 9.885122415162886e-10
38.61111293460008 1.386181164321679e-09
38.71546729388278 6.895388602920957e-10
38.819821653165484 5.387067667386228e-10
38.924176012448186 4.1646240186936203e-10
39.02853037173089 2.0880347910592e-09
39.13288473101359 4.15092042077437e-09
39.23723909029629 8.85739558179826e-09
39.341593449578994 1.0605793106130266e-08
39.445947808861696 1.2980634182806847e-08
39.550302168144405 1.2410959229341828e-08
39.65465652742711 1.1962112469462622e-08
39.75901088670981 1.2673329698432266e-08
39.86336524599251 8.908702148086416e-09
39.967719605275214 5.566474432114858e-09
40.072073964557916 1.7581493368860196e-09
40.176428323840625 1.4385880215376818e-09
40.28078268312333 1.6760452953432426e-09
40.38513704240603 1.8398698621836972e-09
40.48949140168873 7.211545717737252e-10
40.59384576097143 6.438412234252776e-12
40.698200120254135 1.7343875343149857e-12
40.80255447953684 4.559411309307139e-10
40.90690883881954 2.3044007023226345e-09
41.01126319810224 1.9800656818782517e-09
41.115617557384944 2.2302252700217465e-09
41.21997191666765 3.1548460605807606e-09
41.324326275950355 3.3125970037186825e-09
41.42868063523306 2.569657720468489e-09
41.53303499451576 1.5009895670917876e-09
41.63738935379846 3.074026711026555e-09
41.74174371308116 4.06012075379625e-09
41.84609807236387 4.419215147937806e-09
41.950452431646575 3.0460106816047333e-09
42.05480679092928 2.881653122553526e-09
42.15916115021197 4.412875771322599e-09
42.263515509494674 4.3905768374461745e-09
42.36786986877738 4.3618271527503134e-09
42.472224228060085 3.0068615440995124e-09
42.57657858734279 3.735812488405686e-09
42.68093294662549 3.828064684787809e-09
42.78528730590819 4.967703829508328e-09
42.889641665190894 6.326499378146734e-09
42.9939960244736 8.144851695678714e-09
43.098350383756305 9.048459253883341e-09
43.20270474303901 5.71901491094708e-09
43.30705910232171 4.931658317895984e-09
43.41141346160441 5.084229431689254e-09
43.51576782088712 6.6772006528211486e-09
43.620122180169815 6.360922863646904e-09
43.72447653945252 5.4244170761353075e-09
43.82883089873522 7.159669237681729e-09
43.93318525801792 6.107369472042698e-09
44.037539617300624 4.418543362135496e-09
44.14189397658333 2.772125280558351e-09
44.246248335866035 2.3892399464231133e-09
44.35060269514874 3.0684860042909146e-09
44.45495705443144 2.6988728814103647e-09
44.55931141371414 2.0573340084515897e-09
44.66366577299685 1.1933992163852483e-09
44.76802013227955 2.3091248239331945e-09
44.872374491562255 3.4884498931731682e-09
44.97672885084496 4.068664850866152e-09
45.08108321012766 2.7942614544747777e-09
45.18543756941036 2.772239485159021e-09
45.28979192869306 4.1609573104826685e-09
45.394146287975765 4.1515684209238515e-09
45.49850064725847 4.063970111025259e-09
45.60285500654117 3.6048353379771472e-09
45.70720936582387 4.587568730671578e-09
45.81156372510658 4.3477744122087585e-09
45.91591808438928 2.9602984187063853e-09
46.020272443671985 2.47353168090496e-09
46.12462680295469 1.4938044927918176e-09
46.22898116223739 2.0015450707062072e-09
46.3333355215201 2.1403491708467626e-09
46.4376898808028 2.8395539035418312e-09
46.5420442400855 2.7627207558201673e-09
46.646398599368204 2.382242305365373e-09
46.7507529586509 2.29942256485965e-09
46.8551073179336 2.2120447214188593e-09
46.95946167721631 3.1732092979450925e-09
47.06381603649901 3.0840267577806974e-09
47.168170395781715 3.4169325782661893e-09
47.27252475506442 3.0293806930056498e-09
47.37687911434712 4.038747248306207e-09
47.48123347362983 5.081829569135331e-09
47.58558783291253 4.622366136149496e-09
47.68994219219523 4.727625613468982e-09
47.794296551477935 4.8770337437637195e-09
47.89865091076064 5.450623613160539e-09
48.00300527004334 3.893541784643097e-09
48.10735962932605 2.669174657681828e-09
48.21171398860874 3.1349498350002833e-09
48.316068347891445 3.73301738240157e-09
48.42042270717415 4.280845799187767e-09
48.52477706645685 2.6800459853614385e-09
48.62913142573956 2.026095620339212e-09
48.73348578502226 1.5598786535313972e-09
48.83784014430496 1.5167711225300917e-09
48.942194503587665 1.74791956261853e-09
49.04654886287037 1.8622836514661165e-09
49.15090322215307 2.564939935200571e-09
49.25525758143578 3.1377190008078733e-09
49.35961194071848 4.20737038471589e-09
49.46396630000118 3.841864574882067e-09
49.568320659283884 4.197620759605816e-09
49.672675018566586 4.8375542799392805e-09
49.77702937784929 5.121404670191839e-09
49.88138373713199 5.633643455880406e-09
49.98573809641469 4.7794583068499925e-09
50.090092455697395 4.442994511506676e-09
50.1944468149801 3.52399230278817e-09
50.2988011742628 3.4091109891919013e-09
50.40315553354551 3.6203056205382557e-09
50.50750989282821 2.868145329891983e-09
50.61186425211091 2.1546616954896337e-09
50.716218611393614 1.2179840466636675e-09
50.82057297067632 1.5297304288440623e-09
50.924927329959026 1.8142443351015673e-09
51.02928168924173 2.3741248410546e-09
51.13363604852443 2.4433265794123487e-09
51.23799040780713 2.6325947495694212e-09
51.342344767089834 3.3638917743441068e-09
51.446699126372536 2.9415576002601892e-09
51.55105348565524 2.845094028557091e-09
51.65540784493794 2.7382407739941964e-09
51.75976220422064 3.863893730826645e-09
51.864116563503345 4.805745334958361e-09
51.96847092278605 4.3071492686972975e-09
52.072825282068756 3.992614628780697e-09
52.17717964135146 3.702924667446551e-09
52.28153400063416 4.829174819230932e-09
52.38588835991686 4.904726993690215e-09
52.490242719199564 4.5553965454445955e-09
52.59459707848227 3.926070171506895e-09
52.698951437764975 3.4462739025814863e-09
52.80330579704767 3.550887949800054e-09
52.90766015633037 2.8629749546128695e-09
53.012014515613075 2.874713419346206e-09
53.11636887489578 2.5983749143924636e-09
53.220723234178486 2.7258356337020426e-09
53.32507759346119 2.3992912294237353e-09
53.42943195274389 1.384907911965446e-09
53.53378631202659 1.028404702245161e-09
53.638140671309294 9.103274511505068e-10
53.742495030592 1.5667977544359975e-09
53.846849389874706 1.8753477788074618e-09
53.95120374915741 2.2518996435180026e-09
54.05555810844011 2.6491488035356476e-09
54.15991246772281 3.309643124388166e-09
54.264266827005514 4.5309414200758295e-09
54.368621186288216 4.823050407813801e-09
54.47297554557092 5.673151861297603e-09
54.57732990485362 5.890259587935408e-09
54.68168426413632 6.076685449177808e-09
54.786038623419024 5.337348346686131e-09
54.89039298270173 3.978179582048673e-09
54.99474734198443 3.785616761263533e-09
55.09910170126713 3.460862565918378e-09
55.20345606054985 3.423658036302258e-09
55.30781041983255 2.4869320616666787e-09
55.41216477911525 1.751005556500478e-09
55.51651913839795 1.4236484602038331e-09
55.620873497680655 1.1878958957077965e-09
55.72522785696336 1.349364274310547e-09
55.82958221624606 1.4399926383754062e-09
55.93393657552876 2.2414301458806065e-09
56.03829093481146 2.5740694915444413e-09
56.14264529409416 2.7627526778475012e-09
56.24699965337686 2.9563150627730513e-09
56.35135401265958 3.116516338627025e-09
56.45570837194228 3.785601586751921e-09
56.56006273122498 3.6838900538886482e-09
56.66441709050768 4.066132164488631e-09
56.768771449790385 4.029901778431765e-09
56.87312580907309 3.644262863257353e-09
56.97748016835579 3.2505761038464024e-09
57.08183452763849 2.9701366210690744e-09
57.186188886921194 3.6459022388398325e-09
57.290543246203896 3.655362519138801e-09
57.3948976054866 3.5673820670659855e-09
57.49925196476931 3.0056302785830844e-09
57.60360632405201 3.126944714740882e-09
57.70796068333471 3.5617710170528884e-09
57.81231504261741 3.2147353828198783e-09
57.916669401900116 3.14771368399332e-09
58.02102376118282 3.066714390978958e-09
58.12537812046552 3.555642616173839e-09
58.22973247974822 3.077317272108139e-09
58.334086839030924 2.2465348278776104e-09
58.438441198313626 2.2072227448624406e-09
58.54279555759633 2.4081918846204115e-09
58.647149916879044 2.741982631931978e-09
58.75150427616175 2.1027075854726386e-09
58.85585863544444 1.905771526417201e-09
58.960212994727144 2.1017341607330064e-09
59.064567354009846 2.648614322414014e-09
59.16892171329255 3.2199181013154066e-09
59.27327607257525 3.5022571298360583e-09
59.37763043185795 4.456487015127537e-09
59.481984791140654 4.481059951138469e-09
59.586339150423356 4.145453396722933e-09
59.69069350970607 3.7176696068589377e-09
59.795047868988775 3.748594180894605e-09
59.89940222827148 4.129257276347587e-09
60.00375658755418 3.6487397948911455e-09
60.10811094683688 3.6047269894915948e-09
60.21246530611958 3.3625582776491728e-09
60.316819665402285 2.840482232828236e-09
60.42117402468499 2.1203076933175418e-09
60.52552838396769 1.8300054823900607e-09
60.629882743250384 2.5504914073236226e-09
60.734237102533086 2.9730322682130136e-09
60.8385914618158 2.9575398595263447e-09
60.942945821098505 2.2934482732312625e-09
61.04730018038121 2.3789247091279064e-09
61.15165453966391 2.8890501611272664e-09
61.25600889894661 3.0332799301860023e-09
61.36036325822931 3.216204705434618e-09
61.464717617512015 3.3805112142288514e-09
61.56907197679472 4.2016320477867214e-09
61.67342633607742 3.851275458612418e-09
61.77778069536012 2.93729583080195e-09
61.88213505464282 2.6178479135261076e-09
61.98648941392553 2.784928078534164e-09
62.090843773208235 3.3289634459362506e-09
62.19519813249094 2.9909880492319885e-09
62.29955249177364 2.9381918565888827e-09
62.40390685105634 2.9674332892225746e-09
62.50826121033904 2.943257930657392e-09
62.612615569621745 2.889816544433059e-09
62.71696992890445 2.799384122871351e-09
62.82132428818715 3.4182429763585032e-09
62.92567864746985 3.5073523976585084e-09
63.030033006752554 3.4451563406845415e-09
63.13438736603527 3.260934603003885e-09
63.23874172531797 3.2510447174168865e-09
63.343096084600674 3.3716559856159664e-09
63.44745044388337 2.9792269657248905e-09
63.55180480316607 3.141714619064258e-09
63.65615916244877 3.1888381579083642e-09
63.760513521731475 2.9564144353994816e-09
63.86486788101418 2.2828442790397115e-09
63.96922224029688 1.7923069735452286e-09
64.07357659957958 2.086266583666425e-09
64.17793095886229 2.3048980309054686e-09
64.282285318145 2.5980468050800362e-09
64.3866396774277 2.554355266296824e-09
64.4909940367104 3.1239079636588935e-09
64.5953483959931 3.849028608132211e-09
64.69970275527581 3.90736101193792e-09
64.8040571145585 3.994586722756677e-09
64.90841147384121 4.1367335613077405e-09
65.01276583312391 4.725809283903021e-09
65.11712019240662 4.316624647985999e-09
65.22147455168931 3.460827399509703e-09
65.32582891097202 3.1515796306413195e-09
65.43018327025473 2.9961837396388252e-09
65.53453762953744 3.189337181169716e-09
65.63889198882013 2.9627793581438162e-09
65.74324634810284 3.081865319714521e-09
65.84760070738554 3.201160520198918e-09
65.95195506666823 2.9541585553465836e-09
66.05630942595094 2.6749732623009273e-09
66.16066378523364 2.3254075593808582e-09
66.26501814451635 2.626608354462152e-09
66.36937250379904 2.808049260540852e-09
66.47372686308175 3.0210324493693966e-09
66.57808122236446 3.087202651727573e-09
66.68243558164717 2.9455032511095325e-09
66.78678994092986 2.9316256364586063e-09
66.89114430021257 2.6437217869503815e-09
66.99549865949527 2.817649325444665e-09
67.09985301877798 2.8694101997832712e-09
67.20420737806067 2.769531818954719e-09
67.30856173734338 2.517869996973113e-09
67.41291609662608 2.126542125972202e-09
67.51727045590879 2.150463624606079e-09
67.62162481519148 2.12042815198126e-09
67.72597917447419 2.54009607794455e-09
67.8303335337569 3.040297417711916e-09
67.9346878930396 3.7235930703841817e-09
68.0390422523223 4.2259586206151715e-09
68.143396611605 3.9855236824129685e-09
68.24775097088771 3.989850014682319e-09
68.3521053301704 3.993692317415175e-09
68.45645968945311 4.3798439941980006e-09
68.5608140487358 4.569713704718695e-09
68.66516840801852 4.481508898300657e-09
68.76952276730121 4.670728020682783e-09
68.87387712658392 4.422447688873692e-09
68.97823148586663 4.145546536903242e-09
69.08258584514932 3.5408548713913647e-09
69.18694020443203 3.2044259234558538e-09
69.29129456371473 3.2399349532534795e-09
69.39564892299744 3.002129402648045e-09
69.50000328228013 2.797852774492049e-09
69.60435764156284 2.3416202542543567e-09
69.70871200084554 2.329156040470894e-09
69.81306636012825 2.5167050558063846e-09
69.91742071941096 2.7619321036763476e-09
70.02177507869366 3.079455465295723e-09
70.12612943797636 3.1788892074485994e-09
70.23048379725907 3.510645043234974e-09
70.33483815654176 3.2539600635990414e-09
70.43919251582446 2.734306163580163e-09
70.54354687510717 2.287648213786306e-09
70.64790123438986 1.9442657544787072e-09
70.75225559367257 1.8808548358772646e-09
70.85660995295527 1.6088522304218996e-09
70.96096431223798 1.6100044756124468e-09
71.06531867152069 1.6999615143577576e-09
71.1696730308034 2.030837034346645e-09
71.27402739008609 2.4284470180114737e-09
71.3783817493688 2.7131587553098843e-09
71.4827361086515 3.257209476050997e-09
71.5870904679342 3.4728838686884726e-09
71.6914448272169 3.6911715412235114e-09
71.79579918649961 3.741550891125896e-09
71.9001535457823 3.9311457307421905e-09
72.00450790506501 4.321117808150175e-09
72.1088622643477 4.377660768599239e-09
72.21321662363042 4.771480496776119e-09
72.31757098291313 4.9807610806143375e-09
72.42192534219582 4.98953515284092e-09
72.52627970147853 4.669686444272194e-09
72.63063406076122 4.306612552054424e-09
72.73498842004393 4.489606763543384e-09
72.83934277932663 4.253625704191442e-09
72.94369713860934 3.963523705544626e-09
73.04805149789203 3.769916835021566e-09
73.15240585717474 3.938075480012149e-09
73.25676021645744 4.2456359824734e-09
73.36111457574015 4.0545703287971905e-09
73.46546893502286 4.330513906537178e-09
73.56982329430555 4.876818999369287e-09
73.67417765358826 5.297999511820402e-09
73.77853201287095 4.96405561032922e-09
73.88288637215366 4.297430483055141e-09
73.98724073143636 4.212185590154838e-09
74.09159509071907 3.713601535656196e-09
74.19594945000176 3.0511302386799594e-09
74.30030380928447 2.5650392566618383e-09
74.40465816856717 2.4483387859364356e-09
74.50901252784989 2.4607787088721654e-09
74.61336688713259 1.988567412234176e-09
74.7177212464153 1.7273936812814056e-09
74.82207560569799 1.6389847899200667e-09
74.9264299649807 1.6943553532878867e-09
75.0307843242634 1.6364919285153664e-09
75.13513868354609 1.4892298233583182e-09
75.2394930428288 1.639929694030181e-09
75.34384740211149 1.6600914801737023e-09
75.4482017613942 1.6954717157341907e-09
75.5525561206769 1.68998407113442e-09
75.65691047995962 1.998704213628358e-09
75.76126483924232 2.4300379999548994e-09
75.86561919852502 2.433357592855344e-09
75.96997355780772 2.4625869697496664e-09
76.07432791709043 2.436264614414611e-09
76.17868227637312 2.395942432404429e-09
76.28303663565583 2.0818663838250134e-09
76.38739099493853 1.88854809091039e-09
76.49174535422124 2.2520797087120336e-09
76.59609971350393 2.63614553464595e-09
76.70045407278664 2.9872949723902496e-09
76.80480843206935 3.167525542791783e-09
76.90916279135205 3.921128264800862e-09
77.01351715063475 4.87561575296282e-09
77.11787150991745 5.1613863533243534e-09
77.22222586920016 5.469618043800371e-09
77.32658022848285 5.984225478301337e-09
77.43093458776556 6.552873166411696e-09
77.53528894704826 6.219568560979858e-09
77.63964330633097 5.655621725364183e-09
77.74399766561366 5.938293618613848e-09
77.84835202489637 6.102058801434291e-09
77.95270638417908 6.06040478868984e-09
78.05706074346178 5.896066540715258e-09
78.16141510274448 6.279178157730339e-09
78.26576946202718 6.781202435264735e-09
78.37012382130989 6.4481665640287386e-09
78.47447818059258 6.342310871626514e-09
78.5788325398753 6.5155173542731e-09
78.68318689915799 6.801831752814809e-09
78.7875412584407 6.73732716047899e-09
78.89189561772339 6.5521799742608045e-09
78.9962499770061 7.004098395937295e-09
79.10060433628881 7.116925223340233e-09
79.20495869557152 7.132931996848063e-09
79.30931305485421 7.33488442621798e-09
79.41366741413692 7.764835899841153e-09
79.51802177341962 8.114957139729253e-09
79.62237613270231 7.73091797360761e-09
79.72673049198502 7.65249987071634e-09
79.83108485126772 7.422306171568188e-09
79.93543921055043 6.604008413349045e-09
80.03979356983312 5.827687407817973e-09
80.14414792911583 5.2946466232786585e-09
80.24850228839854 5.214929125979958e-09
80.35285664768125 4.788516134983833e-09
80.45721100696395 4.4346744657425525e-09
80.56156536624665 4.613657648745607e-09
80.66591972552935 4.799758003076467e-09
80.77027408481206 4.881521938560158e-09
80.87462844409475 4.699747788633991e-09
80.97898280337746 5.024439040439527e-09
81.08333716266016 5.40008570398462e-09
81.18769152194287 5.08190406437977e-09
81.29204588122558 4.710146026156697e-09
81.39640024050827 4.404572329761706e-09
81.50075459979098 4.189981460880832e-09
81.60510895907368 3.6421502805631647e-09
81.70946331835638 3.1064767048123714e-09
81.81381767763908 3.094629132874087e-09
81.91817203692179 3.0168145050690863e-09
82.02252639620448 2.855120614291406e-09
82.12688075548719 2.571996402228504e-09
82.23123511476989 2.4263448644081756e-09
82.3355894740526 2.3631338097404693e-09
82.4399438333353 2.0383704550866066e-09
82.544298192618 1.876659846853419e-09
82.64865255190071 1.7754111294001055e-09
82.7530069111834 1.7218100268701798e-09
82.85736127046611 1.6399899740315107e-09
82.96171562974881 1.4913334445065138e-09
83.06606998903152 1.5340970860040482e-09
83.17042434831421 1.5051413563882547e-09
83.27477870759692 1.5396798429418096e-09
83.37913306687962 1.6181035064418137e-09
83.48348742616233 1.637682247380483e-09
83.58784178544504 1.6406552558047273e-09
83.69219614472775 1.435619155241487e-09
83.79655050401044 1.2687176679883283e-09
83.90090486329315 1.0450163476633325e-09
84.00525922257584 7.258412244608363e-10
84.10961358185855 5.340094546618493e-10
84.21396794114125 3.8608807790423476e-10
84.31832230042394 3.4337035356711773e-10
84.42267665970665 3.055968624579552e-10
84.52703101898935 3.021942143070579e-10
84.63138537827206 3.779363635826616e-10
84.73573973755477 4.6113130022262273e-10
84.84009409683748 5.779618504031867e-10
84.94444845612017 5.889571078311275e-10
85.04880281540288 6.365015110404449e-10
85.15315717468557 6.995341816128063e-10
85.25751153396828 6.08165081737512e-10
85.36186589325098 4.941785313223649e-10
85.46622025253369 3.7078555269053207e-10
85.57057461181638 2.8796003123086247e-10
85.67492897109909 2.0430481055637872e-10
85.77928333038179 1.0650295178370908e-10
85.8836376896645 8.783276713232073e-11
85.9879920489472 8.360430489686537e-11
86.0923464082299 9.346934680889966e-11
86.19670076751261 7.785852834707999e-11
86.3010551267953 6.202448393705312e-11
86.40540948607801 8.641419501944982e-11
86.50976384536071 9.101425235372738e-11
86.61411820464342 9.021655887573626e-11
86.71847256392611 6.729414815856303e-11
86.82282692320882 7.034947320971127e-11
86.92718128249152 8.521226646132816e-11
87.03153564177424 6.514462882239061e-11
87.13589000105694 6.952239801111796e-11
87.24024436033963 8.603160624670651e-11
87.34459871962234 1.2374396776914712e-10
87.44895307890503 1.350409776973961e-10
87.55330743818774 1.2040276844582762e-10
87.65766179747044 1.457598113168187e-10
87.76201615675315 1.2238047697140882e-10
87.86637051603584 7.891625644428388e-11
87.97072487531855 7.212390128328841e-11
88.07507923460125 4.3954096485225265e-11
88.17943359388397 1.9731758696431892e-11
88.28378795316667 2.6092982044364278e-11
88.38814231244938 2.436515116495804e-11
88.49249667173207 2.896301175850097e-11
88.59685103101478 7.559057185680779e-11
88.70120539029747 9.131711207617081e-11
88.80555974958018 1.0173788773082485e-10
88.90991410886288 1.7505811989600097e-10
89.01426846814557 1.822037932931298e-10
89.11862282742828 1.5325091620170592e-10
89.22297718671098 1.9281987643559025e-10
89.3273315459937 1.8235328311470447e-10
89.4316859052764 1.2165209837598605e-10
89.5360402645591 1.174102128370225e-10
89.6403946238418 1.159761280047936e-10
89.74474898312451 7.144722500116865e-11
89.8491033424072 5.854047399598029e-11
89.95345770168991 7.665805303263604e-11
90.05781206097261 5.726921817536504e-11
90.16216642025532 4.9899170500603725e-11
90.26652077953801 8.249230208116295e-11
90.37087513882072 7.604154866570935e-11
90.47522949810343 5.878563203642974e-11
90.57958385738613 8.848850827821958e-11
90.68393821666884 8.39656642515728e-11
90.78829257595153 4.567264077404347e-11
90.89264693523424 5.67080395788127e-11
90.99700129451693 5.584402198179768e-11
91.10135565379964 1.871639196775187e-11
91.20571001308234 1.930166348195307e-11
91.31006437236505 2.5517742070017554e-11
91.41441873164774 6.287465963919802e-12
91.51877309093047 5.0116052914440315e-12
91.62312745021316 1.228574262216757e-11
91.72748180949586 3.7317531262622295e-12
91.83183616877857 1.7058249099117348e-12
91.93619052806126 6.750071809460996e-12
92.04054488734397 2.794160150848874e-12
92.14489924662666 3.611338362595674e-13
92.24925360590937 3.1717870216633873e-12
92.35360796519207 7.640891667471142e-12
92.45796232447478 4.2068247856284824e-12
92.56231668375747 5.6432432085612514e-12
92.6666710430402 2.705882286708149e-11
92.77102540232289 2.1643754972855078e-11
92.8753797616056 1.794382926648171e-11
92.9797341208883 5.4082093354017846e-11
93.084088480171 4.4309433105757797e-11
93.1884428394537 2.7995036783924916e-11
93.29279719873641 6.765813665303482e-11
93.3971515580191 5.91735677158252e-11
93.5015059173018 3.223803352979269e-11
93.60586027658451 7.017969558799532e-11
93.7102146358672 7.483001916625725e-11
93.81456899514993 4.463454614004171e-11
93.91892335443262 8.006603220524247e-11
94.02327771371533 1.0275355759619775e-10
94.12763207299803 7.32378225483562e-11
94.23198643228073 1.0289385453629196e-10
94.33634079156343 1.370178178983224e-10
94.44069515084614 1.0688837916697378e-10
94.54504951012883 1.2229167955706863e-10
94.64940386941154 1.5593419456078583e-10
94.75375822869424 1.2751976054991048e-10
94.85811258797695 1.2648579398609164e-10
94.96246694725966 1.5501738373280165e-10
95.06682130654235 1.3600603968240606e-10
95.17117566582506 1.2657908565677967e-10
95.27553002510776 1.5517795062972326e-10
95.37988438439046 1.4995737168798486e-10
95.48423874367316 1.3934533629564886e-10
95.58859310295587 1.7234009486440184e-10
95.69294746223856 1.7545723750043327e-10
95.79730182152127 1.6149293901696532e-10
95.90165618080397 1.9518162493399183e-10
96.00601054008668 1.95455741165298e-10
96.11036489936939 1.7149141802659261e-10
96.2147192586521 2.0266628823815979e-10
96.31907361793479 1.976265696526274e-10
96.42342797721749 1.6072761328336743e-10
96.5277823365002 1.9125777917446233e-10
96.63213669578289 1.9151165994880256e-10
96.7364910550656 1.4635478881079253e-10
96.8408454143483 1.7993384307829773e-10
96.945199773631 1.9616790762217997e-10
97.0495541329137 1.4651280774690407e-10
97.15390849219641 1.7895100041496477e-10
97.25826285147912 2.0952764199533488e-10
97.36261721076183 1.5468135885034844e-10
97.46697157004452 1.744942327636119e-10
97.57132592932723 2.0928694084021646e-10
97.67568028860993 1.528264399734998e-10
97.78003464789263 1.541177282743721e-10
97.88438900717533 1.8491626734404622e-10
97.98874336645804 1.3724087006192877e-10
98.09309772574073 1.262946203479302e-10
98.19745208502343 1.5282805593436254e-10
98.30180644430614 1.2367517570840367e-10
98.40616080358885 1.100741531247759e-10
98.51051516287156 1.3148492019644854e-10
98.61486952215425 1.1956259737065195e-10
98.71922388143696 1.0737459936677478e-10
98.82357824071966 1.1913267768474559e-10
98.92793260000236 1.138958285273256e-10
99.03228695928506 1.0254757173230193e-10
99.13664131856777 1.0287787008771424e-10
99.24099567785046 9.670961611363743e-11
99.34535003713317 8.63544084953922e-11
99.44970439641587 7.979916202119319e-11
99.55405875569858 7.379881282276603e-11
99.65841311498129 6.720294276504208e-11
99.76276747426398 6.092598603845088e-11
99.86712183354669 5.872326320970953e-11
99.97147619282939 5.570472980586788e-11
100.0758305521121 5.237584600966488e-11
100.18018491139479 5.4597909601525676e-11
100.2845392706775 5.1456822112668026e-11
100.3888936299602 4.8192456132140106e-11
100.4932479892429 5.2384431120508185e-11
100.5976023485256 4.6355118768886676e-11
100.70195670780832 4.0113392175387226e-11
100.80631106709102 4.461765331813307e-11
100.91066542637373 3.694980120372126e-11
101.01501978565642 2.8011548404563886e-11
101.11937414493912 3.3988397231423457e-11
101.22372850422182 2.8879534034243772e-11
101.32808286350452 1.8967873328252732e-11
101.43243722278723 2.6690736137469965e-11
101.53679158206992 2.6855771341667895e-11
101.64114594135263 1.6859283662593352e-11
101.74550030063534 2.4289251362443472e-11
101.84985465991805 2.8752046739626943e-11
101.95420901920075 1.8172848280445266e-11
102.05856337848346 2.2103242390386572e-11
102.16291773776615 2.7990748399417152e-11
102.26727209704886 1.7274079234923043e-11
102.37162645633155 1.645051499741076e-11
102.47598081561426 2.184417664302257e-11
102.58033517489696 1.398569818406682e-11
102.68468953417967 1.0157000561197448e-11
102.78904389346236 1.4449453429319204e-11
102.89339825274507 1.2044579151428691e-11
102.99775261202778 7.517296836026639e-12
103.10210697131048 1.0453303270137688e-11
103.20646133059319 1.3138797619607022e-11
103.31081568987588 8.488649612950831e-12
103.41517004915859 9.23437337001751e-12
103.51952440844128 1.3611509000908854e-11
103.623878767724 8.573879331553975e-12
103.72823312700669 7.238167729460358e-12
103.8325874862894 1.0552418193351929e-11
103.9369418455721 5.839620400034021e-12
104.0412962048548 3.907612376320451e-12
104.14565056413751 6.305943541952102e-12
104.2500049234202 2.9485991584922446e-12
104.35435928270292 1.4712370103583777e-12
104.45871364198561 4.399133901418728e-12
104.56306800126832 2.3007036898266173e-12
104.66742236055102 9.34518090513538e-13
104.77177671983372 4.898411251694534e-12
104.87613107911642 2.656495396371625e-12
104.98048543839913 8.338556429710332e-13
105.08483979768182 5.1575502135049934e-12
105.18919415696455 2.162059448085409e-12
105.29354851624724 3.9258344637210534e-13
105.39790287552995 3.9936831330382574e-12
105.50225723481265 1.1254423574707359e-12
105.60661159409534 2.5084846885126244e-13
105.71096595337805 2.411923150200285e-12
105.81532031266075 7.754784983496195e-13
105.91967467194345 5.867225631286326e-13
106.02402903122615 1.515990411159467e-12
106.12838339050886 1.3489237219072803e-12
106.23273774979155 7.541299556435941e-13
106.33709210907428 1.5768587760310904e-12
106.44144646835697 2.0990167038966526e-12
106.54580082763968 4.867520016645097e-13
106.65015518692238 2.2660188271418156e-12
106.75450954620509 2.3738110961468265e-12
106.85886390548778 1.9479492701251169e-13
106.96321826477049 2.6822539062969625e-12
107.06757262405318 1.9559333957388603e-12
107.1719269833359 1.945142282956131e-13
107.27628134261859 2.109152757807406e-12
107.38063570190128 1.1893579787117415e-12
107.484990061184 5.06905228384174e-13
107.5893444204667 9.855786388408864e-13
107.69369877974941 1.0206713088301293e-12
107.7980531390321 1.0289313977414962e-12
107.90240749831482 4.11373597613839e-13
108.00676185759751 1.6754542587242827e-12
108.11111621688022 1.3596311028236319e-12
108.21547057616291 6.246260835354698e-13
108.31982493544562 2.135622850146852e-12
108.42417929472832 1.0780017182421756e-12
108.52853365401103 8.330654851767679e-13
108.63288801329374 1.6350324983095274e-12
108.73724237257643 7.854814695477665e-13
108.84159673185914 7.258006829546926e-13
108.94595109114184 8.294124437229553e-13
109.05030545042455 1.4754731734176138e-12
109.15465980970724 6.16788236200832e-13
109.25901416898995 6.25545551380637e-13
109.36336852827264 2.784628476735518e-12
109.46772288755535 5.652304784598746e-13
109.57207724683805 8.685741494149186e-13
109.67643160612076 3.21988133832605e-12
109.78078596540345 5.490022588497218e-13
109.88514032468616 9.185560441640897e-13
109.98949468396886 2.3426205884877747e-12
110.09384904325157 9.395065774433144e-13
110.19820340253426 8.493425683746764e-13
110.30255776181698 1.1962129327199469e-12
110.4069121210997 1.816015797439695e-12
110.51126648038239 8.27699667173168e-13
110.6156208396651 7.275854417930299e-13
110.7199751989478 2.28619785680264e-12
110.8243295582305 6.400810560261413e-13
110.9286839175132 7.76230036801053e-13
111.0330382767959 1.669984453220167e-12
111.1373926360786 3.634393249507512e-13
111.24174699536131 9.1463105099606e-13
111.346101354644 6.738697401896881e-13
111.45045571392671 4.71086590261327e-13
111.55481007320941 1.006532219533738e-12
111.65916443249212 2.310673801765167e-13
111.76351879177481 8.762321506372175e-13
111.86787315105752 8.467612006061047e-13
111.97222751034022 3.495564788570376e-13
112.07658186962291 8.955120486531021e-13
112.18093622890562 4.941326648737025e-13
112.28529058818832 4.908694734600058e-13
112.38964494747103 4.2978941402834593e-13
112.49399930675372 5.079321180265898e-13
112.59835366603646 5.19133822898596e-13
112.70270802531915 1.1866179407693377e-13
112.80706238460186 1.1348158874433436e-12
112.91141674388456 5.304803074335219e-13
113.01577110316725 1.686210604141611e-13
113.12012546244996 1.6738676903751656e-12
113.22447982173266 4.241808430645422e-13
113.32883418101537 2.6571159997938576e-13
113.43318854029806 1.4040136915556741e-12
113.53754289958077 4.15201017559431e-13
113.64189725886347 3.1401172668977603e-13
113.74625161814618 6.88905512005209e-13
113.85060597742887 8.043956964539427e-13
113.95496033671158 4.77512644509604e-13
114.05931469599427 2.3226850902950147e-13
114.16366905527698 1.282744023635498e-12
114.26802341455968 6.093469905985856e-13
114.37237777384239 1.399518714623749e-13
114.47673213312508 1.2005618059676084e-12
114.58108649240779 4.3217050964233035e-13
114.68544085169049 2.092046843949196e-13
114.7897952109732 5.329917280731721e-13
114.89414957025592 1.835896908037164e-13
114.99850392953861 4.1964367352449605e-13
115.10285828882132 5.652856486890223e-14
115.20721264810402 2.1504959613007508e-13
115.31156700738673 6.730774138086902e-13
115.41592136666942 3.2321622626997786e-14
115.52027572595213 3.101567570419569e-13
115.62463008523483 5.772437817429226e-13
115.72898444451754 7.231728857156379e-14
115.83333880380023 1.7339022956303614e-13
115.93769316308294 2.1790284085567377e-13
116.04204752236564 3.650251404451358e-14
116.14640188164834 1.9068629326659386e-14
116.25075624093104 1.2820294335150527e-13
116.35511060021375 1.0246768774695925e-13
116.45946495949644 7.576899337794057e-14
116.56381931877915 3.7918915429320297e-13
116.66817367806185 2.0504000377092315e-13
116.77252803734454 1.1601225057333814e-13
116.87688239662725 4.936942693873972e-13
116.98123675590995 1.3334560912607902e-13
117.08559111519266 1.076393139864631e-14
117.18994547447538 2.849990589856524e-13
117.29429983375809 6.708953593204109e-14
117.39865419304078 1.0595807821900687e-13
117.5030085523235 9.258921697072052e-14
117.60736291160619 2.236621710331004e-13
117.71171727088888 4.813539596536134e-13
117.81607163017159 5.818444651606856e-14
117.92042598945429 3.527343921381379e-13
118.024780348737 6.835399438813252e-13
118.12913470801969 6.525452346680757e-14
118.2334890673024 2.520562141246392e-13
118.3378434265851 4.705446839710824e-13
118.4421977858678 2.3797581036855384e-13
118.5465521451505 1.425711218272917e-13
118.65090650443321 1.8279612618782267e-13
118.7552608637159 6.892810157729263e-13
118.85961522299861 2.2526695351689743e-13
118.96396958228131 9.52187554929859e-14
119.06832394156402 1.0435204299977762e-12
119.17267830084671 2.7139502561196026e-13
119.27703266012942 1.3888494461183184e-13
119.38138701941214 8.667256200110329e-13
119.48574137869484 1.6883885241750247e-13
119.59009573797755 2.7138721123016065e-13
119.69445009726024 3.686700436874635e-13
119.79880445654295 1.9068386235235516e-13
119.90315881582565 5.117889066425246e-13
120.00751317510836 9.250237474133968e-14
120.11186753439105 4.3074421796923147e-13
120.21622189367376 6.258223573967794e-13
120.32057625295646 1.0870884394913678e-13
120.42493061223917 5.233536146540101e-13
120.52928497152186 4.2710870998792144e-13
120.63363933080457 2.0251918182063932e-13
120.73799369008727 2.9923275690125923e-13
120.84234804936997 2.843675278769099e-13
120.94670240865267 3.3047436968854834e-13
121.05105676793538 7.252605571303381e-14
121.15541112721807 5.980850721937007e-13
121.25976548650077 4.571695637426351e-13
121.36411984578348 6.827698205010255e-14
121.46847420506617 1.076046247275953e-12
121.57282856434888 4.693518018507182e-13
121.6771829236316 1.7014183304542212e-13
121.78153728291431 1.1393065651901454e-12
121.88589164219701 4.823340178126516e-13
121.99024600147972 3.2842505250200897e-13
122.09460036076241 7.522557515451161e-13
122.19895472004512 8.418827340916754e-13
122.30330907932782 5.926914654414075e-13
122.40766343861051 4.0207600388905756e-13
122.51201779789322 1.4274735226072573e-12
122.61637215717592 7.687097327390179e-13
122.72072651645863 3.4629007682340447e-13
122.82508087574132 1.6048925298322755e-12
122.92943523502403 6.614179447311128e-13
123.03378959430673 5.377130115503044e-13
123.13814395358943 1.170908065152224e-12
123.24249831287213 5.257974376413712e-13
123.34685267215484 8.903171407088449e-13
123.45120703143753 5.537945793005505e-13
123.55556139072024 6.832621730179572e-13
123.65991575000294 1.1440741639996796e-12
123.76427010928565 2.4368268113127617e-13
123.86862446856834 9.083237533080589e-13
123.97297882785107 1.0308437507855916e-12
124.07733318713377 2.6113415623446037e-13
124.18168754641647 7.774818107448107e-13
124.28604190569918 6.84659890828958e-13
124.39039626498187 4.509992774872992e-13
124.49475062426458 3.835519581732539e-13
124.59910498354728 6.358708263550141e-13
124.70345934282999 7.003635759657203e-13
124.80781370211268 1.1827885871895482e-13
124.91216806139539 9.979669176787527e-13
125.01652242067809 7.751386230662639e-13
125.1208767799608 1.1579357819928727e-13
125.22523113924349 1.2331435029265241e-12
125.3295854985262 6.63940216283379e-13
125.4339398578089 2.80699670764098e-13
125.5382942170916 1.0195921149674474e-12
125.6426485763743 7.121920304729605e-13
125.74700293565701 5.596212089025058e-13
125.8513572949397 6.066269215710861e-13
125.9557116542224 1.1218142950721336e-12
126.06006601350511 8.161012667753319e-13
126.1644203727878 3.6545997271846757e-13
126.26877473207054 1.510406856657842e-12
126.37312909135323 8.062610562441061e-13
126.47748345063594 4.139274516476296e-13
126.58183780991864 1.3532489434925983e-12
126.68619216920135 6.102519070811488e-13
126.79054652848404 6.740885507422931e-13
126.89490088776674 7.95987589412368e-13
126.99925524704945 5.505855985620041e-13
127.10360960633214 9.952838607027603e-13
127.20796396561485 3.2982972769649925e-13
127.31231832489755 6.905385476251976e-13
127.41667268418026 1.058018966333615e-12
127.52102704346295 1.7453278090629053e-13
127.62538140274566 7.001805211811728e-13
127.72973576202835 7.554834151880237e-13
127.83409012131106 2.4085993446911326e-13
127.93844448059376 4.2412374239009655e-13
128.04279883987647 4.543822784753502e-13
128.14715319915916 3.994362874905648e-13
128.25150755844186 1.2696708855499165e-13
128.35586191772458 4.846225896832131e-13
128.4602162770073 5.322922236401432e-13
128.56457063629 1.5792923061474118e-14
128.6689249955727 6.840372963858443e-13
128.7732793548554 4.775597281571208e-13
128.8776337141381 3.6788510842174154e-14
128.9819880734208 6.491637448280012e-13
129.0863424327035 3.447070767668279e-13
129.1906967919862 1.40663233886613e-13
129.29505115126892 3.7685428110327e-13
129.39940551055162 4.3168152526592444e-13
129.5037598698343 3.350850931832557e-13
129.608114229117 1.5776320767141387e-13
129.71246858839973 6.893657745991117e-13
129.81682294768243 4.65186811769983e-13
129.92117730696512 9.510723606135707e-14
130.02553166624782 7.530582536945128e-13
130.12988602553054 3.686063491465126e-13
130.23424038481323 1.8033333037283184e-13
130.33859474409593 4.917442488900664e-13
130.44294910337862 2.124478797637474e-13
130.54730346266132 4.0590092291827255e-13
130.65165782194404 1.8090935047167307e-13
130.75601218122677 1.9606686496430216e-13
130.86036654050946 6.363381040081505e-13
130.96472089979216 3.911039405418597e-14
131.06907525907488 2.3175243930358225e-13
131.17342961835757 6.182122096104926e-13
131.27778397764027 1.4183016829321414e-14
131.38213833692296 1.6215844778071476e-13
131.4864926962057 3.3512437956867593e-13
131.59084705548838 5.687013345860291e-14
131.69520141477108 6.759599786538542e-14
131.79955577405377 1.1613074731528272e-13
131.90391013333647 1.6886563652357465e-13
132.0082644926192 7.60021608244196e-14
132.11261885190189 1.0167120626687635e-13
132.21697321118458 2.3397359025948993e-13
132.32132757046728 8.741232934211322e-14
132.42568192975 1.316018008054166e-13
132.5300362890327 1.4785706027985027e-13
132.6343906483154 2.946276720892893e-14
132.73874500759808 9.612094885659527e-14
132.8430993668808 3.535419101737056e-14
132.9474537261635 3.091324648054674e-14
133.05180808544623 6.861901290451636e-14
133.15616244472892 5.937229503775713e-14
133.26051680401162 1.6149873622007255e-13
133.36487116329434 7.961716386898888e-14
133.46922552257703 1.314948438294762e-13
133.57357988185973 2.5617851429784614e-13
133.67793424114242 6.56181514196676e-14
133.78228860042515 1.079509499128416e-13
133.88664295970784 1.8239366183780977e-13
133.99099731899054 1.099479614398205e-13
134.09535167827323 7.305436176477289e-14
134.19970603755596 6.418343516098261e-14
134.30406039683865 3.2485853249754134e-13
134.40841475612135 1.3029441328130512e-13
134.51276911540404 2.4166566451025138e-14
134.61712347468676 5.511130875181487e-13
134.72147783396946 1.8127140228769357e-13
134.82583219325215 4.657807315535665e-14
134.93018655253485 5.477080206565676e-13
135.03454091181757 1.493561676353895e-13
135.13889527110027 1.578118589203074e-13
135.24324963038296 3.283980148236596e-13
135.34760398966569 1.6650368780715101e-13
135.45195834894838 3.8087508871166595e-13
135.5563127082311 1.3022663499613784e-13
135.6606670675138 2.912130564192822e-13
135.7650214267965 5.598782632443237e-13
135.8693757860792 6.326046803933236e-14
135.9737301453619 3.5639760575724654e-13
136.0780845046446 4.942351288948811e-13
136.1824388639273 1.0819029112964498e-13
136.28679322321 2.5177818362490185e-13
136.3911475824927 3.0158883047856917e-13
136.49550194177542 2.6482742699091925e-13
136.5998563010581 9.918843108732659e-14
136.7042106603408 2.727424206473598e-13
136.8085650196235 4.3708219412240843e-13
136.91291937890622 2.3420386502499773e-14
137.01727373818892 4.011787091139764e-13
137.1216280974716 4.594124471694602e-13
137.2259824567543 2.2335436431518708e-14
137.33033681603703 4.592843893316806e-13
137.43469117531973 3.538352309778182e-13
137.53904553460242 1.227774099905965e-13
137.64339989388515 3.5771244518395283e-13
137.74775425316784 3.7861729085125935e-13
137.85210861245056 3.4340562823335576e-13
137.95646297173326 2.1790626256710416e-13
138.06081733101595 6.248931199088044e-13
138.16517169029865 5.324879118539519e-13
138.26952604958137 1.7538266883214572e-13
138.37388040886407 8.235396346038195e-13
138.47823476814676 5.342001389414013e-13
138.58258912742946 2.9708426378285173e-13
138.68694348671218 7.591499682676753e-13
138.79129784599488 4.401150343926738e-13
138.89565220527757 6.074072878057073e-13
139.00000656456027 5.202353083996736e-13
139.104360923843 4.730280443553292e-13
139.20871528312568 9.31501525270061e-13
139.31306964240838 3.2443472807386466e-13
139.41742400169107 5.953541388588634e-13
139.5217783609738 9.847159032962426e-13
139.6261327202565 2.8643710799101267e-13
139.7304870795392 5.901797548309765e-13
139.8348414388219 7.508416678150435e-13
139.9391957981046 4.2339599031204825e-13
140.04355015738733 4.2037516963269497e-13
140.14790451667002 5.202182317399978e-13
140.25225887595272 6.623871762612066e-13
140.35661323523541 2.1941875952523042e-13
140.46096759451814 5.165155808822528e-13
140.56532195380083 7.799159302935998e-13
140.66967631308353 1.1147466556457914e-13
140.77403067236622 5.946180163954152e-13
140.87838503164892 6.561526972664375e-13
140.98273939093164 1.422715958975397e-13
141.08709375021434 5.458046231933205e-13
141.19144810949703 4.875346309343886e-13
141.29580246877973 3.3039157383450516e-13
141.40015682806245 3.9024936520962216e-13
141.50451118734514 5.284070177641403e-13
141.60886554662784 5.678284823801321e-13
141.71321990591053 2.5884185475164784e-13
141.81757426519326 7.202893697493377e-13
141.92192862447595 6.340679521633862e-13
142.02628298375865 2.6145771296203426e-13
142.13063734304137 7.815297573123396e-13
142.23499170232407 5.190108164865842e-13
142.3393460616068 4.5046729920293187e-13
142.44370042088948 6.255769974125183e-13
142.54805478017218 4.2963091943880465e-13
142.65240913945487 7.57598700447246e-13
142.7567634987376 4.051070479845386e-13
142.8611178580203 4.753045966338281e-13
142.965472217303 9.42744637016671e-13
143.06982657658568 2.7541933817346277e-13
143.1741809358684 5.175703560993963e-13
143.2785352951511 8.125341779252882e-13
143.3828896544338 3.021276400625919e-13
143.4872440137165 4.191001498090818e-13
143.59159837299921 5.254147962784231e-13
143.6959527322819 4.602562460171399e-13
143.8003070915646 2.5374306450960287e-13
143.9046614508473 3.5802535333818635e-13
144.00901581013002 6.0694225375597e-13
144.11337016941272 1.244570018428889e-13
144.2177245286954 3.535784530274729e-13
144.3220788879781 5.637210212132604e-13
144.42643324726083 6.583208681321325e-14
144.53078760654356 3.476888969073929e-13
144.63514196582625 3.6196204562689363e-13
144.73949632510895 1.0608853420213554e-13
144.84385068439164 2.6001512098278145e-13
144.94820504367436 2.367955416642978e-13
145.05255940295706 2.3791274155889944e-13
145.15691376223975 1.5843696749352618e-13
145.26126812152245 2.8725388918845984e-13
145.36562248080517 3.4186106989610875e-13
145.46997684008787 9.701887531820104e-14
145.57433119937056 3.595403599864059e-13
145.67868555865326 2.9670711257462307e-13
145.78303991793595 1.1856806202420296e-13
145.88739427721868 3.1333501146963457e-13
145.99174863650137 1.7744333767823489e-13
146.09610299578407 2.627311730675394e-13
146.20045735506676 1.992452673414648e-13
146.30481171434948 1.352465323215113e-13
146.40916607363218 4.4719863591532175e-13
146.51352043291487 1.1599701099340017e-13
146.61787479219757 1.5699502253741182e-13
146.7222291514803 4.876406933403175e-13
146.82658351076302 8.331741402716081e-14
146.9309378700457 1.4570978843609143e-13
147.0352922293284 3.3325728193947284e-13
147.1396465886111 1.1849772186403084e-13
147.24400094789382 1.0862869981486937e-13
147.34835530717652 1.5039333242591005e-13
147.4527096664592 2.1680511391175082e-13
147.5570640257419 1.0273072311492936e-13
147.66141838502463 7.140005179451242e-14
147.76577274430733 2.7577753001466947e-13
147.87012710359002 9.899885774067947e-14
147.97448146287272 6.24049735686153e-14
148.07883582215544 2.0153396354978036e-13
148.18319018143814 5.741960997289665e-14
148.28754454072083 6.892994244592842e-14
148.39189890000353 6.612432169501041e-14
148.49625325928625 3.9991602634792524e-14
148.60060761856894 9.941161280332897e-14
148.70496197785164 8.375537751002686e-15
148.80931633713433 8.408458384467897e-14
148.91367069641706 1.2788095300226387e-13
149.01802505569978 1.8983050712979994e-14
149.12237941498248 1.1328645692714453e-13
149.22673377426517 9.77238601839716e-14
149.33108813354787 2.267344182646709e-14
149.4354424928306 7.6286488492339e-14
149.53979685211328 6.323967039888632e-14
149.64415121139598 3.3270029249388285e-14
149.74850557067867 2.419751976137678e-14
149.8528599299614 1.2096232192424123e-13
149.9572142892441 8.373459375565616e-14
150.0615686485268 4.377119275089655e-15
150.16592300780948 2.300879320655077e-13
150.27027736709218 1.2335974850688012e-13
150.3746317263749 6.861238254888742e-15
150.4789860856576 2.625672382556337e-13
150.5833404449403 1.0727841572535234e-13
150.68769480422299 6.018284500544368e-14
150.7920491635057 1.9475006753083543e-13
150.8964035227884 1.055849733461446e-13
151.0007578820711 2.0768112807614268e-13
151.1051122413538 1.1726506808918962e-13
151.20946660063652 1.6684416115782481e-13
151.31382095991924 3.6051021494760574e-13
151.41817531920194 8.59298889637597e-14
151.52252967848463 2.2034859797236581e-13
151.62688403776733 3.771566808327709e-13
151.73123839705005 1.187542547072134e-13
151.83559275633274 2.051442726446976e-13
151.93994711561544 2.6984293172784384e-13
152.04430147489813 2.432579918481447e-13
152.14865583418086 1.4724720312691763e-13
152.25301019346355 1.9345819348764678e-13
152.35736455274625 4.0327855183152014e-13
152.46171891202894 9.632032524424343e-14
152.56607327131167 2.0826926132493307e-13
152.67042763059436 4.550116923604278e-13
152.77478198987706 6.718202251679354e-14
152.87913634915975 2.4102616995137093e-13
152.98349070844247 3.5000784749009594e-13
153.08784506772517 9.972931200131894e-14
153.19219942700786 2.325999043019568e-13
153.29655378629056 2.332369509309616e-13
153.40090814557328 2.2799749271248827e-13
153.505262504856 1.9252328540313196e-13
153.6096168641387 2.4820608322362146e-13
153.7139712234214 3.602228272289346e-13
153.8183255827041 1.5440016217665182e-13
153.92267994198681 3.41649857112884e-13
154.0270343012695 3.723589218134086e-13
154.1313886605522 1.7908123225880738e-13
154.2357430198349 3.914528201108194e-13
154.34009737911762 2.9247559325275996e-13
154.44445173840032 3.4196123162755756e-13
154.548806097683 3.658991500390594e-13
154.6531604569657 2.641874133116261e-13
154.7575148162484 5.891818001177903e-13
154.86186917553113 3.113772759135471e-13
154.96622353481382 3.288159149886249e-13
155.07057789409652 7.189195532263979e-13
155.1749322533792 3.0026620666024016e-13
155.27928661266193 3.8959202769870857e-13
155.38364097194463 6.30366783990331e-13
155.48799533122732 3.979858290859087e-13
155.59234969051002 3.8342432668642873e-13
155.69670404979274 4.5373866107592035e-13
155.80105840907547 5.961015258025695e-13
155.90541276835816 3.2561210341982185e-13
156.00976712764086 3.667595654942979e-13
156.11412148692355 7.353565937237311e-13
156.21847584620627 2.510566563030007e-13
156.32283020548897 3.7853407874290577e-13
156.42718456477166 6.639091983564386e-13
156.53153892405436 2.1887623543993043e-13
156.63589328333708 3.9618026760136434e-13
156.74024764261978 4.577656150144253e-13
156.84460200190247 2.9330344614878035e-13
156.94895636118517 3.6941510512451405e-13
157.0533107204679 3.2136381410035804e-13
157.1576650797506 4.341730058863839e-13
157.26201943903328 3.0012279280071673e-13
157.36637379831598 3.331594059949339e-13
157.4707281575987 4.894316779809224e-13
157.5750825168814 2.453104675488099e-13
157.6794368761641 3.9553366795336234e-13
157.78379123544678 3.998734178226727e-13
157.8881455947295 2.9797376611866784e-13
157.9924999540122 4.0737830010617165e-13
158.09685431329493 2.863297827389092e-13
158.20120867257762 4.799004535604772e-13
158.30556303186032 3.6457024009250876e-13
158.40991739114304 2.664809750164536e-13
158.51427175042573 6.491357650066589e-13
158.61862610970843 3.1276252190438416e-13
158.72298046899112 3.1369764518064216e-13
158.82733482827385 6.378700863649504e-13
158.93168918755654 3.214668751399868e-13
159.03604354683924 3.40838629245756e-13
159.14039790612193 4.707893230979792e-13
159.24475226540463 4.340108277398471e-13
159.34910662468735 3.1650943848829076e-13
159.45346098397005 3.1606818284992845e-13
159.55781534325274 5.740979791202212e-13
159.66216970253544 2.5455359989667424e-13
159.76652406181816 2.636158885010098e-13
159.87087842110085 5.878679750742603e-13
159.97523278038355 1.8675709194550945e-13
160.07958713966624 2.6864519849251814e-13
160.18394149894897 4.301710058680639e-13
160.28829585823166 1.7145214354805516e-13
160.3926502175144 2.651369377228244e-13
160.49700457679708 2.382659250488914e-13
160.60135893607978 2.31282894779311e-13
160.7057132953625 2.3441735589523137e-13
160.8100676546452 1.5251592170394482e-13
160.9144220139279 2.883809174325585e-13
161.01877637321059 1.772457158713069e-13
161.1231307324933 1.5898380115832535e-13
161.227485091776 2.4918722635401023e-13
161.3318394510587 1.3238176791909465e-13
161.4361938103414 1.7572762582880167e-13
161.54054816962412 1.4234180807304916e-13
161.6449025289068 1.6791813435369575e-13
161.7492568881895 1.6998169509495066e-13
161.8536112474722 7.387989104482328e-14
161.95796560675493 2.68933443527719e-13
162.06231996603762 1.4561480738257285e-13
162.16667432532032 7.33286045733922e-14
162.271028684603 3.197447715244532e-13
162.37538304388573 1.1933252707418543e-13
162.47973740316843 8.997184631687931e-14
162.58409176245115 2.5241499278395163e-13
162.68844612173385 1.3078307623518882e-13
162.79280048101654 1.027400030928174e-13
162.89715484029927 1.3603853014179086e-13
163.00150919958196 1.989101307772578e-13
163.10586355886466 1.196394406739813e-13
163.21021791814735 6.664023771212182e-14
163.31457227743007 2.5360882816735534e-13
163.41892663671277 1.177711771421464e-13
163.52328099599546 5.495965455824296e-14
163.62763535527816 2.137026926572233e-13
163.73198971456088 8.27546033606232e-14
163.83634407384358 7.854430624757589e-14
163.94069843312627 1.089474650342525e-13
164.04505279240897 5.862196391995945e-14
164.14940715169166 1.260636070875978e-13
164.25376151097439 2.941447969080578e-14
164.35811587025708 7.085475365687542e-14
164.46247022953978 1.594453688386717e-13
164.56682458882247 5.0530306144269934e-15
164.6711789481052 8.005771752620067e-14
164.7755333073879 1.349636346195149e-13
164.8798876666706 6.684955082285759e-15
164.9842420259533 5.6200800755813835e-14
165.088596385236 7.638470311705926e-14
165.19295074451873 2.860074898378952e-14
165.29730510380142 2.7708954243010522e-14
165.40165946308412 5.62426978330707e-14
165.5060138223668 7.260356069970328e-14
165.61036818164953 1.7424652402626798e-14
165.71472254093223 8.343772823870833e-14
165.81907690021492 9.744580225523618e-14
165.92343125949762 1.124595631001243e-14
166.02778561878034 1.0449200395348026e-13
166.13213997806304 7.694400990747353e-14
166.23649433734573 2.4289246322791498e-14
166.34084869662843 9.657628996763724e-14
166.44520305591115 5.38424436018938e-14
166.54955741519385 9.448067094385549e-14
166.65391177447654 8.076739684842851e-14
166.75826613375924 7.125287838204876e-14
166.86262049304196 1.9091924491932764e-13
166.96697485232465 7.484105804857908e-14
167.07132921160735 1.0710911826824533e-13
167.17568357089007 2.289283198345689e-13
167.28003793017277 9.557311575001004e-14
167.3843922894555 1.2512828334102243e-13
167.48874664873819 1.8574840244135045e-13
167.59310100802088 1.7826614405443965e-13
167.69745536730358 1.3098688138801554e-13
167.8018097265863 1.3094265535245934e-13
167.906164085869 3.0622832910725264e-13
168.0105184451517 1.3153807255154868e-13
168.11487280443438 1.2406290863245173e-13
168.2192271637171 3.7923487671147796e-13
168.3235815229998 1.2261279031521429e-13
168.4279358822825 1.5645050874004424e-13
168.5322902415652 3.2946106742624056e-13
168.6366446008479 1.3216718849801969e-13
168.7409989601306 1.9786529551640505e-13
168.8453533194133 2.1676089371346876e-13
168.949707678696 1.974507282006468e-13
169.0540620379787 2.2082619674912603e-13
169.15841639726142 1.5148269447122517e-13
169.2627707565441 2.7887976327785884e-13
169.3671251158268 2.0607477336232222e-13
169.47147947510953 1.6435455578822471e-13
169.57583383439223 2.883899588140891e-13
169.68018819367495 1.7945093863907846e-13
169.78454255295765 2.1305574384084782e-13
169.88889691224034 2.1585311945851914e-13
169.99325127152304 2.1632907161505732e-13
170.09760563080576 2.5639023838462026e-13
170.20195999008845 1.4873808465508476e-13
170.30631434937115 3.37053301183089e-13
170.41066870865384 2.7061937663762284e-13
170.51502306793657 1.5293558301812393e-13
170.61937742721926 4.398182013187529e-13
170.72373178650196 2.6751532060158163e-13
170.82808614578465 2.1130333650930034e-13
170.93244050506738 4.2502083014379064e-13
171.03679486435007 3.081977634418454e-13
171.14114922363277 2.7868670926647017e-13
171.24550358291546 3.3133557940253583e-13
171.34985794219818 4.334696845377099e-13
171.45421230148088 3.20543169538059e-13
171.55856666076357 2.6436304103724016e-13
171.6629210200463 5.66581560236935e-13
171.767275379329 3.1464416116875124e-13
171.87162973861172 2.7080510913946097e-13
171.9759840978944 5.775730651535638e-13
172.0803384571771 2.874032153485673e-13
172.1846928164598 3.2581965419281885e-13
172.28904717574252 4.523488606481344e-13
172.39340153502522 3.0704367411038313e-13
172.49775589430791 3.784752455993689e-13
172.6021102535906 3.056358356117642e-13
172.70646461287333 3.807006447707811e-13
172.81081897215603 3.7742266186224197e-13
172.91517333143872 2.3817701704833085e-13
173.01952769072142 4.1653073804514975e-13
173.1238820500041 3.187009433448821e-13
173.22823640928684 2.560965465893662e-13
173.33259076856953 3.4826260875010434e-13
173.43694512785223 2.789902151176652e-13
173.54129948713492 3.059275250096286e-13
173.64565384641764 2.308844035654418e-13
173.75000820570034 3.261368923023828e-13
173.85436256498303 3.3244291353410987e-13
173.95871692426576 1.6080020460947888e-13
174.06307128354848 4.1399993982551e-13
174.16742564283118 3.147668488317935e-13
174.27178000211387 1.6997107361351213e-13
174.37613436139657 4.3452983415231406e-13
174.48048872067926 2.927637169249077e-13
174.58484307996198 2.2607527571394616e-13
174.68919743924468 3.538181422880861e-13
174.79355179852737 3.3539522643281565e-13
174.89790615781007 2.8009338782698944e-13
175.0022605170928 2.484592557903622e-13
175.1066148763755 4.347733841993705e-13
175.21096923565818 2.9267056263274207e-13
175.31532359494088 2.0107910943147555e-13
175.4196779542236 4.872652938698481e-13
175.5240323135063 2.599317769612704e-13
175.628386672789 2.2071097999051638e-13
175.7327410320717 4.1727084050720096e-13
175.8370953913544 2.279055688876689e-13
175.9414497506371 2.6912500872773135e-13
176.0458041099198 2.741318902190944e-13
176.1501584692025 2.412331789469965e-13
176.25451282848522 2.963734337134266e-13
176.35886718776794 1.6433577082166192e-13
176.46322154705064 2.697620975483583e-13
176.56757590633333 2.671137036264899e-13
176.67193026561603 1.299245449872518e-13
176.77628462489875 2.4316905044702364e-13
176.88063898418145 1.9770112988716325e-13
176.98499334346414 1.459594873570497e-13
177.08934770274684 1.5453942963309926e-13
177.19370206202956 1.569752919308934e-13
177.29805642131225 1.7330426084299816e-13
177.40241078059495 7.074974125225587e-14
177.50676513987764 1.7666614219389898e-13
177.61111949916037 1.7601414342998672e-13
177.71547385844306 3.865452496147514e-14
177.81982821772576 2.0018183354463725e-13
177.92418257700845 1.4552076855524358e-13
178.02853693629115 4.77305023898821e-14
178.13289129557387 1.6954334565419147e-13
178.23724565485657 1.1897946881323417e-13
178.34160001413926 7.793904396072807e-14
178.44595437342196 1.0432331719526365e-13
178.5503087327047 1.3876721738043723e-13
178.6546630919874 1.1174217919500405e-13
178.7590174512701 5.6273897403630964e-14
178.8633718105528 1.792008234586486e-13
178.9677261698355 1.197251014913973e-13
179.0720805291182 4.566161692858618e-14
179.1764348884009 1.7516235354906934e-13
179.2807892476836 9.377915101060617e-14
179.3851436069663 6.93435758976961e-14
179.48949796624902 1.187758915624682e-13
179.5938523255317 6.752997738724156e-14
179.6982066848144 1.185496304404966e-13
179.8025610440971 5.871049798438377e-14
179.90691540337983 6.617302118432737e-14
180.01126976266252 1.5813495619660062e-13
180.11562412194522 2.82410374532758e-14
180.2199784812279 6.887213188115214e-14
180.32433284051064 1.4687354406698737e-13
180.42868719979333 2.4686407157472805e-14
180.53304155907603 5.530655586473778e-14
180.63739591835872 9.409819965036658e-14
180.74175027764144 4.5101486113314715e-14
180.84610463692417 4.059109147683734e-14
180.95045899620686 5.132303697171076e-14
181.05481335548956 8.113796356720998e-14
181.15916771477225 3.6254503533203575e-14
181.26352207405498 4.2508837936891596e-14
181.36787643333767 9.768410569353958e-14
181.47223079262037 3.0482720018437884e-14
181.57658515190306 4.907494922319302e-14
181.68093951118578 7.416414967256452e-14
181.78529387046848 2.6809517059473603e-14
181.88964822975117 5.717095167313655e-14
181.99400258903387 3.83161457005401e-14
182.0983569483166 5.178701351509155e-14
182.2027113075993 6.693008917621013e-14
182.30706566688198 2.6114918198102187e-14
182.41142002616468 9.957618952221043e-14
182.51577438544737 7.113209827776163e-14
182.6201287447301 3.7982536911156254e-14
182.7244831040128 1.2453843160490824e-13
182.82883746329549 7.369168925639708e-14
182.93319182257818 5.931130626836612e-14
183.03754618186093 1.060170843194239e-13
183.14190054114363 1.073169552920495e-13
183.24625490042632 8.858818899164934e-14
183.35060925970902 7.433863194142098e-14
183.4549636189917 1.8369928973976547e-13
183.55931797827444 1.1642211778304963e-13
183.66367233755713 6.679054943493199e-14
183.76802669683983 2.5123463510150573e-13
183.87238105612252 1.2630579275229236e-13
183.97673541540524 9.458681566571086e-14
184.08108977468794 2.51569622922566e-13
184.18544413397063 1.3219793691181337e-13
184.28979849325333 1.5111695431855695e-13
184.39415285253605 1.946439469952763e-13
184.49850721181875 1.6758422278013054e-13
184.60286157110144 2.1095404182009323e-13
184.70721593038414 1.3927200637661457e-13
184.81157028966686 2.2257449722349886e-13
184.91592464894956 2.322846407886396e-13
185.02027900823225 1.285925947833858e-13
185.12463336751495 2.402310848184199e-13
185.22898772679767 2.0789887079613392e-13
185.3333420860804 1.6551509056866476e-13
185.4376964453631 1.9547292400318703e-13
185.54205080464578 1.8956829349449865e-13
185.64640516392848 2.2457329428297238e-13
185.7507595232112 1.2993502933108064e-13
185.8551138824939 2.2141100073899233e-13
185.9594682417766 2.6266853273741735e-13
186.0638226010593 9.781279270413615e-14
186.168176960342 2.7149610343726465e-13
186.2725313196247 2.557973070904645e-13
186.3768856789074 1.2013909027229177e-13
186.4812400381901 2.762285557107592e-13
186.58559439747282 2.4266117794007977e-13
186.6899487567555 1.8559392440072503e-13
186.7943031160382 2.296846463570393e-13
186.8986574753209 2.8264816578113757e-13
187.0030118346036 2.580088015417013e-13
187.10736619388632 1.8287148922723668e-13
187.21172055316902 3.658907058877828e-13
187.3160749124517 2.922735041846763e-13
187.4204292717344 1.8372695158158566e-13
187.52478363101713 4.134065679000727e-13
187.62913799029985 2.829992648906646e-13
187.73349234958255 2.436529158317928e-13
187.83784670886524 3.7643894875764127e-13
187.94220106814797 2.807565209194722e-13
188.04655542743066 3.3150462174587333e-13
188.15090978671336 2.9386234022481373e-13
188.25526414599605 3.1737979015138027e-13
188.35961850527875 3.8623186550723786e-13
188.46397286456147 2.355110688588562e-13
188.56832722384416 3.5209753676230694e-13
188.67268158312686 3.665930143498276e-13
188.77703594240955 2.381543563398436e-13
188.88139030169228 3.2653292371065665e-13
188.98574466097497 3.064869619914249e-13
189.09009902025767 2.897015420136464e-13
189.19445337954036 2.4483492569874754e-13
189.2988077388231 2.78641660197711e-13
189.40316209810578 3.3978418444086626e-13
189.50751645738848 1.6581984278903368e-13
189.61187081667117 2.9737094864744047e-13
189.7162251759539 3.3882580904243607e-13
189.8205795352366 1.3718887879135876e-13
189.9249338945193 3.0755672899742824e-13
190.029288253802 2.9151660749212444e-13
190.1336426130847 1.6773009526911978e-13
190.23799697236743 2.671381035818527e-13
190.34235133165012 2.621925600930116e-13
190.44670569093282 2.29813103157651e-13
190.5510600502155 2.0001853473296706e-13
190.65541440949823 2.910157871753469e-13
190.75976876878093 2.7253645611117774e-13
190.86412312806362 1.581973921909643e-13
190.96847748734632 3.3491445363961416e-13
191.07283184662904 2.6427591985168e-13
191.17718620591174 1.6981332749375064e-13
191.28154056519443 3.2751518463392555e-13
191.38589492447713 2.2957065268180797e-13
191.49024928375985 2.27677706693348e-13
191.59460364304255 2.6176956988470304e-13
191.69895800232524 2.19224270181901e-13
191.80331236160794 2.885727658570739e-13
191.90766672089063 1.8814720555621056e-13
192.01202108017335 2.3523265315710567e-13
192.11637543945605 2.9818391348015085e-13
192.22072979873877 1.5244500479750075e-13
192.32508415802147 2.30006877536353e-13
192.4294385173042 2.4607748745604286e-13
192.5337928765869 1.6419055873280512e-13
192.63814723586958 1.79634482737934e-13
192.74250159515228 1.8178894533803632e-13
192.84685595443497 2.0070081133658524e-13
192.9512103137177 1.117542567321818e-13
193.0555646730004 1.5377985585668505e-13
193.15991903228309 2.1708825867068155e-13
193.26427339156578 6.468383666794112e-14
193.3686277508485 1.4996826272189082e-13
193.4729821101312 1.8523806267947292e-13
193.5773364694139 5.272804811393813e-14
193.6816908286966 1.3238705623556924e-13
193.7860451879793 1.3002221749030662e-13
193.890399547262 7.219113389538921e-14
193.9947539065447 9.516926726635684e-14
194.0991082658274 1.013959255087859e-13
194.20346262511012 1.0343291770856778e-13
194.30781698439282 5.982779139665673e-14
194.41217134367554 1.0880419819018172e-13
194.51652570295823 1.1377962905656426e-13
194.62088006224093 4.3985057165001704e-14
194.72523442152365 1.1508537224783472e-13
194.82958878080635 9.145961501477112e-14
194.93394314008904 5.544032297394809e-14
195.03829749937174 9.687688085994138e-14
195.14265185865446 6.197606155261298e-14
195.24700621793716 9.247123124884424e-14
195.35136057721985 6.80009677266423e-14
195.45571493650255 5.161105144872377e-14
195.56006929578527 1.289445037775408e-13
195.66442365506796 4.747401136447286e-14
195.76877801435066 5.354774060482756e-14
195.87313237363335 1.29366041127718e-13
195.97748673291608 4.257724382013444e-14
196.08184109219877 5.113461387479472e-14
196.18619545148147 9.310834243964657e-14
196.29054981076416 5.727227074003772e-14
196.39490417004686 4.765547103758559e-14
196.49925852932958 5.37934621915188e-14
196.60361288861228 8.52636591372929e-14
196.707967247895 4.8398009904657046e-14
196.8123216071777 3.609050655180567e-14
196.91667596646042 9.951550945665384e-14
197.0210303257431 4.531283034519995e-14
197.1253846850258 3.758116483221315e-14
197.2297390443085 8.070460911547181e-14
197.3340934035912 3.822696736439958e-14
197.43844776287392 5.1220949089430455e-14
197.54280212215662 4.5036706669550025e-14
197.6471564814393 4.336669820962838e-14
197.751510840722 7.108018427942372e-14
197.85586520000473 2.0871868614853877e-14
197.96021955928742 6.335405677091305e-14
198.06457391857012 8.083737220501336e-14
198.1689282778528 1.7201675898322427e-14
198.27328263713554 7.558792379356023e-14
198.37763699641823 7.338653735017532e-14
198.48199135570093 3.04975593292347e-14
198.58634571498362 6.573216049933188e-14
198.69070007426635 7.133117805526405e-14
198.79505443354904 5.915178675260824e-14
198.89940879283174 4.6101524695920466e-14
199.00376315211446 9.831919132010524e-14
199.10811751139715 9.120170750346004e-14
199.21247187067988 3.663267333159063e-14
199.31682622996257 1.3901366880033587e-13
199.42118058924527 1.0589536232644649e-13
199.52553494852796 5.098189165017586e-14
199.62988930781069 1.567142453272642e-13
199.73424366709338 1.0651443711999204e-13
199.83859802637608 9.627979888845752e-14
199.94295238565877 1.423005357906448e-13
