0.0 0.0
0.10435435928270291 6.769124248455351e-12
0.20870871856540582 6.558296021656445e-10
0.3130630778481087 2.0321441210271608e-09
0.41741743713081164 3.082297192466359e-07
0.5217717964135146 3.122952177399774e-06
0.6261261556962174 0.0004141981158848696
0.7304805149789203 0.003683712167491835
0.8348348742616233 0.008865310984118387
0.9391892335443263 0.006782068651866779
1.0435435928270291 0.0011944005560662234
1.1478979521097321 1.9401815953454071e-07
1.2522523113924349 1.0069432918402498e-05
1.3566066706751378 7.700974865811297e-06
1.4609610299578406 3.23353876216852e-06
1.5653153892405436 2.4035035836056166e-06
1.6696697485232466 2.1898413027441248e-05
1.7740241078059495 3.35607595312696e-05
1.8783784670886525 3.6569534409858944e-05
1.9827328263713553 5.6997452822645886e-05
2.0870871856540583 5.9685995968224955e-05
2.1914415449367612 4.487998738655161e-05
2.2957959042194642 4.064130322109884e-05
2.400150263502167 2.984210752538613e-05
2.5045046227848697 1.2931144947252037e-05
2.6088589820675727 5.522286743502566e-06
2.7132133413502757 1.712563182430928e-06
2.8175677006329787 1.4557171215091865e-08
2.921922059915681 3.6080674148962584e-09
3.026276419198384 7.563945340111107e-08
3.130630778481087 2.4518508273119833e-08
3.23498513776379 5.950214420046715e-08
3.339339497046493 2.3084298102240742e-07
3.4436938563291957 4.526927212015312e-08
3.548048215611899 1.1497314142871695e-08
3.6524025748946016 1.2848219588050744e-07
3.756756934177305 7.455941976519749e-08
3.8611112934600076 4.1645571141687906e-08
3.9654656527427106 1.731977543786455e-07
4.0698200120254135 8.376854529508771e-08
4.1741743713081165 3.405090495464556e-09
4.2785287305908195 2.2914944115689278e-08
4.3828830898735225 6.769068698555777e-09
4.4872374491562255 6.827436368642125e-09
4.5915918084389284 6.264549413645146e-09
4.6959461677216305 1.640644641912207e-08
4.800300527004334 8.862058688513194e-10
4.9046548862870365 2.894324481611304e-09
5.0090092455697395 8.529172666358692e-09
5.1133636048524425 5.750769972377033e-09
5.217717964135145 6.887135277859662e-11
5.322072323417848 1.0690786563743054e-08
5.426426682700551 2.1962991720528368e-10
5.530781041983254 2.2405334456396283e-10
5.635135401265957 1.2679344973639158e-08
5.73948976054866 6.515871907346656e-10
5.843844119831362 2.9040210394544704e-09
5.948198479114066 3.854617957997666e-09
6.052552838396768 2.7737226697582233e-10
6.156907197679472 1.7549309738786876e-09
6.261261556962174 7.535868225807965e-09
6.365615916244878 4.69572351370721e-10
6.46997027552758 3.3533597575115796e-09
6.574324634810284 1.7177882239791207e-09
6.678678994092986 3.209970555204373e-11
6.783033353375689 5.054065215488076e-09
6.887387712658391 1.7945436143058656e-09
6.991742071941095 2.5220003668251335e-09
7.096096431223798 2.0255526796231016e-09
7.200450790506501 7.187308338906269e-10
7.304805149789203 1.4576281763156234e-09
7.409159509071906 4.686451539843241e-09
7.51351386835461 3.450709102928962e-11
7.617868227637313 2.6391230463933577e-09
7.722222586920015 1.2525882395501127e-09
7.826576946202718 1.2559953654241028e-11
7.930931305485421 3.895321772118753e-09
8.035285664768125 1.3826621858567705e-09
8.139640024050827 1.1771883121276052e-09
8.24399438333353 1.8739777170904414e-09
8.348348742616233 5.835288127813948e-10
8.452703101898935 7.462728120086343e-10
8.557057461181639 3.852746927853555e-09
8.661411820464341 1.777988084572138e-12
8.765766179747045 1.7948135565108828e-09
8.870120539029747 1.1910003720414693e-09
8.974474898312451 2.700576069619832e-11
9.078829257595153 2.8221164807207636e-09
9.183183616877857 1.3692002416266643e-09
9.287537976160559 7.835721489082281e-10
9.391892335443261 1.5663155779585954e-09
9.496246694725965 6.609778291390304e-10
9.600601054008669 5.511274413606624e-10
9.704955413291371 3.288906329401341e-09
9.809309772574073 1.9269764036474288e-11
9.913664131856777 1.4849429270657164e-09
10.018018491139479 1.2345600766422167e-09
10.122372850422183 8.093144140594748e-11
10.226727209704885 2.2908814788487708e-09
10.331081568987589 1.6052701557587634e-09
10.43543592827029 4.525762539769438e-10
10.539790287552993 1.4098033793771109e-09
10.644144646835697 8.880162888461386e-10
10.7484990061184 2.825041376768677e-10
10.852853365401103 2.959621393029476e-09
10.957207724683805 1.3087076114936605e-10
11.061562083966509 9.762341118991727e-10
11.165916443249213 1.2182891341213025e-09
11.270270802531915 2.2050199523927087e-10
11.374625161814617 1.5772475204509402e-09
11.47897952109732 1.5762802919162707e-09
11.583333880380025 1.8280433791106008e-10
11.687688239662725 9.963011239991968e-10
11.792042598945429 8.307570900514058e-10
11.896396958228133 9.442580780754392e-11
12.000751317510835 2.3990914800286203e-09
12.105105676793537 1.2147628502743169e-10
12.20946003607624 6.960254182641739e-10
12.313814395358945 9.226862881505351e-10
12.418168754641647 2.0072322288858196e-10
12.522523113924349 1.3683059460852695e-09
12.626877473207053 1.370302199862349e-09
12.731231832489756 2.2577082945808995e-10
12.835586191772459 1.0279188782879918e-09
12.93994055105516 7.772526553987085e-10
13.044294910337864 1.3234704594823494e-10
13.148649269620568 2.738652236611459e-09
13.253003628903269 1.803350285458722e-10
13.357357988185973 8.60924704183673e-10
13.461712347468676 1.3012981855030192e-09
13.566066706751378 3.9556954990152365e-10
13.67042106603408 1.6809382498397683e-09
13.774775425316783 2.1535489730314697e-09
13.879129784599488 8.531640305584311e-11
13.98348414388219 1.1163138809895996e-09
14.087838503164894 1.701648115756069e-09
14.192192862447596 8.662660391170332e-11
14.296547221730298 3.1102016655708884e-09
14.400901581013002 5.561094253481399e-10
14.505255940295704 2.954381608978636e-10
14.609610299578407 1.4196790181843547e-09
14.71396465886111 1.1922686439476622e-09
14.818319018143812 9.303662104694903e-10
14.922673377426518 2.123265549680829e-09
15.02702773670922 3.8348827586257464e-11
15.131382095991922 2.8274094337915016e-10
15.235736455274626 1.7363394247127885e-09
15.340090814557328 5.182130913446647e-11
15.44444517384003 2.058789908075313e-09
15.548799533122734 2.8186681003578175e-10
15.653153892405436 1.7716160933105508e-10
15.757508251688138 8.155517516658497e-10
15.861862610970842 8.284798162462491e-10
15.966216970253544 1.934561410127727e-09
16.07057132953625 7.678051386756746e-10
16.174925688818952 4.757802306801857e-10
16.279280048101654 2.1250767745620236e-10
16.38363440738436 2.1497075033776548e-09
16.48798876666706 2.691605130503943e-10
16.59234312594976 7.005869009190943e-09
16.696697485232466 5.182066447116499e-10
16.801051844515168 1.6535540094110073e-09
16.90540620379787 9.082460801318942e-10
17.009760563080576 2.9158264633613508e-09
17.114114922363278 3.779866488695029e-09
17.21846928164598 5.868400557951289e-09
17.322823640928682 4.4296094536475466e-10
17.427178000211384 2.0912354564171966e-09
17.53153235949409 7.682432558015493e-09
17.635886718776792 8.923449055206953e-10
17.740241078059494 2.635773479498049e-09
17.8445954373422 1.2677318239856178e-09
17.948949796624902 5.293698640605335e-09
18.053304155907604 1.0935965082517156e-08
18.157658515190306 2.5565120522343738e-08
18.262012874473008 1.3122812839232716e-08
18.366367233755714 8.332843526352653e-09
18.470721593038416 1.5210232865234044e-08
18.575075952321118 9.919797760823415e-09
18.679430311603824 2.6532639970972182e-08
18.783784670886522 2.4857396594883987e-08
18.888139030169224 1.1049079671687635e-08
18.99249338945193 9.426928209091847e-09
19.096847748734632 1.1811423161659358e-08
19.201202108017338 1.0856156942945566e-09
19.30555646730004 1.0531549634158054e-08
19.409910826582742 3.245826134862606e-10
19.514265185865444 1.1554801611639946e-09
19.618619545148146 5.257458913063973e-10
19.722973904430848 1.323611633127516e-08
19.827328263713554 3.0740929656114134e-08
19.931682622996256 4.590794396440131e-09
20.036036982278958 2.5142551551236695e-07
20.140391341561664 9.07968375873438e-08
20.244745700844366 5.2693188573474e-07
20.349100060127068 1.601558296406778e-07
20.45345441940977 4.2655660819027913e-07
20.557808778692472 8.170244156044897e-08
20.662163137975178 1.1897297073857389e-07
20.76651749725788 6.907626046116183e-08
20.87087185654058 1.5318307679938884e-08
20.975226215823287 1.0564046037463245e-07
21.079580575105986 4.951758030260564e-08
21.18393493438869 6.724051839085868e-08
21.288289293671394 2.4685245383514943e-08
21.392643652954096 4.3036492511371744e-08
21.4969980122368 4.0390372861479676e-08
21.601352371519503 2.1017613165240622e-08
21.705706730802206 6.074702838730843e-08
21.810061090084908 4.918516625627291e-08
21.91441544936761 7.792560084749479e-08
22.018769808650312 1.2255034755679667e-07
22.123124167933018 1.6780351858577295e-07
22.22747852721572 9.29758389477485e-08
22.331832886498425 1.0433273622899653e-07
22.436187245781127 1.4898297252685822e-08
22.54054160506383 3.658697959824487e-09
22.64489596434653 6.041086372898456e-09
22.749250323629234 3.2839188078001444e-09
22.853604682911936 6.359520646783085e-09
22.95795904219464 8.821006537186657e-10
23.062313401477343 2.8858397727938613e-09
23.16666776076005 8.538808626299005e-09
23.27102212004275 4.888057799504754e-08
23.37537647932545 1.5427584894654402e-07
23.479730838608155 2.1605131949272682e-07
23.584085197890857 2.8944490025695154e-07
23.68843955717356 1.897919627779863e-07
23.792793916456265 9.117826496622453e-08
23.897148275738967 5.620693313766579e-09
24.00150263502167 1.8976196032235192e-08
24.10585699430437 9.30925348811137e-08
24.210211353587074 1.1995032107183643e-07
24.31456571286978 1.199031790379274e-07
24.41892007215248 8.912859205431411e-08
24.523274431435183 6.738124159909698e-08
24.62762879071789 6.597060492607651e-08
24.73198315000059 4.606016842177485e-08
24.836337509283293 3.337569006239451e-08
24.940691868565995 1.7442791927132336e-08
25.045046227848697 3.536485528109201e-08
25.1494005871314 3.85721214195254e-08
25.253754946414105 4.8985137219946947e-08
25.358109305696807 3.8118683005604394e-08
25.462463664979513 4.719835333561294e-08
25.566818024262215 4.5851848521149445e-08
25.671172383544917 4.9260500770793186e-08
25.77552674282762 2.491414944030887e-08
25.87988110211032 1.4694562810366371e-08
25.984235461393023 7.89775439944894e-09
26.08858982067573 1.8725312332226115e-08
26.19294417995843 1.394401847508779e-08
26.297298539241137 1.4925022941558975e-08
26.401652898523835 1.1375934839591775e-08
26.506007257806537 1.3850585650349494e-08
26.610361617089243 1.3116420738229581e-08
26.714715976371945 4.769568995056084e-09
26.819070335654647 4.978548225297249e-09
26.923424694937353 1.0377463112604108e-08
27.027779054220055 3.7003172395934215e-08
27.132133413502757 4.7459870649272215e-08
27.23648777278546 7.39152609338993e-08
27.34084213206816 6.821511490772602e-08
27.445196491350863 8.587282498326547e-08
27.549550850633565 9.17805250769484e-08
27.653905209916275 1.234337409311651e-07
27.758259569198977 1.0371773693821954e-07
27.86261392848168 9.924198851013726e-08
27.96696828776438 6.427494913495424e-08
28.07132264704708 3.9287730508807074e-08
28.17567700632979 1.4829847861653729e-08
28.28003136561249 7.542920206909969e-09
28.384385724895193 6.269877095186079e-10
28.488740084177895 2.0553275527194475e-09
28.593094443460597 2.0116819862231255e-08
28.6974488027433 4.0358259013471056e-08
28.801803162026005 7.722202382742729e-08
28.906157521308707 8.28288915814409e-08
29.01051188059141 9.075030967282941e-08
29.11486623987411 8.291897344154207e-08
29.219220599156813 7.786709308563094e-08
29.323574958439522 5.541884923796593e-08
29.42792931772222 5.03440751873384e-08
29.532283677004923 3.20636239615505e-08
29.636638036287625 1.913745166471154e-08
29.740992395570327 1.1030023380156972e-08
29.845346754853036 4.804828661787553e-09
29.94970111413574 2.540341617605695e-09
30.05405547341844 9.002610570847646e-10
30.158409832701143 4.463877422547695e-09
30.262764191983845 7.293778772432568e-09
30.367118551266543 9.15497062706954e-09
30.471472910549252 8.020123907781859e-09
30.575827269831954 8.041351794223583e-09
30.680181629114657 6.637247640520263e-09
30.78453598839736 7.049508895123928e-09
30.88889034768006 1.082208893624814e-08
30.993244706962766 1.322308072924266e-08
31.09759906624547 1.1016162156136706e-08
31.20195342552817 5.266932260651263e-09
31.306307784810873 2.582873775805191e-09
31.410662144093575 2.7552966294899355e-09
31.515016503376277 2.249188556857272e-09
31.619370862658986 3.706051635956218e-09
31.723725221941685 1.7447730555032584e-09
31.828079581224387 3.3515681634020556e-09
31.93243394050709 5.078919920962677e-09
32.03678829978979 9.231158054724194e-09
32.1411426590725 6.02629218538524e-09
32.2454970183552 6.4798938756919015e-09
32.349851377637904 4.5868466869394235e-09
32.454205736920606 4.467202180227866e-09
32.55856009620331 3.626150553293633e-09
32.66291445548601 2.7462442522502807e-09
32.76726881476872 9.778039603201627e-10
32.87162317405142 8.01149422097824e-11
32.97597753333412 5.530307798515298e-10
33.08033189261682 1.1330182164420263e-09
33.18468625189952 1.4492226260637422e-09
33.28904061118223 1.3506711408294884e-09
33.39339497046493 1.0058371801312131e-09
33.497749329747634 1.3081799843822927e-09
33.602103689030336 4.1606137376635874e-10
33.70645804831304 1.1281511649107602e-09
33.81081240759574 6.123350491476237e-10
33.91516676687845 5.421929056974037e-10
34.01952112616115 4.96654000751956e-10
34.123875485443854 8.181486187005174e-10
34.228229844726556 1.3731018320624264e-09
34.33258420400926 8.952591660993537e-10
34.43693856329196 1.0949563770778082e-09
34.54129292257466 4.502238745503808e-11
34.645647281857364 2.7073707291387102e-11
34.75000164114007 5.31063683737594e-11
34.85435600042277 3.9188048444509254e-10
34.95871035970548 7.433806904960973e-11
35.06306471898818 2.376065470763351e-10
35.16741907827088 5.052790411861033e-10
35.271773437553584 6.753264999813095e-10
35.376127796836286 1.0557955842989635e-09
35.48048215611899 4.2741015134192867e-10
35.5848365154017 1.3164366918575712e-09
35.6891908746844 2.707573210625454e-09
35.7935452339671 2.0033089209926427e-09
35.897899593249804 1.459706375764404e-09
36.002253952532506 8.144137987242815e-10
36.10660831181521 2.1151307728833384e-09
36.21096267109791 1.7888703246976462e-09
36.31531703038061 1.5868048464736391e-09
36.419671389663314 7.406927543834214e-10
36.524025748946016 5.404844094381707e-10
36.62838010822872 1.6135696413544188e-09
36.73273446751143 1.2765261362973933e-09
36.83708882679413 1.3229496782465255e-09
36.94144318607683 5.75662823949401e-10
37.045797545359534 1.0942509025669082e-09
37.150151904642236 1.533302941203178e-09
37.254506263924945 1.2907758511190917e-09
37.35886062320765 1.6072152352428957e-09
37.46321498249035 1.3079216933831396e-09
37.567569341773044 1.2668716716073203e-09
37.671923701055746 5.138731950941428e-10
37.77627806033845 1.4160694650734452e-09
37.88063241962116 1.1192426584055083e-09
37.98498677890386 1.2030742944296944e-09
38.08934113818656 4.0163995594172205e-10
38.193695497469264 5.966474614727166e-10
38.298049856751966 3.626479238326617e-10
38.402404216034675 2.32308682272795e-10
38.50675857531738 9.841033796256416e-11
38.61111293460008 5.060628819303222e-11
38.71546729388278 4.7035658874242886e-11
38.819821653165484 2.898330938987549e-10
38.924176012448186 1.3416010040519485e-10
39.02853037173089 4.484503315358061e-10
39.13288473101359 5.606247308201462e-10
39.23723909029629 1.8354536031700225e-09
39.341593449578994 1.7986329597566288e-09
39.445947808861696 1.7361817897735868e-09
39.550302168144405 1.2309135201210798e-09
39.65465652742711 1.1380884262261644e-09
39.75901088670981 1.7875544975138693e-09
39.86336524599251 1.3083922762773883e-09
39.967719605275214 1.1308553281119648e-09
40.072073964557916 2.5600452212419187e-10
40.176428323840625 3.929004211826663e-10
40.28078268312333 3.5342834778227866e-10
40.38513704240603 6.731288372046473e-10
40.48949140168873 2.54501189501363e-10
40.59384576097143 2.2354895144462102e-10
40.698200120254135 8.581685742258448e-11
40.80255447953684 2.1122450466768565e-10
40.90690883881954 4.87178639653618e-10
41.01126319810224 4.263173399204211e-10
41.115617557384944 4.1733497687776454e-10
41.21997191666765 9.602448502848736e-11
41.324326275950355 2.8594899660425435e-10
41.42868063523306 1.9925948533841414e-10
41.53303499451576 2.2227824461701483e-10
41.63738935379846 1.5580879926269068e-10
41.74174371308116 1.480605782809613e-10
41.84609807236387 5.503862289081907e-10
41.950452431646575 4.5622459181632756e-10
42.05480679092928 9.034830362232871e-10
42.15916115021197 1.449195987274884e-09
42.263515509494674 1.8855049890630437e-09
42.36786986877738 2.6181320005217257e-09
42.472224228060085 2.1156007412862456e-09
42.57657858734279 2.7974838172337742e-09
42.68093294662549 2.40926420207636e-09
42.78528730590819 2.600176938414332e-09
42.889641665190894 2.513167762805784e-09
42.9939960244736 2.247093733586568e-09
43.098350383756305 2.0498060807311676e-09
43.20270474303901 9.470071948108946e-10
43.30705910232171 9.3881018817308e-10
43.41141346160441 7.01719410306566e-10
43.51576782088712 8.332749838094672e-10
43.620122180169815 4.007853682743731e-10
43.72447653945252 1.5892757326841326e-10
43.82883089873522 4.059770635221498e-10
43.93318525801792 4.3086450964191504e-10
44.037539617300624 6.896054732657883e-10
44.14189397658333 4.251367524174655e-10
44.246248335866035 5.807926052526e-10
44.35060269514874 1.096062479851282e-09
44.45495705443144 1.2053688270054417e-09
44.55931141371414 1.0082701786061085e-09
44.66366577299685 4.052870280329862e-10
44.76802013227955 4.956262589757452e-10
44.872374491562255 4.0934395379643737e-10
44.97672885084496 3.4525532875071474e-10
45.08108321012766 2.3139665504513538e-11
45.18543756941036 9.148536017952237e-11
45.28979192869306 2.505318510258198e-10
45.394146287975765 3.62297950648106e-10
45.49850064725847 2.273826456894913e-10
45.60285500654117 4.6413680404206746e-11
45.70720936582387 2.045421243882994e-10
45.81156372510658 2.767518407714613e-10
45.91591808438928 4.4856396852143503e-10
46.020272443671985 4.335203190728621e-10
46.12462680295469 4.38368199500891e-10
46.22898116223739 9.160754520678475e-10
46.3333355215201 8.959929667422328e-10
46.4376898808028 1.0862349736381046e-09
46.5420442400855 6.940606416984725e-10
46.646398599368204 5.853236852005088e-10
46.7507529586509 5.817007522740835e-10
46.8551073179336 4.960530567961617e-10
46.95946167721631 5.900478301729684e-10
47.06381603649901 3.6919180640419045e-10
47.168170395781715 5.352062410092234e-10
47.27252475506442 3.700578874844241e-10
47.37687911434712 6.467630819951615e-10
47.48123347362983 6.714672229717306e-10
47.58558783291253 5.243555089152185e-10
47.68994219219523 4.961547078661918e-10
47.794296551477935 4.833759253261511e-10
47.89865091076064 8.920229433404099e-10
48.00300527004334 6.4811613690227e-10
48.10735962932605 5.585213237992953e-10
48.21171398860874 5.86496295271941e-10
48.316068347891445 6.845692206666737e-10
48.42042270717415 9.414760904014259e-10
48.52477706645685 6.139681375063769e-10
48.62913142573956 6.147847286531327e-10
48.73348578502226 4.25314164946498e-10
48.83784014430496 5.959539709087265e-10
48.942194503587665 5.02490717427384e-10
49.04654886287037 4.033176239506776e-10
49.15090322215307 3.216720799977866e-10
49.25525758143578 2.737834286653884e-10
49.35961194071848 4.863676835567539e-10
49.46396630000118 2.9291445805564144e-10
49.568320659283884 2.383073070592449e-10
49.672675018566586 1.7012619539841107e-10
49.77702937784929 2.3417400271794914e-10
49.88138373713199 4.837717042940808e-10
49.98573809641469 3.671623983292775e-10
50.090092455697395 3.753650236284413e-10
50.1944468149801 2.530229423982414e-10
50.2988011742628 5.664958016867592e-10
50.40315553354551 7.502300799762516e-10
50.50750989282821 8.166438781855737e-10
50.61186425211091 8.592229480454088e-10
50.716218611393614 8.293250181286362e-10
50.82057297067632 1.1740172016148255e-09
50.924927329959026 9.325527389112035e-10
51.02928168924173 7.897582105702791e-10
51.13363604852443 4.5947836505340946e-10
51.23799040780713 3.8382657408165245e-10
51.342344767089834 4.6232006741482894e-10
51.446699126372536 2.3152351068242568e-10
51.55105348565524 1.932248381273823e-10
51.65540784493794 1.1327871063453584e-10
51.75976220422064 2.878233817036992e-10
51.864116563503345 3.919877962794928e-10
51.96847092278605 3.415480873328617e-10
52.072825282068756 3.7115489160626933e-10
52.17717964135146 4.0868319094794223e-10
52.28153400063416 8.250509955770557e-10
52.38588835991686 9.154597242332637e-10
52.490242719199564 1.1843318285326538e-09
52.59459707848227 1.0634939345957966e-09
52.698951437764975 1.1590848388525108e-09
52.80330579704767 1.278366955037493e-09
52.90766015633037 1.023701596452175e-09
53.012014515613075 9.099181383945514e-10
53.11636887489578 4.853283262591889e-10
53.220723234178486 4.0752259731622264e-10
53.32507759346119 2.5357164687778263e-10
53.42943195274389 9.569552108498403e-11
53.53378631202659 7.007470831514546e-11
53.638140671309294 4.479479549515308e-11
53.742495030592 1.469981738352823e-10
53.846849389874706 1.29708636891199e-10
53.95120374915741 1.8332617836784053e-10
54.05555810844011 2.308578404059885e-10
54.15991246772281 3.6659924597385897e-10
54.264266827005514 5.989920318842506e-10
54.368621186288216 5.759415783062052e-10
54.47297554557092 8.415338469921765e-10
54.57732990485362 8.10942670104894e-10
54.68168426413632 9.34960986002161e-10
54.786038623419024 7.873069221506431e-10
54.89039298270173 7.491881132651986e-10
54.99474734198443 8.4172619870876e-10
55.09910170126713 6.924985252446786e-10
55.20345606054985 6.521199507342053e-10
55.30781041983255 4.492601521771959e-10
55.41216477911525 6.333220269008998e-10
55.51651913839795 5.921949244430719e-10
55.620873497680655 5.150478293463166e-10
55.72522785696336 4.04930596534704e-10
55.82958221624606 3.229996490309404e-10
55.93393657552876 4.910477937868844e-10
56.03829093481146 3.9872054855453917e-10
56.14264529409416 3.9318391388404184e-10
56.24699965337686 3.8413008759559155e-10
56.35135401265958 3.187604146624953e-10
56.45570837194228 3.7999219029906925e-10
56.56006273122498 2.6604586775948544e-10
56.66441709050768 3.17059196104549e-10
56.768771449790385 2.547962433083101e-10
56.87312580907309 3.6983839214374744e-10
56.97748016835579 4.5656830756954647e-10
57.08183452763849 5.089762577490159e-10
57.186188886921194 5.803599669492703e-10
57.290543246203896 6.715740769886933e-10
57.3948976054866 1.0715883653110746e-09
57.49925196476931 1.037605382036198e-09
57.60360632405201 1.1144255164072388e-09
57.70796068333471 1.0647119473883395e-09
57.81231504261741 1.0017679850268922e-09
57.916669401900116 9.472913731960772e-10
58.02102376118282 6.606326267245536e-10
58.12537812046552 6.392534879893696e-10
58.22973247974822 4.311741437775271e-10
58.334086839030924 3.819286874663152e-10
58.438441198313626 4.1434437868494015e-10
58.54279555759633 4.2436929618864305e-10
58.647149916879044 4.753941618543017e-10
58.75150427616175 2.7257375062446344e-10
58.85585863544444 2.719916180674429e-10
58.960212994727144 2.6788232261488134e-10
59.064567354009846 4.0387517533184627e-10
59.16892171329255 4.690809331801643e-10
59.27327607257525 4.907321676511003e-10
59.37763043185795 6.0516995520715e-10
59.481984791140654 4.66389038828209e-10
59.586339150423356 4.4368027245405264e-10
59.69069350970607 3.4545814408614675e-10
59.795047868988775 4.8303428333247e-10
59.89940222827148 6.056468869657334e-10
60.00375658755418 5.437865230575381e-10
60.10811094683688 4.881659278509342e-10
60.21246530611958 3.684827323364849e-10
60.316819665402285 5.114782562285661e-10
60.42117402468499 5.657317189832643e-10
60.52552838396769 7.037720933865332e-10
60.629882743250384 8.424549292740023e-10
60.734237102533086 9.296126363965814e-10
60.8385914618158 9.806213164082316e-10
60.942945821098505 6.702988620776111e-10
61.04730018038121 6.541583112309925e-10
61.15165453966391 6.675910325446618e-10
61.25600889894661 6.588103065706968e-10
61.36036325822931 6.391488594272844e-10
61.464717617512015 5.125567382482757e-10
61.56907197679472 6.112952510264517e-10
61.67342633607742 4.707791046357028e-10
61.77778069536012 3.4723050736679563e-10
61.88213505464282 2.3082972498568187e-10
61.98648941392553 1.9515645172454086e-10
62.090843773208235 2.3917520772810503e-10
62.19519813249094 1.947142116067614e-10
62.29955249177364 2.5786606591719514e-10
62.40390685105634 2.546686278570015e-10
62.50826121033904 4.182730373618628e-10
62.612615569621745 5.036159350750358e-10
62.71696992890445 6.280968430421147e-10
62.82132428818715 7.541628807655133e-10
62.92567864746985 7.366112088838878e-10
63.030033006752554 8.481473441337616e-10
63.13438736603527 7.78255707403874e-10
63.23874172531797 8.481308949412856e-10
63.343096084600674 8.030388840865328e-10
63.44745044388337 6.720238564401509e-10
63.55180480316607 6.964744048792255e-10
63.65615916244877 6.382471128835088e-10
63.760513521731475 7.176663297335495e-10
63.86486788101418 5.960052106400206e-10
63.96922224029688 5.836162034205471e-10
64.07357659957958 6.782141677956417e-10
64.17793095886229 6.994689578289925e-10
64.282285318145 7.378330248001435e-10
64.3866396774277 5.700963347799453e-10
64.4909940367104 6.471395697746653e-10
64.5953483959931 6.916840678443671e-10
64.69970275527581 6.246577360524874e-10
64.8040571145585 5.218760561107173e-10
64.90841147384121 3.677156412284671e-10
65.01276583312391 3.8394696782153243e-10
65.11712019240662 2.475915860283455e-10
65.22147455168931 1.632920688476388e-10
65.32582891097202 1.0824196798646863e-10
65.43018327025473 1.4849103362178977e-10
65.53453762953744 2.819113154659314e-10
65.63889198882013 3.873171999158203e-10
65.74324634810284 5.132283075848791e-10
65.84760070738554 4.736914353463859e-10
65.95195506666823 5.872274784282769e-10
66.05630942595094 6.515780271234345e-10
66.16066378523364 7.413840618030062e-10
66.26501814451635 8.640675893092485e-10
66.36937250379904 8.673899939245598e-10
66.47372686308175 1.0376989298821423e-09
66.57808122236446 1.0065306909338565e-09
66.68243558164717 9.918369422269373e-10
66.78678994092986 9.123073421024496e-10
66.89114430021257 8.177141584282409e-10
66.99549865949527 9.408452600797498e-10
67.09985301877798 8.933950357433635e-10
67.20420737806067 8.767640744374714e-10
67.30856173734338 7.039044916787956e-10
67.41291609662608 5.859635770980746e-10
67.51727045590879 5.864461000884961e-10
67.62162481519148 5.133720378547633e-10
67.72597917447419 5.92983943298702e-10
67.8303335337569 5.978852060444601e-10
67.9346878930396 7.412176094913451e-10
68.0390422523223 7.676581333547033e-10
68.143396611605 5.994868297816923e-10
68.24775097088771 4.855336212262365e-10
68.3521053301704 3.421626506029637e-10
68.45645968945311 3.425462368332545e-10
68.5608140487358 2.61944273878798e-10
68.66516840801852 2.0084776631297679e-10
68.76952276730121 1.5811184657204105e-10
68.87387712658392 1.2505892614088297e-10
68.97823148586663 1.6888799082740353e-10
69.08258584514932 2.0206359814266474e-10
69.18694020443203 3.3857913437138043e-10
69.29129456371473 4.0945384295832875e-10
69.39564892299744 6.191970554494995e-10
69.50000328228013 7.911607183239919e-10
69.60435764156284 8.443026945634044e-10
69.70871200084554 9.30655496318945e-10
69.81306636012825 9.437045226417163e-10
69.91742071941096 1.1376836620115055e-09
70.02177507869366 1.1339434079870343e-09
70.12612943797636 1.05401687865446e-09
70.23048379725907 1.0402676602888137e-09
70.33483815654176 9.287617395728269e-10
70.43919251582446 9.169959553955897e-10
70.54354687510717 7.526372006631799e-10
70.64790123438986 7.303829244981583e-10
70.75225559367257 7.896909564423995e-10
70.85660995295527 8.652445662324442e-10
70.96096431223798 1.0261193061448633e-09
71.06531867152069 1.0149192687898266e-09
71.1696730308034 1.1371137840994282e-09
71.27402739008609 1.1446830411336398e-09
71.3783817493688 1.1042394730284658e-09
71.4827361086515 1.049256567614828e-09
71.5870904679342 8.403079150520462e-10
71.6914448272169 7.737010372031523e-10
71.79579918649961 6.361576646511878e-10
71.9001535457823 5.522222908562463e-10
72.00450790506501 4.4911320218160356e-10
72.1088622643477 2.995438308398021e-10
72.21321662363042 2.590118056328261e-10
72.31757098291313 1.8057762217977837e-10
72.42192534219582 1.6574221615255103e-10
72.52627970147853 1.2014677105964024e-10
72.63063406076122 1.3354224341554974e-10
72.73498842004393 1.8067823400975134e-10
72.83934277932663 2.398361843663209e-10
72.94369713860934 3.171939857385583e-10
73.04805149789203 3.139812222554319e-10
73.15240585717474 4.40027525741685e-10
73.25676021645744 5.626458131946986e-10
73.36111457574015 6.802644416432374e-10
73.46546893502286 6.692964052325423e-10
73.56982329430555 5.99128075588584e-10
73.67417765358826 6.77384638675082e-10
73.77853201287095 6.248775188487101e-10
73.88288637215366 6.207414231105893e-10
73.98724073143636 6.17770748425561e-10
74.09159509071907 7.50484455361918e-10
74.19594945000176 9.8195797660464e-10
74.30030380928447 1.0361391404371728e-09
74.40465816856717 1.173456336661885e-09
74.50901252784989 1.2673556543901001e-09
74.61336688713259 1.4683371785784192e-09
74.7177212464153 1.5727395023409058e-09
74.82207560569799 1.5365518598190688e-09
74.9264299649807 1.6679567644127287e-09
75.0307843242634 1.627156080237356e-09
75.13513868354609 1.6094911326203525e-09
75.2394930428288 1.5288240646526428e-09
75.34384740211149 1.4423729191895913e-09
75.4482017613942 1.4517261491823232e-09
75.5525561206769 1.2912573419260775e-09
75.65691047995962 1.2598576745545106e-09
75.76126483924232 1.1383152828023853e-09
75.86561919852502 9.62818176405971e-10
75.96997355780772 8.495511012012583e-10
76.07432791709043 7.11099590770116e-10
76.17868227637312 6.989433756893919e-10
76.28303663565583 5.785247267548165e-10
76.38739099493853 5.259894248648557e-10
76.49174535422124 5.486624546147824e-10
76.59609971350393 5.744552032238309e-10
76.70045407278664 6.178579318785725e-10
76.80480843206935 5.328237951516223e-10
76.90916279135205 5.715531746178718e-10
77.01351715063475 5.680405841954975e-10
77.11787150991745 4.4059547565885444e-10
77.22222586920016 2.989741323866239e-10
77.32658022848285 1.6917577727302545e-10
77.43093458776556 1.2666078297934972e-10
77.53528894704826 7.017363807837474e-11
77.63964330633097 7.244752257668475e-11
77.74399766561366 7.738838824443292e-11
77.84835202489637 1.3315344595224558e-10
77.95270638417908 2.3596044392432544e-10
78.05706074346178 3.052051658736484e-10
78.16141510274448 3.954936494633035e-10
78.26576946202718 4.550720487389557e-10
78.37012382130989 6.190580584988823e-10
78.47447818059258 6.899824783205853e-10
78.5788325398753 6.809575447030328e-10
78.68318689915799 7.285195078198876e-10
78.7875412584407 7.379755544276978e-10
78.89189561772339 8.584241166643276e-10
78.9962499770061 9.140654198551244e-10
79.10060433628881 1.0170373420208037e-09
79.20495869557152 1.114976302789104e-09
79.30931305485421 1.0927300016884636e-09
79.41366741413692 1.1583786191838413e-09
79.51802177341962 1.1358906921021344e-09
79.62237613270231 1.2178370529986454e-09
79.72673049198502 1.3405985844155068e-09
79.83108485126772 1.5590806269669403e-09
79.93543921055043 1.9405822389826e-09
80.03979356983312 2.1044933320976632e-09
80.14414792911583 2.29796559594218e-09
80.24850228839854 2.4501730035119915e-09
80.35285664768125 2.6326589082591295e-09
80.45721100696395 2.754132352970129e-09
80.56156536624665 2.612699495316533e-09
80.66591972552935 2.697151260829656e-09
80.77027408481206 2.6907294594267634e-09
80.87462844409475 2.4999722483472223e-09
80.97898280337746 2.2314698903301655e-09
81.08333716266016 1.973717844629446e-09
81.18769152194287 2.016314234810245e-09
81.29204588122558 1.967456555986332e-09
81.39640024050827 1.989086191751365e-09
81.50075459979098 2.1279155461141644e-09
81.60510895907368 2.3207298060369457e-09
81.70946331835638 2.563115992338037e-09
81.81381767763908 2.487560779634934e-09
81.91817203692179 2.511971291636387e-09
82.02252639620448 2.5858289286209687e-09
82.12688075548719 2.5939596155833712e-09
82.23123511476989 2.6083726355262143e-09
82.3355894740526 2.4572606112170444e-09
82.4399438333353 2.4741207775771076e-09
82.544298192618 2.4061203175175538e-09
82.64865255190071 2.251966515464351e-09
82.7530069111834 2.1586753560314193e-09
82.85736127046611 1.983305538045453e-09
82.96171562974881 1.965146777875458e-09
83.06606998903152 1.854971448473418e-09
83.17042434831421 1.7144099466050608e-09
83.27477870759692 1.5921037298705148e-09
83.37913306687962 1.3918203383223914e-09
83.48348742616233 1.3323643067110067e-09
83.58784178544504 1.212217563610654e-09
83.69219614472775 1.1614908439468775e-09
83.79655050401044 1.1834962977932612e-09
83.90090486329315 1.239069035057933e-09
84.00525922257584 1.4101614148837576e-09
84.10961358185855 1.4285972198897524e-09
84.21396794114125 1.4768664915294304e-09
84.31832230042394 1.5178587805364853e-09
84.42267665970665 1.5007968328992773e-09
84.52703101898935 1.463029283144421e-09
84.63138537827206 1.2464568877017726e-09
84.73573973755477 1.1121408976043796e-09
84.84009409683748 9.689263834019894e-10
84.94444845612017 7.532846399334947e-10
85.04880281540288 5.888171781036545e-10
85.15315717468557 4.330414468932414e-10
85.25751153396828 4.0758089844569525e-10
85.36186589325098 3.925019748367924e-10
85.46622025253369 3.906035636595809e-10
85.57057461181638 4.2717014270577384e-10
85.67492897109909 4.704625866697587e-10
85.77928333038179 5.78113073149915e-10
85.8836376896645 5.73063830031544e-10
85.9879920489472 5.564282593109404e-10
86.0923464082299 5.722538333104154e-10
86.19670076751261 5.416413932330401e-10
86.3010551267953 5.058275992593622e-10
86.40540948607801 3.994057116176002e-10
86.50976384536071 3.5234251595301234e-10
86.61411820464342 3.274792856380237e-10
86.71847256392611 2.568797017402482e-10
86.82282692320882 2.2556679334107234e-10
86.92718128249152 1.87403418235534e-10
87.03153564177424 1.8101074687093511e-10
87.13589000105694 1.572121158926135e-10
87.24024436033963 1.1446130170561562e-10
87.34459871962234 1.0460695675876202e-10
87.44895307890503 7.829488498474818e-11
87.55330743818774 7.32418961135952e-11
87.65766179747044 6.434788039264367e-11
87.76201615675315 6.813143422694047e-11
87.86637051603584 8.785727944401497e-11
87.97072487531855 9.751532361218549e-11
88.07507923460125 1.3743802682244708e-10
88.17943359388397 1.54235521354184e-10
88.28378795316667 1.6953812516734597e-10
88.38814231244938 1.8305949127118636e-10
88.49249667173207 1.775581736576424e-10
88.59685103101478 1.820524817445974e-10
88.70120539029747 1.3790974495223225e-10
88.80555974958018 1.0140178545034629e-10
88.90991410886288 8.757229909891448e-11
89.01426846814557 4.065258477483142e-11
89.11862282742828 1.4053791206434425e-11
89.22297718671098 1.0389566703983595e-11
89.3273315459937 3.759476047972254e-12
89.4316859052764 1.1221061934727768e-11
89.5360402645591 3.9692821577189384e-11
89.6403946238418 4.865600224259251e-11
89.74474898312451 5.951144171623431e-11
89.8491033424072 1.0759528103479113e-10
89.95345770168991 1.1098329584027047e-10
90.05781206097261 9.666330140225878e-11
90.16216642025532 1.1725511026173582e-10
90.26652077953801 1.0660872489913954e-10
90.37087513882072 7.860422727595205e-11
90.47522949810343 6.355037957611551e-11
90.57958385738613 5.1177643489974414e-11
90.68393821666884 3.414310219673064e-11
90.78829257595153 1.7031272203697377e-11
90.89264693523424 1.2714105217003741e-11
90.99700129451693 1.0617968106227804e-11
91.10135565379964 9.526279386591755e-12
91.20571001308234 1.2650179045210178e-11
91.31006437236505 1.6423263563202777e-11
91.41441873164774 1.8339377958231774e-11
91.51877309093047 1.849859350137787e-11
91.62312745021316 2.215402085956077e-11
91.72748180949586 1.9676895165574734e-11
91.83183616877857 1.823806722448609e-11
91.93619052806126 1.9242286092351647e-11
92.04054488734397 1.1917182956245496e-11
92.14489924662666 1.2326302916447746e-11
92.24925360590937 1.1954426213895787e-11
92.35360796519207 5.337051380366557e-12
92.45796232447478 7.985389011311005e-12
92.56231668375747 8.719563791258281e-12
92.6666710430402 5.081134375408845e-12
92.77102540232289 5.050615219906699e-12
92.8753797616056 7.751800947082502e-12
92.9797341208883 8.147659470503528e-12
93.084088480171 6.230227025511491e-12
93.1884428394537 1.0607884774380004e-11
93.29279719873641 1.520745707200771e-11
93.3971515580191 1.2718254956630345e-11
93.5015059173018 1.8081292647392464e-11
93.60586027658451 3.107522880408452e-11
93.7102146358672 2.6774535987404905e-11
93.81456899514993 2.7407050258848093e-11
93.91892335443262 4.704728050150383e-11
94.02327771371533 4.330472447524279e-11
94.12763207299803 3.770174629455517e-11
94.23198643228073 6.073515677333199e-11
94.33634079156343 5.845739786314878e-11
94.44069515084614 4.6030750469468885e-11
94.54504951012883 6.374479591148625e-11
94.64940386941154 6.425271812290031e-11
94.75375822869424 5.4148100307164464e-11
94.85811258797695 6.967727071899537e-11
94.96246694725966 7.260846518456004e-11
95.06682130654235 6.662629156695381e-11
95.17117566582506 7.971389165692701e-11
95.27553002510776 8.136559763104642e-11
95.37988438439046 8.09090975877644e-11
95.48423874367316 9.291357583952094e-11
95.58859310295587 8.893539078314496e-11
95.69294746223856 8.928193707610988e-11
95.79730182152127 1.002998954600567e-10
95.90165618080397 9.21497205982425e-11
96.00601054008668 9.31658920281349e-11
96.11036489936939 1.0678539548399037e-10
96.2147192586521 9.773336060311498e-11
96.31907361793479 9.36976866982362e-11
96.42342797721749 1.0432118223749753e-10
96.5277823365002 9.782095575555783e-11
96.63213669578289 9.21770138251459e-11
96.7364910550656 1.0153750313916558e-10
96.8408454143483 1.0233368298066378e-10
96.945199773631 9.543370803098298e-11
97.0495541329137 9.661336072441804e-11
97.15390849219641 1.0195690250541295e-10
97.25826285147912 9.772832150088727e-11
97.36261721076183 8.986750103673063e-11
97.46697157004452 9.759726057264151e-11
97.57132592932723 9.760091889257745e-11
97.67568028860993 8.1549869286329e-11
97.78003464789263 8.808611735146845e-11
97.88438900717533 9.554191777992977e-11
97.98874336645804 7.7502651271898e-11
98.09309772574073 8.079740695745323e-11
98.19745208502343 9.166618991380734e-11
98.30180644430614 7.235096211488326e-11
98.40616080358885 6.962129384759638e-11
98.51051516287156 8.148843419100377e-11
98.61486952215425 6.810056155496612e-11
98.71922388143696 6.429626013557212e-11
98.82357824071966 7.407895407553729e-11
98.92793260000236 6.390477291185291e-11
99.03228695928506 5.866859392333694e-11
99.13664131856777 6.325636905428967e-11
99.24099567785046 5.676270623695536e-11
99.34535003713317 5.448800879144176e-11
99.44970439641587 5.4648583037743155e-11
99.55405875569858 4.852099772070569e-11
99.65841311498129 4.916934024155079e-11
99.76276747426398 4.731574615003706e-11
99.86712183354669 4.1183653603089936e-11
99.97147619282939 4.4943949581314495e-11
100.0758305521121 4.2600476079961666e-11
100.18018491139479 3.427742591974774e-11
100.2845392706775 3.733011957168641e-11
100.3888936299602 3.6057797661338407e-11
100.4932479892429 2.869965593638775e-11
100.5976023485256 3.1735499660202714e-11
100.70195670780832 3.2631012425156195e-11
100.80631106709102 2.6248400477472903e-11
100.91066542637373 2.5837801658689213e-11
101.01501978565642 2.6054284907053426e-11
101.11937414493912 2.2821992570832948e-11
101.22372850422182 2.106387628525544e-11
101.32808286350452 2.064309691821278e-11
101.43243722278723 2.0615116982881424e-11
101.53679158206992 1.7983531296097722e-11
101.64114594135263 1.5324137606041642e-11
101.74550030063534 1.7902935428938428e-11
101.84985465991805 1.6396058566516368e-11
101.95420901920075 1.1361528661507732e-11
102.05856337848346 1.4749664222493853e-11
102.16291773776615 1.4361792679793684e-11
102.26727209704886 7.869088748231798e-12
102.37162645633155 1.0987679875214084e-11
102.47598081561426 1.299987846636781e-11
102.58033517489696 6.787330378709719e-12
102.68468953417967 8.856963474860003e-12
102.78904389346236 1.1334163288042373e-11
102.89339825274507 5.469722421313251e-12
102.99775261202778 5.936422879283285e-12
103.10210697131048 8.549118376679918e-12
103.20646133059319 4.819033425766559e-12
103.31081568987588 4.79200316126112e-12
103.41517004915859 6.6704293212341014e-12
103.51952440844128 4.112108546404037e-12
103.623878767724 3.941387980367535e-12
103.72823312700669 4.737598356513476e-12
103.8325874862894 3.3694924952183648e-12
103.9369418455721 3.514284317223599e-12
104.0412962048548 3.3805066498892723e-12
104.14565056413751 2.2701524116463595e-12
104.2500049234202 2.836924352179307e-12
104.35435928270292 2.5903602362260256e-12
104.45871364198561 1.7705773830324846e-12
104.56306800126832 2.5924772672070268e-12
104.66742236055102 2.3310391667531976e-12
104.77177671983372 1.2570550577466816e-12
104.87613107911642 1.5703918573522557e-12
104.98048543839913 1.727283666575716e-12
105.08483979768182 1.1341441941026365e-12
105.18919415696455 1.090083987454852e-12
105.29354851624724 1.7009801792916166e-12
105.39790287552995 1.268978375296213e-12
105.50225723481265 5.700526156720767e-13
105.60661159409534 1.177410462257388e-12
105.71096595337805 1.5073431800414105e-12
105.81532031266075 3.0444849720438517e-13
105.91967467194345 7.989485239932186e-13
106.02402903122615 1.4183405223735128e-12
106.12838339050886 1.9554655065379402e-13
106.23273774979155 4.4426000849572117e-13
106.33709210907428 1.4508560345370743e-12
106.44144646835697 3.4929414089847683e-13
106.54580082763968 1.8471040269891662e-13
106.65015518692238 1.177057833959108e-12
106.75450954620509 3.036215971903242e-13
106.85886390548778 5.792438496719494e-14
106.96321826477049 7.843855169789107e-13
107.06757262405318 3.7078683574182344e-13
107.1719269833359 7.007845508396635e-15
107.27628134261859 6.570912868375872e-13
107.38063570190128 3.136704246362639e-13
107.484990061184 1.4897476401123018e-14
107.5893444204667 3.5442496880107124e-13
107.69369877974941 1.9725854105832698e-13
107.7980531390321 1.7333141307557685e-14
107.90240749831482 2.964790698834078e-13
108.00676185759751 9.273917419337547e-14
108.11111621688022 6.428770925276699e-15
108.21547057616291 2.8199947037896743e-13
108.31982493544562 4.9353572640587386e-14
108.42417929472832 1.3024927052503463e-14
108.52853365401103 3.3156648930015227e-13
108.63288801329374 2.1050790806731564e-14
108.73724237257643 2.800843918017889e-14
108.84159673185914 3.138200158651597e-13
108.94595109114184 6.28401472144599e-14
109.05030545042455 4.2540552783800876e-14
109.15465980970724 4.4088796282255095e-13
109.25901416898995 1.167079997990107e-13
109.36336852827264 1.4335548516041264e-13
109.46772288755535 2.977526243977406e-13
109.57207724683805 1.3943731412997848e-13
109.67643160612076 2.3132236259467923e-13
109.78078596540345 3.5136339569086306e-13
109.88514032468616 1.5743896286454006e-13
109.98949468396886 2.4103078771752945e-13
110.09384904325157 2.6426360060036544e-13
110.19820340253426 1.3970770597774578e-13
110.30255776181698 3.7707207973382546e-13
110.4069121210997 1.7017354481810178e-13
110.51126648038239 1.0147075715283524e-13
110.6156208396651 2.616793719222072e-13
110.7199751989478 1.6943565842798718e-13
110.8243295582305 5.96167682741438e-14
110.9286839175132 2.9552695545308177e-13
111.0330382767959 4.9613097034126306e-14
111.1373926360786 2.8885025879441016e-14
111.24174699536131 1.916544370379016e-13
111.346101354644 5.950351051140716e-14
111.45045571392671 1.481498133189676e-14
111.55481007320941 1.0947302791415204e-13
111.65916443249212 2.4696714324623305e-14
111.76351879177481 1.0616793874448336e-15
111.86787315105752 7.812683003946017e-14
111.97222751034022 3.29999782480931e-14
112.07658186962291 8.064834162302626e-15
112.18093622890562 5.74568475690277e-14
112.28529058818832 4.8053460767516964e-14
112.38964494747103 1.0170895608482726e-14
112.49399930675372 4.47955252382152e-14
112.59835366603646 1.1601491323843317e-13
112.70270802531915 1.534634774430539e-14
112.80706238460186 9.151574060643736e-14
112.91141674388456 1.0601299989145039e-13
113.01577110316725 2.542227664982706e-14
113.12012546244996 1.271145592226858e-13
113.22447982173266 1.804205662920395e-13
113.32883418101537 2.6901006792191258e-14
113.43318854029806 1.2857928724544126e-13
113.53754289958077 1.5924466290613854e-13
113.64189725886347 2.780529764199478e-14
113.74625161814618 2.2355746484140423e-13
113.85060597742887 1.353794257298545e-13
113.95496033671158 3.384207070802719e-14
114.05931469599427 1.5151151555623535e-13
114.16366905527698 1.505830403541865e-13
114.26802341455968 4.0260319855179e-14
114.37237777384239 1.9802288552537642e-13
114.47673213312508 6.033643330372696e-14
114.58108649240779 3.545203473842961e-14
114.68544085169049 1.4977953678521973e-13
114.7897952109732 6.250776678422668e-14
114.89414957025592 6.124381708126355e-14
114.99850392953861 1.0938528859646541e-13
115.10285828882132 1.2765450682613104e-14
115.20721264810402 3.017663092689848e-14
115.31156700738673 1.0746307705787307e-13
115.41592136666942 3.0554858345154053e-15
115.52027572595213 5.705558833099821e-14
115.62463008523483 3.479921803323559e-14
115.72898444451754 1.5567385478104272e-15
115.83333880380023 3.2946647604315794e-14
115.93769316308294 3.59532336699512e-14
116.04204752236564 1.8656826530967738e-14
116.14640188164834 2.067553985373185e-14
116.25075624093104 1.6294016685249433e-14
116.35511060021375 1.1589496041688062e-14
116.45946495949644 2.0708665809869913e-14
116.56381931877915 2.1466971039405876e-14
116.66817367806185 4.3197842301164556e-14
116.77252803734454 1.0901521100499284e-15
116.87688239662725 3.104741073605864e-14
116.98123675590995 3.8126069980686967e-14
117.08559111519266 8.510925963414033e-16
117.18994547447538 8.692132786753057e-14
117.29429983375809 3.956636964675953e-14
117.39865419304078 1.263676604347552e-14
117.5030085523235 7.450964959606511e-14
117.60736291160619 5.726422765866422e-14
117.71171727088888 2.4642354722743035e-14
117.81607163017159 1.555726434408828e-13
117.92042598945429 3.110478162463315e-14
118.024780348737 4.201394577005325e-14
118.12913470801969 1.3991642940417283e-13
118.2334890673024 5.137769829106819e-14
118.3378434265851 1.0625165601402953e-13
118.4421977858678 1.471306239515347e-13
118.5465521451505 3.088327893236711e-14
118.65090650443321 8.525909957694103e-14
118.7552608637159 1.7873867196894883e-13
118.85961522299861 2.977638824795385e-14
118.96396958228131 1.4377135378807856e-13
119.06832394156402 1.0470388903706774e-13
119.17267830084671 2.6848946711525375e-14
119.27703266012942 1.1611869391919902e-13
119.38138701941214 1.3191792217038622e-13
119.48574137869484 1.723500949283022e-14
119.59009573797755 1.0725599255197492e-13
119.69445009726024 5.942679012683349e-14
119.79880445654295 1.0619816368080015e-14
119.90315881582565 1.0297779280039471e-13
120.00751317510836 4.8855791544631595e-14
120.11186753439105 5.247560754269709e-15
120.21622189367376 4.896757402005672e-14
120.32057625295646 3.9683742270467496e-14
120.42493061223917 2.196981188779459e-16
120.52928497152186 3.988602772866823e-14
120.63363933080457 4.08879444221566e-14
120.73799369008727 1.9691857973308145e-15
120.84234804936997 3.156610829250484e-14
120.94670240865267 5.235533508601465e-14
121.05105676793538 1.1835984613075987e-14
121.15541112721807 3.7678751123902975e-14
121.25976548650077 1.0499788580507663e-13
121.36411984578348 2.1780763170345943e-14
121.46847420506617 5.43960561329588e-14
121.57282856434888 1.254195521917878e-13
121.6771829236316 3.949112101455087e-14
121.78153728291431 1.214822084072707e-13
121.88589164219701 1.6592536919764535e-13
121.99024600147972 5.075651618922333e-14
122.09460036076241 1.0956858505294421e-13
122.19895472004512 2.1509305438439734e-13
122.30330907932782 6.118325303876653e-14
122.40766343861051 1.9597624580066373e-13
122.51201779789322 1.6878946669858183e-13
122.61637215717592 6.277433299592376e-14
122.72072651645863 1.7293611274651274e-13
122.82508087574132 2.1845987979972955e-13
122.92943523502403 5.6397777930739395e-14
123.03378959430673 1.707192329955259e-13
123.13814395358943 1.3972769881737117e-13
123.24249831287213 5.1201696422237954e-14
123.34685267215484 1.7095681825128475e-13
123.45120703143753 1.2224010567085463e-13
123.55556139072024 2.9430320044105327e-14
123.65991575000294 1.0690004774622203e-13
123.76427010928565 8.96266963789792e-14
123.86862446856834 1.7106987873516638e-14
123.97297882785107 1.0046785544888545e-13
124.07733318713377 4.9509447509974664e-14
124.18168754641647 5.367392224601029e-15
124.28604190569918 5.749604463144939e-14
124.39039626498187 5.6289800607947133e-14
124.49475062426458 6.472465283934561e-16
124.59910498354728 4.300564645063379e-14
124.70345934282999 6.936916934303898e-14
124.80781370211268 1.0162450207899582e-14
124.91216806139539 4.355297181296392e-14
125.01652242067809 8.467687330713639e-14
125.1208767799608 1.757059259574555e-14
125.22523113924349 8.01470687567774e-14
125.3295854985262 1.2144287641708517e-13
125.4339398578089 3.481622372927165e-14
125.5382942170916 7.347145196541628e-14
125.6426485763743 1.6603412167054152e-13
125.74700293565701 4.5957346559993606e-14
125.8513572949397 1.4899181708662839e-13
125.9557116542224 1.458458309761339e-13
126.06006601350511 5.661284072777729e-14
126.1644203727878 1.3247284814733072e-13
126.26877473207054 2.0022651984231745e-13
126.37312909135323 5.637475934300966e-14
126.47748345063594 1.6061737327930787e-13
126.58183780991864 1.3361426664197447e-13
126.68619216920135 5.4250774159085895e-14
126.79054652848404 1.6718699529266475e-13
126.89490088776674 1.3237070516013926e-13
126.99925524704945 4.102971833478476e-14
127.10360960633214 1.1481870677946314e-13
127.20796396561485 9.776742311725959e-14
127.31231832489755 2.8792715709925015e-14
127.41667268418026 1.2158451332806232e-13
127.52102704346295 4.845376990520249e-14
127.62538140274566 1.523783982949836e-14
127.72973576202835 6.304187426098478e-14
127.83409012131106 4.8482926122307225e-14
127.93844448059376 5.506960242854967e-15
128.04279883987647 5.02388787866664e-14
128.14715319915916 2.154352564077387e-14
128.25150755844186 1.3979121823960093e-15
128.35586191772458 3.0567737831444904e-14
128.4602162770073 2.722391061871578e-14
128.56457063629 2.2304413614791917e-15
128.6689249955727 2.9158668002403046e-14
128.7732793548554 4.153085597402307e-14
128.8776337141381 3.6324736973318e-15
128.9819880734208 2.3152286980563442e-14
129.0863424327035 6.344959299557197e-14
129.1906967919862 8.595738257636006e-15
129.29505115126892 5.90596692495452e-14
129.39940551055162 6.191651282543556e-14
129.5037598698343 1.3002253712240322e-14
129.608114229117 5.562114155157631e-14
129.71246858839973 9.892527853025426e-14
129.81682294768243 1.8474447001213584e-14
129.92117730696512 8.421439536696051e-14
130.02553166624782 6.984141042517313e-14
130.12988602553054 1.755498077102563e-14
130.23424038481323 1.0195246379403915e-13
130.33859474409593 8.224035042110131e-14
130.44294910337862 2.6149712621038998e-14
130.54730346266132 8.078591615493307e-14
130.65165782194404 6.130572785681165e-14
130.75601218122677 2.0521105653972873e-14
130.86036654050946 1.1267043101446842e-13
130.96472089979216 3.3684031604314843e-14
131.06907525907488 2.3940082872979593e-14
131.17342961835757 6.810598716714321e-14
131.27778397764027 3.493683543800051e-14
131.38213833692296 2.7584338549903463e-14
131.4864926962057 6.807725218081034e-14
131.59084705548838 6.666315973805874e-15
131.69520141477108 1.8431595306925287e-14
131.79955577405377 4.639082472457859e-14
131.90391013333647 6.715237623038009e-15
132.0082644926192 2.8030277757752386e-14
132.11261885190189 2.508487821472985e-14
132.21697321118458 7.547813047068485e-16
132.32132757046728 1.0409131070069778e-14
132.42568192975 2.347155628369193e-14
132.5300362890327 3.212062067394444e-15
132.6343906483154 1.164468322387573e-14
132.73874500759808 1.4503720111064097e-14
132.8430993668808 4.881804943402165e-15
132.9474537261635 4.132540348106444e-15
133.05180808544623 1.4265013863165898e-14
133.15616244472892 1.8987849588816838e-14
133.26051680401162 2.2562934278394693e-15
133.36487116329434 2.921526849549653e-14
133.46922552257703 1.4121680634992476e-14
133.57357988185973 1.3864735979876221e-15
133.67793424114242 4.7639921224885426e-14
133.78228860042515 2.6142666697027514e-14
133.88664295970784 1.9418837152353974e-14
133.99099731899054 5.30253526847641e-14
134.09535167827323 2.7934905234939812e-14
134.19970603755596 1.9244049111130567e-14
134.30406039683865 9.615051003856174e-14
134.40841475612135 2.7374066986995383e-14
134.51276911540404 4.6967876686871974e-14
134.61712347468676 7.645392721120326e-14
134.72147783396946 3.6614840779491195e-14
134.82583219325215 6.097912942707413e-14
134.93018655253485 1.1024917506756787e-13
135.03454091181757 2.4569137382230817e-14
135.13889527110027 5.940166233032125e-14
135.24324963038296 9.602110974612995e-14
135.34760398966569 2.948064025851979e-14
135.45195834894838 8.694225704858068e-14
135.5563127082311 7.566689805898033e-14
135.6606670675138 1.8961301594601283e-14
135.7650214267965 6.056514258164474e-14
135.8693757860792 8.095457488721084e-14
135.9737301453619 1.2232598015422498e-14
136.0780845046446 6.500944283507096e-14
136.1824388639273 4.0389971401737934e-14
136.28679322321 9.103502456946846e-15
136.3911475824927 4.2801191792955874e-14
136.49550194177542 4.6176936395001513e-14
136.5998563010581 1.0084349944398796e-15
136.7042106603408 2.959079386425647e-14
136.8085650196235 3.114846963936094e-14
136.91291937890622 4.6919370869771166e-15
137.01727373818892 2.2228112999923732e-14
137.1216280974716 3.674767195781046e-14
137.2259824567543 5.14684724173576e-15
137.33033681603703 3.0100491518980235e-14
137.43469117531973 4.807094349247684e-14
137.53904553460242 1.3373049047556727e-14
137.64339989388515 2.6606644793549457e-14
137.74775425316784 8.360139872093447e-14
137.85210861245056 2.4490920979627023e-14
137.95646297173326 5.4836790627600634e-14
138.06081733101595 8.595302440998087e-14
138.16517169029865 3.6074172958675734e-14
138.26952604958137 7.410861047709121e-14
138.37388040886407 1.2690517230048045e-13
138.47823476814676 4.484566649732135e-14
138.58258912742946 8.142135193190193e-14
138.68694348671218 1.2391290846003748e-13
138.79129784599488 5.191471221375516e-14
138.89565220527757 1.208753092910424e-13
139.00000656456027 1.1933963041174536e-13
139.104360923843 4.728072897286797e-14
139.20871528312568 9.416474113547104e-14
139.31306964240838 1.3048002107491019e-13
139.41742400169107 4.249694306087888e-14
139.5217783609738 1.0904547010684859e-13
139.6261327202565 8.067093128784858e-14
139.7304870795392 3.522953415205515e-14
139.8348414388219 8.51518447044353e-14
139.9391957981046 8.42145057943181e-14
140.04355015738733 1.7748288827595997e-14
140.14790451667002 6.364157033456982e-14
140.25225887595272 5.04860586892484e-14
140.35661323523541 1.625753578123027e-14
140.46096759451814 5.0369258493083926e-14
140.56532195380083 4.354053280284446e-14
140.66967631308353 3.706963564027703e-15
140.77403067236622 3.684396059618082e-14
140.87838503164892 4.2917753684685975e-14
140.98273939093164 7.52798680581559e-15
141.08709375021434 2.7784034151169644e-14
141.19144810949703 5.3373814206126494e-14
141.29580246877973 1.2981217279722962e-14
141.40015682806245 4.1800238306335576e-14
141.50451118734514 5.807507036638378e-14
141.60886554662784 1.9827585649720585e-14
141.71321990591053 5.0283374283503287e-14
141.81757426519326 9.064991212599936e-14
141.92192862447595 3.0529859111836726e-14
142.02628298375865 5.90531715967908e-14
142.13063734304137 9.414996306343377e-14
142.23499170232407 3.7007225972369067e-14
142.3393460616068 9.335957887545331e-14
142.44370042088948 9.972023842241353e-14
142.54805478017218 4.068408561971375e-14
142.65240913945487 7.63538033018506e-14
142.7567634987376 1.1309840064579976e-13
142.8611178580203 3.874029992481931e-14
142.965472217303 1.0288899717775047e-13
143.06982657658568 7.681292400309681e-14
143.1741809358684 3.454150596039553e-14
143.2785352951511 8.020646716224828e-14
143.3828896544338 8.670286061236278e-14
143.4872440137165 2.365239417281676e-14
143.59159837299921 6.894587839361653e-14
143.6959527322819 4.7912559563513335e-14
143.8003070915646 1.8493963027308214e-14
143.9046614508473 6.077574405468002e-14
144.00901581013002 3.616642415119807e-14
144.11337016941272 7.068574807016088e-15
144.2177245286954 3.4885821330630505e-14
144.3220788879781 2.6438754680215134e-14
144.42643324726083 3.240125355457881e-15
144.53078760654356 2.8125576422459678e-14
144.63514196582625 1.7407474000807527e-14
144.73949632510895 8.121442548677698e-16
144.84385068439164 1.8649479957704387e-14
144.94820504367436 2.0915479526639814e-14
145.05255940295706 7.027021996824585e-16
145.15691376223975 1.69735789762323e-14
145.26126812152245 3.096486098833064e-14
145.36562248080517 4.804860113985897e-15
145.46997684008787 1.9672604014047736e-14
145.57433119937056 3.327639352670923e-14
145.67868555865326 6.661861677771134e-15
145.78303991793595 3.78908305519922e-14
145.88739427721868 4.1912002107161163e-14
145.99174863650137 1.0267307325134239e-14
146.09610299578407 3.2386525161296416e-14
146.20045735506676 5.335112786509322e-14
146.30481171434948 1.217642879010146e-14
146.40916607363218 5.747125280793558e-14
146.51352043291487 3.96748485876292e-14
146.61787479219757 1.4041673738238109e-14
146.7222291514803 5.0145442963270844e-14
146.82658351076302 5.1038880304785564e-14
146.9309378700457 1.8406114475144308e-14
147.0352922293284 5.534311769420272e-14
147.1396465886111 2.941593220242907e-14
147.24400094789382 1.4121964974239067e-14
147.34835530717652 6.04785876507852e-14
147.4527096664592 2.7111131280502415e-14
147.5570640257419 1.9111701329375467e-14
147.66141838502463 3.89628358774104e-14
147.76577274430733 1.9073230346036906e-14
147.87012710359002 1.463842555556595e-14
147.97448146287272 4.5962937682283256e-14
148.07883582215544 6.014605671518178e-15
148.18319018143814 1.3475348026893012e-14
148.28754454072083 2.5484210965587166e-14
148.39189890000353 6.871656502179059e-15
148.49625325928625 1.2583874641786331e-14
148.60060761856894 2.119049890971559e-14
148.70496197785164 8.028441793156401e-16
148.80931633713433 6.0053221339321765e-15
148.91367069641706 1.5120371478984918e-14
149.01802505569978 2.3843569509913703e-15
149.12237941498248 5.5296237241709106e-15
149.22673377426517 1.3154955994296187e-14
149.33108813354787 4.355441816728932e-15
149.4354424928306 3.103178115777633e-15
149.53979685211328 1.4163900791663769e-14
149.64415121139598 8.974695153658427e-15
149.74850557067867 2.471433570826003e-15
149.8528599299614 2.865249568228228e-14
149.9572142892441 1.0918973979080801e-14
150.0615686485268 5.809829147334146e-15
150.16592300780948 3.207292549586919e-14
150.27027736709218 2.094707856821008e-14
150.3746317263749 1.780169507817077e-14
150.4789860856576 4.715379722789597e-14
150.5833404449403 2.0903375263076734e-14
150.68769480422299 1.852446915820453e-14
150.7920491635057 6.322402256097132e-14
150.8964035227884 2.6548569222685267e-14
151.0007578820711 4.11081524885332e-14
151.1051122413538 5.759982100944478e-14
151.20946660063652 2.7574474115390482e-14
151.31382095991924 3.82045324503335e-14
151.41817531920194 8.094989996282464e-14
151.52252967848463 2.3555200781557854e-14
151.62688403776733 4.8067324942255936e-14
151.73123839705005 5.757257026411917e-14
151.83559275633274 2.7234154280043937e-14
151.93994711561544 5.107316772599242e-14
152.04430147489813 6.076625552909887e-14
152.14865583418086 1.502970657174967e-14
152.25301019346355 3.9622470210963484e-14
152.35736455274625 4.934116051725812e-14
152.46171891202894 1.4518679391697055e-14
152.56607327131167 3.943593758191614e-14
152.67042763059436 3.3569264130805554e-14
152.77478198987706 7.794682229210825e-15
152.87913634915975 2.57253716612761e-14
152.98349070844247 3.51694212081023e-14
153.08784506772517 4.454416266663092e-15
153.19219942700786 2.0581223479799967e-14
153.29655378629056 2.844036531202517e-14
153.40090814557328 8.959201937308341e-15
153.505262504856 1.835482278878962e-14
153.6096168641387 3.397317569509307e-14
153.7139712234214 9.075426845837071e-15
153.8183255827041 2.6117414643666864e-14
153.92267994198681 4.590738984039532e-14
154.0270343012695 1.854135774413655e-14
154.1313886605522 2.493994550618962e-14
154.2357430198349 6.229105348722731e-14
154.34009737911762 2.601858259258299e-14
154.44445173840032 5.051399970381722e-14
154.548806097683 6.639775428494807e-14
154.6531604569657 3.3888426498740855e-14
154.7575148162484 5.023005490457212e-14
154.86186917553113 9.31976085106637e-14
154.96622353481382 3.8489088542418577e-14
155.07057789409652 6.73108113924982e-14
155.1749322533792 7.87762233571274e-14
155.27928661266193 4.257097483457188e-14
155.38364097194463 7.385496610051591e-14
155.48799533122732 9.099387180216758e-14
155.59234969051002 3.521148675575837e-14
155.69670404979274 6.272183551181984e-14
155.80105840907547 7.798173286880117e-14
155.90541276835816 3.4574363434375833e-14
156.00976712764086 6.777729261129849e-14
156.11412148692355 5.872147589294215e-14
156.21847584620627 2.3233433805777894e-14
156.32283020548897 4.796485845459935e-14
156.42718456477166 5.775456346681407e-14
156.53153892405436 1.4739699873568915e-14
156.63589328333708 4.055622068438399e-14
156.74024764261978 3.5365435902570686e-14
156.84460200190247 1.3374467452164066e-14
156.94895636118517 3.009491059897068e-14
157.0533107204679 3.617596194435965e-14
157.1576650797506 5.421915124437846e-15
157.26201943903328 2.5725588985736212e-14
157.36637379831598 3.476719258751688e-14
157.4707281575987 1.2537029170477251e-14
157.5750825168814 2.100115074522566e-14
157.6794368761641 4.159726175964387e-14
157.78379123544678 1.313688651952507e-14
157.8881455947295 3.573810158803438e-14
157.9924999540122 4.6362468373724515e-14
158.09685431329493 1.9915145137181108e-14
158.20120867257762 3.282096997340153e-14
158.30556303186032 6.647848343611288e-14
158.40991739114304 2.593536828256709e-14
158.51427175042573 4.843350630885559e-14
158.61862610970843 6.016450025346062e-14
158.72298046899112 3.0006867274856714e-14
158.82733482827385 5.5629691367410254e-14
158.93168918755654 7.365791953668631e-14
159.03604354683924 2.984419711879573e-14
159.14039790612193 5.161969895334837e-14
159.24475226540463 6.514557812884944e-14
159.34910662468735 2.916734048144102e-14
159.45346098397005 6.30976108094176e-14
159.55781534325274 5.3460836625846076e-14
159.66216970253544 2.2476175106420252e-14
159.76652406181816 4.4595039101610836e-14
159.87087842110085 5.333334823664073e-14
159.97523278038355 1.6339645813089134e-14
160.07958713966624 4.420083681546976e-14
160.18394149894897 2.8611541804191184e-14
160.28829585823166 1.2155003680613083e-14
160.3926502175144 3.1077547995113e-14
160.49700457679708 2.7716040632554343e-14
160.60135893607978 4.182083271376691e-15
160.7057132953625 2.194639950790362e-14
160.8100676546452 1.617553780949818e-14
160.9144220139279 3.967350497681959e-15
161.01877637321059 1.663843634541283e-14
161.1231307324933 1.4163232836768239e-14
161.227485091776 7.155344474135094e-16
161.3318394510587 1.4313584037232253e-14
161.4361938103414 1.526848773977023e-14
161.54054816962412 2.1987499661091835e-15
161.6449025289068 1.1295097362902089e-14
161.7492568881895 2.1672799167117218e-14
161.8536112474722 4.245840384049231e-15
161.95796560675493 1.839620953166542e-14
162.06231996603762 2.1041669296639428e-14
162.16667432532032 5.565516996428529e-15
162.271028684603 2.2719413370590835e-14
162.37538304388573 3.08443812317997e-14
162.47973740316843 9.44416170013257e-15
162.58409176245115 2.4202795993973123e-14
162.68844612173385 2.983449853314329e-14
162.79280048101654 9.5328731396161e-15
162.89715484029927 3.8436851935384053e-14
163.00150919958196 2.854228149878395e-14
163.10586355886466 1.2003220057860048e-14
163.21021791814735 3.059635134295249e-14
163.31457227743007 3.170744907647466e-14
163.41892663671277 1.2441525449832168e-14
163.52328099599546 4.1586589576955194e-14
163.62763535527816 1.89555735226449e-14
163.73198971456088 1.1571901871062354e-14
163.83634407384358 3.452889706804144e-14
163.94069843312627 2.1789756935240374e-14
164.04505279240897 1.3944335748153383e-14
164.14940715169166 2.982072258795697e-14
164.25376151097439 1.0891259166773466e-14
164.35811587025708 1.0342098442769425e-14
164.46247022953978 2.972953141871604e-14
164.56682458882247 7.783479562986235e-15
164.6711789481052 1.0326893042191444e-14
164.7755333073879 1.7440549224300272e-14
164.8798876666706 6.0384609055651066e-15
164.9842420259533 6.996456881871646e-15
165.088596385236 1.7786443337366472e-14
165.19295074451873 1.932245313472058e-15
165.29730510380142 4.7836140796544116e-15
165.40165946308412 1.2331655272878648e-14
165.5060138223668 4.313402616179361e-15
165.61036818164953 3.015805149381223e-15
165.71472254093223 1.269499826587079e-14
165.81907690021492 4.9928080480458365e-15
165.92343125949762 4.734192924175545e-15
166.02778561878034 1.5216782959571215e-14
166.13213997806304 8.130393513577558e-15
166.23649433734573 3.3705867573194838e-15
166.34084869662843 2.558697473514935e-14
166.44520305591115 1.2051980698098899e-14
166.54955741519385 1.1103400951086753e-14
166.65391177447654 2.6219069634479505e-14
166.75826613375924 1.8029853802325544e-14
166.86262049304196 1.5435601311171566e-14
166.96697485232465 4.310598217593892e-14
167.07132921160735 1.9228227351506544e-14
167.17568357089007 2.0551443979669467e-14
167.28003793017277 4.426999952346428e-14
167.3843922894555 2.5562792847588687e-14
167.48874664873819 3.301417747585575e-14
167.59310100802088 4.8909482156116705e-14
167.69745536730358 2.332037228494134e-14
167.8018097265863 2.931045166019988e-14
167.906164085869 5.624441785042813e-14
168.0105184451517 2.3858335022954974e-14
168.11487280443438 3.81916623921217e-14
168.2192271637171 4.218650584022231e-14
168.3235815229998 2.224900694208111e-14
168.4279358822825 3.248364529934869e-14
168.5322902415652 4.8120834198398255e-14
168.6366446008479 1.4249897668346447e-14
168.7409989601306 2.896525322125839e-14
168.8453533194133 3.32682159746526e-14
168.949707678696 1.58021025802419e-14
169.0540620379787 2.4523627517908978e-14
169.15841639726142 3.067143316944961e-14
169.2627707565441 7.311883668132797e-15
169.3671251158268 1.9784214833705966e-14
169.47147947510953 2.770144948273826e-14
169.57583383439223 9.57356434403564e-15
169.68018819367495 1.5418510529053342e-14
169.78454255295765 2.726167556782332e-14
169.88889691224034 1.0683905280939944e-14
169.99325127152304 1.927647498745066e-14
170.09760563080576 3.069967283987689e-14
170.20195999008845 1.358569973108482e-14
170.30631434937115 2.0962545129391697e-14
170.41066870865384 4.283430837031103e-14
170.51502306793657 2.092368059787374e-14
170.61937742721926 2.6623863698044552e-14
170.72373178650196 4.689089264397051e-14
170.82808614578465 2.6556234689803836e-14
170.93244050506738 4.0779227874478356e-14
171.03679486435007 5.6712238377649747e-14
171.14114922363277 3.0810036067860425e-14
171.24550358291546 3.8490031886156576e-14
171.34985794219818 6.698112726297407e-14
171.45421230148088 3.406266899226966e-14
171.55856666076357 5.301758139034938e-14
171.6629210200463 5.765425035245239e-14
171.767275379329 3.434954130665857e-14
171.87162973861172 4.698361389675536e-14
171.9759840978944 6.795232649252888e-14
172.0803384571771 2.8347499123600635e-14
172.1846928164598 4.599606112640536e-14
172.28904717574252 4.981832205311988e-14
172.39340153502522 2.7880328465775255e-14
172.49775589430791 4.2392269645673694e-14
172.6021102535906 4.6333918995247e-14
172.70646461287333 1.632275613708013e-14
172.81081897215603 3.202707368020824e-14
172.91517333143872 3.794836062575344e-14
173.01952769072142 1.5218853367270617e-14
173.1238820500041 2.6335633174468765e-14
173.22823640928684 2.862278905555971e-14
173.33259076856953 1.032094145474475e-14
173.43694512785223 2.197741544573009e-14
173.54129948713492 2.8829131779696153e-14
173.64565384641764 8.288921808276588e-15
173.75000820570034 1.8397914728000573e-14
173.85436256498303 2.922029488145591e-14
173.95871692426576 1.3377530077846528e-14
174.06307128354848 1.9222690749578274e-14
174.16742564283118 3.1898746934563325e-14
174.27178000211387 1.3754334315264669e-14
174.37613436139657 2.7317717523747914e-14
174.48048872067926 3.870000603137653e-14
174.58484307996198 1.933621092318294e-14
174.68919743924468 2.5089181607784763e-14
174.79355179852737 4.6373937256689204e-14
174.89790615781007 2.223044988074469e-14
175.0022605170928 3.849478199501044e-14
175.1066148763755 4.331652267673389e-14
175.21096923565818 2.3845611986026527e-14
175.31532359494088 3.4906343856199065e-14
175.4196779542236 5.33860360544703e-14
175.5240323135063 2.2471369471636166e-14
175.628386672789 3.848067002142309e-14
175.7327410320717 4.0425007024480715e-14
175.8370953913544 2.1902415867675273e-14
175.9414497506371 3.803205160575345e-14
176.0458041099198 4.039085931546104e-14
176.1501584692025 1.5174241809119046e-14
176.25451282848522 2.915727127604805e-14
176.35886718776794 3.191301427189213e-14
176.46322154705064 1.2691049126672966e-14
176.56757590633333 2.8666618394311356e-14
176.67193026561603 2.0611613389148205e-14
176.77628462489875 7.53222761026454e-15
176.88063898418145 1.8775493632861144e-14
176.98499334346414 1.9332363347960706e-14
177.08934770274684 3.837978979620897e-15
177.19370206202956 1.488624270853465e-14
177.29805642131225 1.155115578137477e-14
177.40241078059495 3.699347650403569e-15
177.50676513987764 1.1136842250531573e-14
177.61111949916037 1.1740479331746918e-14
177.71547385844306 1.1756259127718498e-15
177.81982821772576 1.060324726085781e-14
177.92418257700845 1.2375953504754939e-14
178.02853693629115 3.676701090298493e-15
178.13289129557387 8.896383739337756e-15
178.23724565485657 1.539950411543552e-14
178.34160001413926 3.7406625663289315e-15
178.44595437342196 1.5860299402218275e-14
178.5503087327047 1.6139685408772652e-14
178.6546630919874 5.6393738883644334e-15
178.7590174512701 1.479744214192288e-14
178.8633718105528 2.294290411444063e-14
178.9677261698355 7.787047143067982e-15
179.0720805291182 2.1304446368617326e-14
179.1764348884009 1.9454288829249337e-14
179.2807892476836 8.080422559400822e-15
179.3851436069663 2.544231545045526e-14
179.48949796624902 2.311566533019761e-14
179.5938523255317 1.0684670436244224e-14
179.6982066848144 2.313152596910759e-14
179.8025610440971 2.0297684663349282e-14
179.90691540337983 1.0048229094757534e-14
180.01126976266252 3.049114014072777e-14
180.11562412194522 1.5798952948483876e-14
180.2199784812279 1.0774087956542961e-14
180.32433284051064 2.2413208925734576e-14
180.42868719979333 1.6934709290046325e-14
180.53304155907603 1.04419934778758e-14
180.63739591835872 2.4413634734879115e-14
180.74175027764144 8.572175891288897e-15
180.84610463692417 8.773253308817824e-15
180.95045899620686 1.9418722416045674e-14
181.05481335548956 9.481412269211474e-15
181.15916771477225 7.766323603098714e-15
181.26352207405498 1.4882502083611256e-14
181.36787643333767 5.24337796229767e-15
181.47223079262037 5.9059618247127946e-15
181.57658515190306 1.4419449907378577e-14
181.68093951118578 4.264121131479252e-15
181.78529387046848 4.074338090169114e-15
181.88964822975117 1.1845694781362232e-14
181.99400258903387 5.75093209630902e-15
182.0983569483166 3.8907628507006596e-15
182.2027113075993 1.2617667951893712e-14
182.30706566688198 6.393321196499889e-15
182.41142002616468 5.6873230062661254e-15
182.51577438544737 1.6684549759253907e-14
182.6201287447301 9.596755722689034e-15
182.7244831040128 5.703701393525991e-15
182.82883746329549 2.192435242984571e-14
182.93319182257818 1.3414980863854424e-14
183.03754618186093 1.3821529368360566e-14
183.14190054114363 2.4994649133358424e-14
183.24625490042632 1.691930974154655e-14
183.35060925970902 1.4248664528503898e-14
183.4549636189917 3.7141066462602194e-14
183.55931797827444 1.952364029301454e-14
183.66367233755713 2.20419004172242e-14
183.76802669683983 3.4050841862162477e-14
183.87238105612252 2.375886036454061e-14
183.97673541540524 2.5551206746707485e-14
184.08108977468794 4.3143759970708684e-14
184.18544413397063 2.0818924246690832e-14
184.28979849325333 2.525417701196031e-14
184.39415285253605 4.0139938505224817e-14
184.49850721181875 2.3416775405720327e-14
184.60286157110144 2.8754416625491646e-14
184.70721593038414 3.602582174906556e-14
184.81157028966686 1.794936450759919e-14
184.91592464894956 2.3634470023849748e-14
185.02027900823225 3.69299882329551e-14
185.12463336751495 1.5074873794880137e-14
185.22898772679767 2.1899466484313345e-14
185.3333420860804 2.6603034895405385e-14
185.4376964453631 1.4181461725024214e-14
185.54205080464578 1.8049390742412395e-14
185.64640516392848 2.719833247771486e-14
185.7507595232112 8.759831454417126e-15
185.8551138824939 1.60132441975809e-14
185.9594682417766 2.3932763295516635e-14
186.0638226010593 1.2743651651635956e-14
186.168176960342 1.3488222522878502e-14
186.2725313196247 2.5547432682198054e-14
186.3768856789074 1.2018006640667337e-14
186.4812400381901 1.9285943299627958e-14
186.58559439747282 2.850190826016184e-14
186.6899487567555 1.6755977503228402e-14
186.7943031160382 1.7928332452438872e-14
186.8986574753209 3.7871557740678087e-14
187.0030118346036 2.1293658173707917e-14
187.10736619388632 2.7005214687597362e-14
187.21172055316902 3.8014401546102754e-14
187.3160749124517 2.5923639981240278e-14
187.4204292717344 3.082330603931831e-14
187.52478363101713 4.933464764632243e-14
187.62913799029985 2.773295566340762e-14
187.73349234958255 3.264603769871696e-14
187.83784670886524 4.806421675337163e-14
187.94220106814797 3.069360339359769e-14
188.04655542743066 3.9457613354652934e-14
188.15090978671336 4.705746234069975e-14
188.25526414599605 2.7001246648523978e-14
188.35961850527875 3.350574246100943e-14
188.46397286456147 4.886450796914616e-14
188.56832722384416 2.4416441934912767e-14
188.67268158312686 3.4283369222067235e-14
188.77703594240955 3.5868330709344635e-14
188.88139030169228 2.1527264089547443e-14
188.98574466097497 2.8031962773981542e-14
189.09009902025767 3.621996095816688e-14
189.19445337954036 1.3553179627238326e-14
189.2988077388231 2.3188092145804587e-14
189.40316209810578 2.6365357096429043e-14
189.50751645738848 1.4548134884100792e-14
189.61187081667117 1.8455997793797694e-14
189.7162251759539 2.379971736994671e-14
189.8205795352366 8.955803637950087e-15
189.9249338945193 1.752963567602614e-14
190.029288253802 2.27327525761343e-14
190.1336426130847 1.0940301638416194e-14
190.23799697236743 1.3849169923536604e-14
190.34235133165012 2.462085021520905e-14
190.44670569093282 1.2474452194306888e-14
190.5510600502155 1.842250211665913e-14
190.65541440949823 2.534592697720273e-14
190.75976876878093 1.4064919459589295e-14
190.86412312806362 1.9848416663927943e-14
190.96847748734632 3.2630710003400174e-14
191.07283184662904 1.7407146990519433e-14
191.17718620591174 2.164401403092999e-14
191.28154056519443 3.28414448222498e-14
191.38589492447713 1.89975043817267e-14
191.49024928375985 2.865036751926472e-14
191.59460364304255 3.449119646626773e-14
191.69895800232524 1.8708020455195e-14
191.80331236160794 2.4654698554566696e-14
191.90766672089063 3.700715613383561e-14
192.01202108017335 1.7878509323162997e-14
192.11637543945605 2.922475164795184e-14
192.22072979873877 2.818015629841214e-14
192.32508415802147 1.5882204738562763e-14
192.4294385173042 2.425911719806099e-14
192.5337928765869 2.991395054387656e-14
192.63814723586958 1.1294674640883211e-14
192.74250159515228 2.114892787158548e-14
192.84685595443497 1.9892652156742364e-14
192.9512103137177 1.0252721784638497e-14
193.0555646730004 1.8219102087810598e-14
193.15991903228309 1.673231969865321e-14
193.26427339156578 5.1158379298676444e-15
193.3686277508485 1.293265736420559e-14
193.4729821101312 1.3259107321260464e-14
193.5773364694139 4.372078521783288e-15
193.6816908286966 1.038332665889531e-14
193.7860451879793 9.581402854654521e-15
193.890399547262 2.9202627973217594e-15
193.9947539065447 8.815300930324212e-15
194.0991082658274 9.949978113941891e-15
194.20346262511012 2.07475890118578e-15
194.30781698439282 7.9142500081816e-15
194.41217134367554 1.0782158929080813e-14
194.51652570295823 3.9951931080301445e-15
194.62088006224093 8.545054403090897e-15
194.72523442152365 1.1760016942322896e-14
194.82958878080635 3.639769765270322e-15
194.93394314008904 1.2780105168405312e-14
195.03829749937174 1.3983112885400903e-14
195.14265185865446 6.021871166335392e-15
195.24700621793716 1.1786772567822608e-14
195.35136057721985 1.6894124964960007e-14
195.45571493650255 6.7841748883286844e-15
195.56006929578527 1.8767129721421752e-14
195.66442365506796 1.5087709102155166e-14
195.76877801435066 7.977110760062347e-15
195.87313237363335 1.7655638579358274e-14
195.97748673291608 1.8949878691596372e-14
196.08184109219877 9.52916150335206e-15
196.18619545148147 2.0095320110394048e-14
196.29054981076416 1.4619651176232793e-14
196.39490417004686 9.186530468877022e-15
196.49925852932958 2.198023312424709e-14
196.60361288861228 1.498442858184615e-14
196.707967247895 9.84869306261428e-15
196.8123216071777 1.759677090154947e-14
196.91667596646042 1.3044774223627016e-14
197.0210303257431 8.731619271340409e-15
197.1253846850258 2.0061501000687593e-14
197.2297390443085 8.742140719604133e-15
197.3340934035912 7.741803152144973e-15
197.43844776287392 1.4574997842710413e-14
197.54280212215662 9.704949917642982e-15
197.6471564814393 6.3524421490887504e-15
197.751510840722 1.3962961880081522e-14
197.85586520000473 5.34774571333903e-15
197.96021955928742 5.8329981129575865e-15
198.06457391857012 1.2324480387621789e-14
198.1689282778528 6.585040409276939e-15
198.27328263713554 3.9824636660292084e-15
198.37763699641823 1.2034456711822517e-14
198.48199135570093 6.5943048135883845e-15
198.58634571498362 5.930195798849557e-15
198.69070007426635 1.2648405383879754e-14
198.79505443354904 8.177910856246128e-15
198.89940879283174 6.070404712545492e-15
199.00376315211446 1.7527077477040457e-14
199.10811751139715 1.1142121995566454e-14
199.21247187067988 8.71616076292577e-15
199.31682622996257 1.9208401472961245e-14
199.42118058924527 1.472057993594734e-14
199.52553494852796 1.3922671807065486e-14
199.62988930781069 2.5038738143661302e-14
199.73424366709338 1.6933697061112073e-14
199.83859802637608 1.450408466195145e-14
199.94295238565877 3.055610974902294e-14
