0.0 0.0
0.10435435928270291 8.589291661808253e-12
0.20870871856540582 5.983261042289044e-10
0.3130630778481087 1.8191490359830765e-09
0.41741743713081164 3.1341697680699137e-07
0.5217717964135146 3.0940305884563165e-06
0.6261261556962174 0.00041373508327014244
0.7304805149789203 0.0036826809468845983
0.8348348742616233 0.008866695460314843
0.9391892335443263 0.006787833553945295
1.0435435928270291 0.0011979529800154947
1.1478979521097321 1.94865359125084e-07
1.2522523113924349 1.1466989786171862e-05
1.3566066706751378 4.351778453590675e-06
1.4609610299578406 8.504598089013444e-08
1.5653153892405436 1.2518286987936463e-06
1.6696697485232466 3.720021847039635e-07
1.7740241078059495 9.212940430351851e-08
1.8783784670886525 3.52795413534711e-07
1.9827328263713553 9.221165841942595e-08
2.0870871856540583 3.600300514352579e-07
2.1914415449367612 1.8686300804333365e-07
2.2957959042194642 2.3719833994682203e-06
2.400150263502167 5.471634871686119e-06
2.5045046227848697 4.566117810745608e-06
2.6088589820675727 5.088994125682469e-06
2.7132133413502757 4.73086852390843e-06
2.8175677006329787 2.5685360993878325e-06
2.921922059915681 3.5020232399744223e-06
3.026276419198384 7.313838034833588e-06
3.130630778481087 1.0897891443237564e-05
3.23498513776379 1.9290592499552588e-05
3.339339497046493 3.470694427474412e-05
3.4436938563291957 4.975049153540405e-05
3.548048215611899 7.123129646491159e-05
3.6524025748946016 0.00010333534806070912
3.756756934177305 0.00013208032074395304
3.8611112934600076 0.0001625235734932538
3.9654656527427106 0.00020061690508847577
4.0698200120254135 0.00022683618861827552
4.1741743713081165 0.00024317057726932085
4.2785287305908195 0.0002595399943251643
4.3828830898735225 0.0002582398368607399
4.4872374491562255 0.0002411096165142341
4.5915918084389284 0.00022316282708415765
4.6959461677216305 0.00019387667709937112
4.800300527004334 0.00015521277992885948
4.9046548862870365 0.00012221576154804143
5.0090092455697395 8.999972909546864e-05
5.1133636048524425 5.854967820049848e-05
5.217717964135145 3.674435567762264e-05
5.322072323417848 2.118697783990589e-05
5.426426682700551 9.468752414449049e-06
5.530781041983254 3.6948070843919984e-06
5.635135401265957 1.188564347179604e-06
5.73948976054866 7.786518411689494e-08
5.843844119831362 3.506642611469152e-08
5.948198479114066 9.433428315388726e-08
6.052552838396768 2.0745194741954904e-07
6.156907197679472 1.7503108381162717e-07
6.261261556962174 1.7084523412216995e-08
6.365615916244878 3.5949640099169106e-10
6.46997027552758 2.7335996156834317e-08
6.574324634810284 2.108232096185722e-07
6.678678994092986 3.0639876183037546e-07
6.783033353375689 2.7926792274563645e-07
6.887387712658391 3.8443012985526304e-07
6.991742071941095 3.0190419212695455e-07
7.096096431223798 1.1669396080846748e-07
7.200450790506501 8.182322349780965e-08
7.304805149789203 2.816221450259023e-08
7.409159509071906 3.5840108920282344e-09
7.51351386835461 9.744126478512597e-09
7.617868227637313 1.2654221879778018e-08
7.722222586920015 5.198103792404038e-08
7.826576946202718 2.919926422514854e-08
7.930931305485421 2.9186180630725364e-09
8.035285664768125 4.920263590674409e-09
8.139640024050827 4.543391571219796e-10
8.24399438333353 2.989823127611729e-08
8.348348742616233 2.4607430753618767e-08
8.452703101898935 3.242069100303044e-08
8.557057461181639 7.433869323186436e-08
8.661411820464341 3.93934866054897e-08
8.765766179747045 1.57980580232491e-08
8.870120539029747 2.4816070418403814e-08
8.974474898312451 3.933853306799134e-09
9.078829257595153 2.0408703134567184e-09
9.183183616877857 7.079660261749064e-11
9.287537976160559 2.4014359212491816e-09
9.391892335443261 1.515851081058601e-08
9.496246694725965 1.5571787075024508e-09
9.600601054008669 2.0970524882336807e-11
9.704955413291371 1.8267224701367205e-09
9.809309772574073 3.3413902059314717e-09
9.913664131856777 1.548998031484135e-08
10.018018491139479 5.209122548979655e-09
10.122372850422183 1.6771261954555395e-08
10.226727209704885 3.0511451802709165e-08
10.331081568987589 6.046515677138096e-09
10.43543592827029 5.391442294862042e-09
10.539790287552993 9.294582481577138e-09
10.644144646835697 3.754576472492498e-10
10.7484990061184 2.33738384406503e-09
10.852853365401103 8.613984970679021e-11
10.957207724683805 7.678593316211436e-09
11.061562083966509 1.0104501026666743e-08
11.165916443249213 3.036213958395761e-10
11.270270802531915 1.970186470378751e-09
11.374625161814617 1.8076635311191418e-09
11.47897952109732 3.804682497154434e-09
11.583333880380025 3.127108159207669e-09
11.687688239662725 1.242682839865611e-09
11.792042598945429 1.2405611518980098e-08
11.896396958228133 8.933649083089321e-09
12.000751317510835 8.380445208289665e-10
12.105105676793537 3.82595622274654e-09
12.20946003607624 1.5589923508696738e-09
12.313814395358945 2.3922249826100974e-09
12.418168754641647 1.2231408484310593e-09
12.522523113924349 6.746926618029796e-10
12.626877473207053 9.582771783243995e-09
12.731231832489756 5.29402387171745e-09
12.835586191772459 1.917319713252543e-10
12.93994055105516 2.9915471236307733e-09
13.044294910337864 5.669374722789178e-10
13.148649269620568 4.501125449725577e-09
13.253003628903269 1.1518137624747006e-09
13.357357988185973 1.1481497593851728e-09
13.461712347468676 1.2552265226531394e-08
13.566066706751378 3.1644848856824347e-09
13.67042106603408 8.252997319912851e-11
13.774775425316783 4.9280665808618845e-09
13.879129784599488 9.699197560762929e-11
13.98348414388219 4.7972155317037235e-09
14.087838503164894 5.3621501509617134e-11
14.192192862447596 2.9520269065297472e-09
14.296547221730298 1.435545436617927e-08
14.400901581013002 1.025501004458759e-09
14.505255940295704 1.1240565608935157e-09
14.609610299578407 5.366946155647882e-09
14.71396465886111 1.1662870575550814e-09
14.818319018143812 3.2606618029937415e-09
14.922673377426518 3.856209439335816e-11
15.02702773670922 5.896328456078254e-09
15.131382095991922 7.10789000937988e-09
15.235736455274626 2.3127432953820295e-10
15.340090814557328 2.1052411222818804e-09
15.44444517384003 2.411517519477085e-09
15.548799533122734 1.0164731395797706e-09
15.653153892405436 1.105874986826705e-09
15.757508251688138 5.81351615868759e-10
15.861862610970842 7.79725999328741e-09
15.966216970253544 1.0461442548896136e-08
16.07057132953625 3.3230459603040267e-09
16.174925688818952 3.4376623642588615e-09
16.279280048101654 6.596670437218475e-10
16.38363440738436 3.2880052186386633e-09
16.48798876666706 4.245949764983045e-09
16.59234312594976 5.731889363201459e-09
16.696697485232466 1.3904000268914811e-09
16.801051844515168 6.405317144332062e-09
16.90540620379787 2.668201234145144e-10
17.009760563080576 5.349868397840801e-09
17.114114922363278 7.174445953918544e-09
17.21846928164598 1.0181533523627809e-08
17.322823640928682 3.1891542408340935e-09
17.427178000211384 1.4457436709073948e-09
17.53153235949409 1.880523275859433e-08
17.635886718776792 9.528898230348952e-09
17.740241078059494 9.3798895134291e-10
17.8445954373422 6.154351402129786e-09
17.948949796624902 1.1250189258524164e-08
18.053304155907604 3.189604697837217e-08
18.157658515190306 3.592208703301129e-08
18.262012874473008 1.318334866249039e-08
18.366367233755714 7.82394443815992e-09
18.470721593038416 2.3327645919824634e-08
18.575075952321118 3.4309359973976026e-08
18.679430311603824 7.051818636041352e-08
18.783784670886522 5.422597939446247e-08
18.888139030169224 2.641098740896897e-08
18.99249338945193 1.492261917518409e-08
19.096847748734632 3.632264632578056e-08
19.201202108017338 1.5913123957132511e-09
19.30555646730004 2.710764943931915e-08
19.409910826582742 5.991644534049526e-09
19.514265185865444 4.7546929869861385e-11
19.618619545148146 2.665299877359383e-09
19.722973904430848 1.9254413283455163e-08
19.827328263713554 2.0854528800934313e-08
19.931682622996256 2.8871888249105292e-08
20.036036982278958 4.06589486341648e-07
20.140391341561664 3.3558157222703133e-07
20.244745700844366 9.782209007097154e-07
20.349100060127068 4.6703763107020507e-07
20.45345441940977 9.383922838385604e-07
20.557808778692472 2.1620341856852333e-07
20.662163137975178 3.4294030304093886e-07
20.76651749725788 7.496962681175671e-08
20.87087185654058 2.0532690302511312e-08
20.975226215823287 1.813815705024381e-07
21.079580575105986 1.06708662943935e-07
21.18393493438869 1.2099144227258975e-07
21.288289293671394 5.0173802813446224e-08
21.392643652954096 5.8104896399770696e-08
21.4969980122368 6.684046400273618e-08
21.601352371519503 3.709825283880538e-08
21.705706730802206 1.1505269358943287e-07
21.810061090084908 1.1916950208744409e-07
21.91441544936761 1.605753269135854e-07
22.018769808650312 1.8632774555619193e-07
22.123124167933018 2.634984238437986e-07
22.22747852721572 1.9041820750631245e-07
22.331832886498425 1.239618242184309e-07
22.436187245781127 1.716767964638176e-08
22.54054160506383 2.4705320733158514e-08
22.64489596434653 7.01948966771451e-09
22.749250323629234 3.4462445142391467e-09
22.853604682911936 2.6660353567034462e-08
22.95795904219464 6.1305521405860055e-09
23.062313401477343 3.2025070430666735e-08
23.16666776076005 7.608237814237241e-08
23.27102212004275 1.397294418919196e-07
23.37537647932545 2.4442041662329585e-07
23.479730838608155 3.84042120281732e-07
23.584085197890857 4.798108551806029e-07
23.68843955717356 2.6928506290423883e-07
23.792793916456265 1.2214481233532977e-07
23.897148275738967 1.3469925620101971e-08
24.00150263502167 9.215897230594653e-08
24.10585699430437 2.3249683901227276e-07
24.210211353587074 2.2994595632801344e-07
24.31456571286978 2.185720117704697e-07
24.41892007215248 1.7835248352640508e-07
24.523274431435183 1.5591557963536504e-07
24.62762879071789 1.488379529026179e-07
24.73198315000059 1.2210422863871035e-07
24.836337509283293 1.0275257725697285e-07
24.940691868565995 3.6918752499010087e-08
25.045046227848697 3.8176675995590665e-08
25.1494005871314 6.04469824242995e-08
25.253754946414105 7.461798448545992e-08
25.358109305696807 5.8052129552431904e-08
25.462463664979513 8.480057691793449e-08
25.566818024262215 9.088779388931327e-08
25.671172383544917 8.556032603344008e-08
25.77552674282762 3.4341003343636284e-08
25.87988110211032 1.7631406984297854e-08
25.984235461393023 1.4726301305676425e-08
26.08858982067573 4.094877920135209e-08
26.19294417995843 3.547527701765158e-08
26.297298539241137 2.9050684588099907e-08
26.401652898523835 1.825580915226077e-08
26.506007257806537 2.6218017155196674e-08
26.610361617089243 2.4591432330885768e-08
26.714715976371945 7.638154638833307e-09
26.819070335654647 8.251471154560948e-09
26.923424694937353 2.1876568086648492e-08
27.027779054220055 7.231822039721033e-08
27.132133413502757 9.89166941280519e-08
27.23648777278546 1.3820219043997788e-07
27.34084213206816 1.3232491756377373e-07
27.445196491350863 1.7607437487538054e-07
27.549550850633565 2.1027480458811281e-07
27.653905209916275 2.6246997013375253e-07
27.758259569198977 2.1809630483590313e-07
27.86261392848168 2.0051428256600934e-07
27.96696828776438 1.2497242250958186e-07
28.07132264704708 6.561493260326389e-08
28.17567700632979 2.376298950425428e-08
28.28003136561249 1.3525705494784224e-08
28.384385724895193 1.7165667223680509e-09
28.488740084177895 6.068092480621375e-09
28.593094443460597 4.422279267798623e-08
28.6974488027433 8.576029602031742e-08
28.801803162026005 1.5224398687410055e-07
28.906157521308707 1.7646679158592175e-07
29.01051188059141 1.9651361806590575e-07
29.11486623987411 1.6870043391615505e-07
29.219220599156813 1.4940399274685963e-07
29.323574958439522 1.1051784838235908e-07
29.42792931772222 9.327475698990829e-08
29.532283677004923 4.869624209689422e-08
29.636638036287625 2.6493945352012316e-08
29.740992395570327 1.6076535700857368e-08
29.845346754853036 6.979776103682508e-09
29.94970111413574 1.6029150268100525e-09
30.05405547341844 1.554681955478142e-09
30.158409832701143 8.917287817304496e-09
30.262764191983845 1.4127702204486886e-08
30.367118551266543 2.019592970323279e-08
30.471472910549252 1.8354188863220363e-08
30.575827269831954 1.4680116607213733e-08
30.680181629114657 9.650632507255985e-09
30.78453598839736 1.2763096561510432e-08
30.88889034768006 1.9441745419714882e-08
30.993244706962766 2.2163533766807842e-08
31.09759906624547 1.962106198955499e-08
31.20195342552817 1.2139663808834997e-08
31.306307784810873 6.4345128449437986e-09
31.410662144093575 6.846097475916198e-09
31.515016503376277 5.138274119969636e-09
31.619370862658986 6.2887346019853425e-09
31.723725221941685 3.687082882265269e-09
31.828079581224387 7.220714107746104e-09
31.93243394050709 1.0470891124442742e-08
32.03678829978979 1.3772692026441086e-08
32.1411426590725 9.497770889085486e-09
32.2454970183552 1.1800688850634823e-08
32.349851377637904 8.952760219057248e-09
32.454205736920606 7.200118313760559e-09
32.55856009620331 5.637548532183253e-09
32.66291445548601 4.195551651499867e-09
32.76726881476872 1.4741329654593717e-09
32.87162317405142 6.055830933171722e-11
32.97597753333412 1.1433312370277868e-09
33.08033189261682 1.9713961659841628e-09
33.18468625189952 1.58789862727926e-09
33.28904061118223 1.4428088121803933e-09
33.39339497046493 1.4006613691706868e-09
33.497749329747634 1.8262522933213335e-09
33.602103689030336 4.164649480748078e-10
33.70645804831304 6.37630584349933e-10
33.81081240759574 3.5799358885033826e-10
33.91516676687845 6.074133114949645e-10
34.01952112616115 9.122771744490762e-10
34.123875485443854 1.4230408559534713e-09
34.228229844726556 2.1958428667188685e-09
34.33258420400926 9.08726506908286e-10
34.43693856329196 1.226242951404212e-09
34.54129292257466 1.190130357123025e-10
34.645647281857364 2.1949647149708597e-10
34.75000164114007 1.4977905131705613e-10
34.85435600042277 1.8519605093005292e-11
34.95871035970548 5.554304517832844e-10
35.06306471898818 6.734145930985795e-10
35.16741907827088 1.4338456257965454e-09
35.271773437553584 1.649049500865116e-09
35.376127796836286 1.6436189237919613e-09
35.48048215611899 7.427833175409217e-10
35.5848365154017 1.966852359509562e-09
35.6891908746844 4.336355373109353e-09
35.7935452339671 3.9092253836008684e-09
35.897899593249804 3.0930249545458547e-09
36.002253952532506 1.8000615107909271e-09
36.10660831181521 3.449735244109026e-09
36.21096267109791 3.228604084825018e-09
36.31531703038061 3.6115530487145218e-09
36.419671389663314 2.472401840338678e-09
36.524025748946016 1.8552150349245837e-09
36.62838010822872 3.1273552736940216e-09
36.73273446751143 2.399496776995246e-09
36.83708882679413 2.641529910647907e-09
36.94144318607683 1.7290543073991673e-09
37.045797545359534 2.4332553867406675e-09
37.150151904642236 2.9158071150008505e-09
37.254506263924945 2.0177607768163684e-09
37.35886062320765 2.2982821099608145e-09
37.46321498249035 2.1402671364713118e-09
37.567569341773044 2.378877956567476e-09
37.671923701055746 1.0636392798105067e-09
37.77627806033845 1.7228850281803435e-09
37.88063241962116 1.5653340051874066e-09
37.98498677890386 2.0343311057176075e-09
38.08934113818656 9.009056446330168e-10
38.193695497469264 8.297422670515147e-10
38.298049856751966 4.868669949888493e-10
38.402404216034675 1.5370377301664135e-10
38.50675857531738 5.557718435203676e-11
38.61111293460008 1.9107225721179372e-11
38.71546729388278 3.476524409227213e-10
38.819821653165484 1.0245366675115095e-09
38.924176012448186 8.144023474675721e-10
39.02853037173089 1.3888550423670076e-09
39.13288473101359 1.5969128542482922e-09
39.23723909029629 4.007348013875306e-09
39.341593449578994 4.410347645813989e-09
39.445947808861696 4.017230623633175e-09
39.550302168144405 2.648603384277581e-09
39.65465652742711 2.1185172860467942e-09
39.75901088670981 3.0203701801191537e-09
39.86336524599251 2.5323303871497647e-09
39.967719605275214 2.11115911383578e-09
40.072073964557916 5.32811462894448e-10
40.176428323840625 4.742940310931189e-10
40.28078268312333 4.0537389690166594e-10
40.38513704240603 9.370372628651496e-10
40.48949140168873 4.240892998552983e-10
40.59384576097143 1.508846594574492e-10
40.698200120254135 3.398874735359095e-11
40.80255447953684 1.7125287485400442e-10
40.90690883881954 5.790744403010406e-10
41.01126319810224 2.4213987108870317e-10
41.115617557384944 1.409749210136678e-10
41.21997191666765 8.358085782502063e-11
41.324326275950355 2.0951216467212604e-10
41.42868063523306 2.0825636975798525e-10
41.53303499451576 1.5423641817521191e-10
41.63738935379846 3.242248209569088e-10
41.74174371308116 4.1009048201838986e-10
41.84609807236387 7.563910951352e-10
41.950452431646575 5.306723145376736e-10
42.05480679092928 1.1427118054232805e-09
42.15916115021197 2.1800091665590234e-09
42.263515509494674 2.823762701761576e-09
42.36786986877738 3.498446126978844e-09
42.472224228060085 2.953304858248513e-09
42.57657858734279 4.257245496760176e-09
42.68093294662549 4.25533702029139e-09
42.78528730590819 4.465852424267699e-09
42.889641665190894 4.281898286421669e-09
42.9939960244736 3.578744249124142e-09
43.098350383756305 3.256130388119602e-09
43.20270474303901 1.7434373819865458e-09
43.30705910232171 1.8512060324421051e-09
43.41141346160441 1.7495208004566937e-09
43.51576782088712 1.697534434863889e-09
43.620122180169815 1.0205807993423772e-09
43.72447653945252 4.847039931874528e-10
43.82883089873522 7.978793741488211e-10
43.93318525801792 7.901409648348721e-10
44.037539617300624 1.0694213459419254e-09
44.14189397658333 7.389287614761398e-10
44.246248335866035 9.595600999020988e-10
44.35060269514874 1.8238599251547596e-09
44.45495705443144 2.2331234492151534e-09
44.55931141371414 2.134856066454545e-09
44.66366577299685 1.2949954508651138e-09
44.76802013227955 1.4546030871066143e-09
44.872374491562255 1.1118185426374975e-09
44.97672885084496 9.646449699345538e-10
45.08108321012766 3.9832810627071423e-10
45.18543756941036 3.4780888328796444e-10
45.28979192869306 7.101078431894995e-10
45.394146287975765 6.101455039296924e-10
45.49850064725847 3.748700504756621e-10
45.60285500654117 6.125089585911265e-11
45.70720936582387 2.6410219125892705e-10
45.81156372510658 3.747793642518094e-10
45.91591808438928 4.5214306553835634e-10
46.020272443671985 4.2439420541061384e-10
46.12462680295469 4.590477742327842e-10
46.22898116223739 1.1478097256932147e-09
46.3333355215201 1.2695455490555401e-09
46.4376898808028 1.5754641800720188e-09
46.5420442400855 1.1328317201512375e-09
46.646398599368204 8.946359660999542e-10
46.7507529586509 1.03857538875647e-09
46.8551073179336 1.094904036148649e-09
46.95946167721631 1.4337097585822968e-09
47.06381603649901 9.495896835118386e-10
47.168170395781715 9.963396305371058e-10
47.27252475506442 7.753985738853423e-10
47.37687911434712 1.1766405162377005e-09
47.48123347362983 1.3632812672797437e-09
47.58558783291253 9.645822602151389e-10
47.68994219219523 9.118451930523355e-10
47.794296551477935 8.744472207669194e-10
47.89865091076064 1.3474646289923316e-09
48.00300527004334 1.1481621325059621e-09
48.10735962932605 1.0113556103772554e-09
48.21171398860874 1.2167540009017842e-09
48.316068347891445 1.161893430147032e-09
48.42042270717415 1.2798166376428431e-09
48.52477706645685 8.157580993246406e-10
48.62913142573956 9.822432299528046e-10
48.73348578502226 1.0284321740341754e-09
48.83784014430496 1.5136482676979574e-09
48.942194503587665 1.4140035128263434e-09
49.04654886287037 1.1071896004665037e-09
49.15090322215307 1.1069405278659991e-09
49.25525758143578 1.0919161664173319e-09
49.35961194071848 1.4281722242986343e-09
49.46396630000118 8.906361926864046e-10
49.568320659283884 6.417117684391215e-10
49.672675018566586 5.238909546108461e-10
49.77702937784929 6.069315142254496e-10
49.88138373713199 9.800611653273908e-10
49.98573809641469 8.006313940831927e-10
50.090092455697395 7.254579283646943e-10
50.1944468149801 4.0073336069547986e-10
50.2988011742628 4.120156374841429e-10
50.40315553354551 6.252287088457508e-10
50.50750989282821 7.460839574014055e-10
50.61186425211091 9.500129387825005e-10
50.716218611393614 9.682632831401048e-10
50.82057297067632 1.5955889728742227e-09
50.924927329959026 1.6659222190924474e-09
51.02928168924173 1.739525937036085e-09
51.13363604852443 1.3867363668248987e-09
51.23799040780713 1.2437334319337255e-09
51.342344767089834 1.41736071643519e-09
51.446699126372536 9.703651550075915e-10
51.55105348565524 8.765958732288534e-10
51.65540784493794 7.119619923671963e-10
51.75976220422064 1.0956321964397894e-09
51.864116563503345 1.2587892829670415e-09
51.96847092278605 8.8167199666934e-10
52.072825282068756 7.057116212066195e-10
52.17717964135146 6.001600085422759e-10
52.28153400063416 1.0701364065873158e-09
52.38588835991686 1.0710387786987847e-09
52.490242719199564 1.1262737526148507e-09
52.59459707848227 1.0232190022759372e-09
52.698951437764975 1.1990002496439715e-09
52.80330579704767 1.5624489243314552e-09
52.90766015633037 1.3245070150860421e-09
53.012014515613075 1.2087118962585461e-09
53.11636887489578 7.512718540983845e-10
53.220723234178486 6.786087064919303e-10
53.32507759346119 5.440601129765008e-10
53.42943195274389 3.940248771547158e-10
53.53378631202659 4.5397605637326847e-10
53.638140671309294 4.234347965780094e-10
53.742495030592 6.797758489172833e-10
53.846849389874706 6.08684214758095e-10
53.95120374915741 6.808748292099673e-10
54.05555810844011 7.892349326088819e-10
54.15991246772281 1.0167609760296705e-09
54.264266827005514 1.4059648271740024e-09
54.368621186288216 1.2631877274624852e-09
54.47297554557092 1.5232347431834449e-09
54.57732990485362 1.5362726500237036e-09
54.68168426413632 1.7791437920139644e-09
54.786038623419024 1.5975998078343635e-09
54.89039298270173 1.1069290732974319e-09
54.99474734198443 9.52122014337718e-10
55.09910170126713 6.809837080180159e-10
55.20345606054985 6.969277857212884e-10
55.30781041983255 4.849874737093208e-10
55.41216477911525 6.140695131174648e-10
55.51651913839795 6.71268368447029e-10
55.620873497680655 7.057882016274744e-10
55.72522785696336 7.270213397088544e-10
55.82958221624606 6.862388192266184e-10
55.93393657552876 1.0179402124284242e-09
56.03829093481146 9.611268419075649e-10
56.14264529409416 9.404930799686197e-10
56.24699965337686 9.088629896929528e-10
56.35135401265958 8.914735335350004e-10
56.45570837194228 1.1984692748068406e-09
56.56006273122498 1.1400909475860225e-09
56.66441709050768 1.3210531262483023e-09
56.768771449790385 1.1823092130242271e-09
56.87312580907309 9.915470676904242e-10
56.97748016835579 8.429087531257325e-10
57.08183452763849 7.143775034091202e-10
57.186188886921194 8.681574627108086e-10
57.290543246203896 8.230754712668713e-10
57.3948976054866 1.0849468021181346e-09
57.49925196476931 1.0405737343412648e-09
57.60360632405201 1.2587678331389883e-09
57.70796068333471 1.4562486963837215e-09
57.81231504261741 1.3068798824156383e-09
57.916669401900116 1.1403190992197211e-09
58.02102376118282 8.109101531050999e-10
58.12537812046552 8.752506248565914e-10
58.22973247974822 7.301896497002975e-10
58.334086839030924 6.913015752734902e-10
58.438441198313626 7.744210763986592e-10
58.54279555759633 8.296793877525974e-10
58.647149916879044 9.363422566026764e-10
58.75150427616175 6.258940686052329e-10
58.85585863544444 6.383439868311917e-10
58.960212994727144 7.281565662004096e-10
59.064567354009846 9.71191075810017e-10
59.16892171329255 1.0761035565118558e-09
59.27327607257525 1.014266446263952e-09
59.37763043185795 1.2771157572229218e-09
59.481984791140654 1.263868233430558e-09
59.586339150423356 1.3630027751878275e-09
59.69069350970607 1.2615288876713984e-09
59.795047868988775 1.2831354453415611e-09
59.89940222827148 1.2847386165811456e-09
60.00375658755418 9.10195645186572e-10
60.10811094683688 8.029240263300587e-10
60.21246530611958 6.163071709254632e-10
60.316819665402285 5.989475844155752e-10
60.42117402468499 5.568920602379564e-10
60.52552838396769 6.502187566119813e-10
60.629882743250384 9.707169680837448e-10
60.734237102533086 1.1797975583533283e-09
60.8385914618158 1.252324866468894e-09
60.942945821098505 8.508990981276305e-10
61.04730018038121 8.122021056971522e-10
61.15165453966391 9.033958650653615e-10
61.25600889894661 9.631662658657414e-10
61.36036325822931 1.0434284916009414e-09
61.464717617512015 9.932446269882973e-10
61.56907197679472 1.2809403054512423e-09
61.67342633607742 1.1348147887950352e-09
61.77778069536012 8.95012033430606e-10
61.88213505464282 7.471769286990192e-10
61.98648941392553 7.754735514022849e-10
62.090843773208235 9.59104964716483e-10
62.19519813249094 7.504438457394125e-10
62.29955249177364 6.895201452356252e-10
62.40390685105634 6.265594465002996e-10
62.50826121033904 8.211947664020092e-10
62.612615569621745 1.0088739883370806e-09
62.71696992890445 1.1043905555015916e-09
62.82132428818715 1.3295271869985401e-09
62.92567864746985 1.2332280622061589e-09
63.030033006752554 1.2537336360452529e-09
63.13438736603527 1.1457480511429774e-09
63.23874172531797 1.1709592970537653e-09
63.343096084600674 1.1916556298987948e-09
63.44745044388337 9.730412860084593e-10
63.55180480316607 1.0024508000130786e-09
63.65615916244877 9.285473153365023e-10
63.760513521731475 9.479243019685667e-10
63.86486788101418 7.7037695294726e-10
63.96922224029688 6.452691535821521e-10
64.07357659957958 7.226823869529036e-10
64.17793095886229 6.581077501937108e-10
64.282285318145 6.923593699176164e-10
64.3866396774277 6.141119968192972e-10
64.4909940367104 8.754095185978944e-10
64.5953483959931 1.1893043789317214e-09
64.69970275527581 1.2977137750191635e-09
64.8040571145585 1.2503814868337888e-09
64.90841147384121 1.094659444098971e-09
65.01276583312391 1.2452536640155905e-09
65.11712019240662 1.0695046606119732e-09
65.22147455168931 8.273241514577747e-10
65.32582891097202 6.634310295388023e-10
65.43018327025473 6.139873408110668e-10
65.53453762953744 7.946101522500756e-10
65.63889198882013 8.23745225420145e-10
65.74324634810284 9.948359802851694e-10
65.84760070738554 1.0478828122032845e-09
65.95195506666823 1.172762409195666e-09
66.05630942595094 1.2128344686162427e-09
66.16066378523364 1.11365779656499e-09
66.26501814451635 1.2503694312306721e-09
66.36937250379904 1.2380192061014763e-09
66.47372686308175 1.3467761525308505e-09
66.57808122236446 1.2663813599225858e-09
66.68243558164717 1.133427904215077e-09
66.78678994092986 1.1056340810445167e-09
66.89114430021257 1.0020615137958878e-09
66.99549865949527 1.148584606571484e-09
67.09985301877798 1.08416737166218e-09
67.20420737806067 9.619593521057442e-10
67.30856173734338 7.471518291816259e-10
67.41291609662608 5.304359429812867e-10
67.51727045590879 5.222468714356347e-10
67.62162481519148 4.966331425845182e-10
67.72597917447419 6.610044179099259e-10
67.8303335337569 7.435889172699267e-10
67.9346878930396 9.60578758862317e-10
68.0390422523223 1.1061421098511716e-09
68.143396611605 1.0456482891884792e-09
68.24775097088771 1.0646236366499174e-09
68.3521053301704 1.002797107119377e-09
68.45645968945311 1.1378056635272228e-09
68.5608140487358 1.0852158073597332e-09
68.66516840801852 9.89790468962173e-10
68.76952276730121 9.888173709940562e-10
68.87387712658392 9.408956298155926e-10
68.97823148586663 1.0056804597857492e-09
69.08258584514932 8.399575600939833e-10
69.18694020443203 8.204078457406306e-10
69.29129456371473 8.778150192501729e-10
69.39564892299744 1.012533968622865e-09
69.50000328228013 1.1744086468195345e-09
69.60435764156284 1.0891860855745045e-09
69.70871200084554 1.1936186113849984e-09
69.81306636012825 1.2729353511333292e-09
69.91742071941096 1.4763073756454302e-09
70.02177507869366 1.5865287557122094e-09
70.12612943797636 1.5682240945623167e-09
70.23048379725907 1.7314071558081023e-09
70.33483815654176 1.5687073054802974e-09
70.43919251582446 1.308127889975422e-09
70.54354687510717 9.54528195965766e-10
70.64790123438986 7.247079919945992e-10
70.75225559367257 7.00124835783752e-10
70.85660995295527 6.08742223037521e-10
70.96096431223798 6.510426870889586e-10
71.06531867152069 6.277429766066419e-10
71.1696730308034 7.471361341209839e-10
71.27402739008609 8.549046483893698e-10
71.3783817493688 9.256054046983379e-10
71.4827361086515 1.0562751222073817e-09
71.5870904679342 1.011858352412877e-09
71.6914448272169 1.048232309700862e-09
71.79579918649961 9.565595462912231e-10
71.9001535457823 9.206394389887649e-10
72.00450790506501 9.05586192155445e-10
72.1088622643477 7.94607450579795e-10
72.21321662363042 8.227333910259669e-10
72.31757098291313 7.584252441415705e-10
72.42192534219582 7.66300679542227e-10
72.52627970147853 6.874700474652255e-10
72.63063406076122 6.686103075097814e-10
72.73498842004393 7.952205172885116e-10
72.83934277932663 8.272854197660276e-10
72.94369713860934 8.941341431544057e-10
73.04805149789203 8.591058686614882e-10
73.15240585717474 1.1034085402626993e-09
73.25676021645744 1.4336002830966841e-09
73.36111457574015 1.5777417115112595e-09
73.46546893502286 1.6558239661215475e-09
73.56982329430555 1.6488469533140024e-09
73.67417765358826 1.8004514731540451e-09
73.77853201287095 1.6239424605234958e-09
73.88288637215366 1.3713793176772619e-09
73.98724073143636 1.3541385042790092e-09
74.09159509071907 1.3242239940723936e-09
74.19594945000176 1.322786716093852e-09
74.30030380928447 1.1069224333819569e-09
74.40465816856717 1.0978039350270535e-09
74.50901252784989 1.218650045423482e-09
74.61336688713259 1.257246145023389e-09
74.7177212464153 1.306973122183502e-09
74.82207560569799 1.2495446058846773e-09
74.9264299649807 1.3794701065368397e-09
75.0307843242634 1.359826612626165e-09
75.13513868354609 1.2893611655848919e-09
75.2394930428288 1.3232926575703312e-09
75.34384740211149 1.2837337580985484e-09
75.4482017613942 1.3098730389713112e-09
75.5525561206769 1.1760386966757797e-09
75.65691047995962 1.1544782237834965e-09
75.76126483924232 1.1179827183510246e-09
75.86561919852502 9.281813031454772e-10
75.96997355780772 8.319416028739969e-10
76.07432791709043 6.804279886041239e-10
76.17868227637312 5.812384872263662e-10
76.28303663565583 4.1668355552451473e-10
76.38739099493853 3.4599582745616436e-10
76.49174535422124 4.3512627360325795e-10
76.59609971350393 5.455881850133895e-10
76.70045407278664 6.724341662429056e-10
76.80480843206935 6.497021062174098e-10
76.90916279135205 7.994907057203205e-10
77.01351715063475 9.69446641239673e-10
77.11787150991745 9.774052974716403e-10
77.22222586920016 9.158928831120733e-10
77.32658022848285 8.378896124422463e-10
77.43093458776556 9.104985523616247e-10
77.53528894704826 8.042652502169957e-10
77.63964330633097 7.029223448687383e-10
77.74399766561366 7.420883213504121e-10
77.84835202489637 8.606580113767227e-10
77.95270638417908 1.0143505274182128e-09
78.05706074346178 9.34100517791529e-10
78.16141510274448 9.91640830334562e-10
78.26576946202718 1.1360934195351806e-09
78.37012382130989 1.291023076942222e-09
78.47447818059258 1.4214552823167555e-09
78.5788325398753 1.4648989512638255e-09
78.68318689915799 1.7166828016187248e-09
78.7875412584407 1.8138482793006662e-09
78.89189561772339 1.9029520242544507e-09
78.9962499770061 2.083525091358845e-09
79.10060433628881 2.247400321967554e-09
79.20495869557152 2.45659473728305e-09
79.30931305485421 2.375595546057532e-09
79.41366741413692 2.3399438045746885e-09
79.51802177341962 2.1931238707581086e-09
79.62237613270231 1.8760097846550746e-09
79.72673049198502 1.752414207509969e-09
79.83108485126772 1.6659870109859882e-09
79.93543921055043 1.7541081553308005e-09
80.03979356983312 1.7449869008238355e-09
80.14414792911583 1.8260019072654074e-09
80.24850228839854 2.150665786462262e-09
80.35285664768125 2.3720475654550144e-09
80.45721100696395 2.5945646813588513e-09
80.56156536624665 2.679455630158888e-09
80.66591972552935 2.936330771749444e-09
80.77027408481206 3.0835590261979595e-09
80.87462844409475 2.8085207910059184e-09
80.97898280337746 2.670119147649302e-09
81.08333716266016 2.542988977643036e-09
81.18769152194287 2.429919576171482e-09
81.29204588122558 2.173392976737741e-09
81.39640024050827 1.922466696718045e-09
81.50075459979098 1.9973406881645226e-09
81.60510895907368 1.98522743891386e-09
81.70946331835638 1.9764959284432984e-09
81.81381767763908 1.9147624524003504e-09
81.91817203692179 1.902272169277383e-09
82.02252639620448 1.9334063095987477e-09
82.12688075548719 1.7063656557108587e-09
82.23123511476989 1.5877767452224238e-09
82.3355894740526 1.5166677280285454e-09
82.4399438333353 1.5197235514615013e-09
82.544298192618 1.5601527176405932e-09
82.64865255190071 1.5068720628374773e-09
82.7530069111834 1.608701397529802e-09
82.85736127046611 1.6430074451451443e-09
82.96171562974881 1.713359722874794e-09
83.06606998903152 1.787779544132086e-09
83.17042434831421 1.7450400582240148e-09
83.27477870759692 1.7354267859843064e-09
83.37913306687962 1.537998554838649e-09
83.48348742616233 1.3119221718182785e-09
83.58784178544504 1.048263041275865e-09
83.69219614472775 7.424835175060926e-10
83.79655050401044 5.947493927207933e-10
83.90090486329315 4.729566688022873e-10
84.00525922257584 4.5929343706954434e-10
84.10961358185855 4.688221130414052e-10
84.21396794114125 5.325728234036248e-10
84.31832230042394 7.022364047351441e-10
84.42267665970665 8.263959373723831e-10
84.52703101898935 9.61110878174242e-10
84.63138537827206 9.845530520319876e-10
84.73573973755477 1.0021660959820133e-09
84.84009409683748 9.816302272373618e-10
84.94444845612017 7.765545982218109e-10
85.04880281540288 6.280775685085258e-10
85.15315717468557 4.993291274851039e-10
85.25751153396828 3.893127243361095e-10
85.36186589325098 2.975673821021385e-10
85.46622025253369 1.988901205782908e-10
85.57057461181638 1.972200054118776e-10
85.67492897109909 2.0511080404374436e-10
85.77928333038179 2.3696379169702746e-10
85.8836376896645 2.4740870818412253e-10
85.9879920489472 2.513543419878499e-10
86.0923464082299 2.9967908621481203e-10
86.19670076751261 2.5766425794171425e-10
86.3010551267953 1.994253839313837e-10
86.40540948607801 1.5511487244215765e-10
86.50976384536071 1.2796754181157277e-10
86.61411820464342 1.2677918063282048e-10
86.71847256392611 9.816497985937792e-11
86.82282692320882 1.1379759843750533e-10
86.92718128249152 1.4429701778003766e-10
87.03153564177424 1.848658310612291e-10
87.13589000105694 2.1408307625043887e-10
87.24024436033963 2.0947482814711802e-10
87.34459871962234 2.4435655673214017e-10
87.44895307890503 2.2525130692592428e-10
87.55330743818774 1.675954617935945e-10
87.65766179747044 1.3583009770965658e-10
87.76201615675315 7.995220897217598e-11
87.86637051603584 3.68199045415203e-11
87.97072487531855 1.7082076146287354e-11
88.07507923460125 8.147257572450385e-12
88.17943359388397 1.8771006111596425e-11
88.28378795316667 5.83145104775117e-11
88.38814231244938 9.741315759347158e-11
88.49249667173207 1.4377036584910533e-10
88.59685103101478 2.2119102845863304e-10
88.70120539029747 2.3181177421706225e-10
88.80555974958018 2.340818006423541e-10
88.90991410886288 2.7135473002273493e-10
89.01426846814557 2.2031829448391873e-10
89.11862282742828 1.6417088977473584e-10
89.22297718671098 1.5844847466204808e-10
89.3273315459937 1.152424911825681e-10
89.4316859052764 6.829884767847468e-11
89.5360402645591 6.544108955164365e-11
89.6403946238418 5.7559152651687474e-11
89.74474898312451 4.109988140194533e-11
89.8491033424072 6.939789837197339e-11
89.95345770168991 8.631816703180933e-11
90.05781206097261 7.759353948558797e-11
90.16216642025532 1.0672284650529732e-10
90.26652077953801 1.1905446716820223e-10
90.37087513882072 9.640920557666582e-11
90.47522949810343 8.957741650035971e-11
90.57958385738613 8.986177706773467e-11
90.68393821666884 7.077870462633938e-11
90.78829257595153 4.473347520906631e-11
90.89264693523424 3.993633242614092e-11
90.99700129451693 3.089645526127645e-11
91.10135565379964 1.2857535173459188e-11
91.20571001308234 1.0981240560527231e-11
91.31006437236505 8.562597989720736e-12
91.41441873164774 6.610171498327884e-12
91.51877309093047 8.02181603555937e-12
91.62312745021316 6.5420425701000265e-12
91.72748180949586 8.597170780532454e-12
91.83183616877857 7.271039599509901e-12
91.93619052806126 4.556567180305511e-12
92.04054488734397 7.183965760944639e-12
92.14489924662666 5.316053999700428e-12
92.24925360590937 3.608724484933452e-12
92.35360796519207 1.353340595851021e-11
92.45796232447478 1.3480783800460323e-11
92.56231668375747 1.4861035135798894e-11
92.6666710430402 3.8336177845163846e-11
92.77102540232289 3.690293954498595e-11
92.8753797616056 3.4006524694190744e-11
92.9797341208883 6.32315772882638e-11
93.084088480171 5.7950658918420866e-11
93.1884428394537 4.560708714896523e-11
93.29279719873641 7.41693935013788e-11
93.3971515580191 7.404802368025826e-11
93.5015059173018 5.841053865969732e-11
93.60586027658451 8.761077784056257e-11
93.7102146358672 9.888019207253873e-11
93.81456899514993 8.332534005120089e-11
93.91892335443262 1.1084138876879262e-10
94.02327771371533 1.3014382928275567e-10
94.12763207299803 1.1512191695344913e-10
94.23198643228073 1.3355067620116696e-10
94.33634079156343 1.550735919561142e-10
94.44069515084614 1.445555297649919e-10
94.54504951012883 1.505749995269316e-10
94.64940386941154 1.734082378254199e-10
94.75375822869424 1.748150391253868e-10
94.85811258797695 1.7191278269920494e-10
94.96246694725966 1.9080747790348593e-10
95.06682130654235 1.9874172887647806e-10
95.17117566582506 1.8816636045327618e-10
95.27553002510776 1.9650908933243953e-10
95.37988438439046 2.0234990172307018e-10
95.48423874367316 1.8854581562714847e-10
95.58859310295587 1.9274605666839412e-10
95.69294746223856 1.9831388419506695e-10
95.79730182152127 1.8690387044177922e-10
95.90165618080397 1.966766724677078e-10
96.00601054008668 2.0289694034027539e-10
96.11036489936939 1.9060333433801414e-10
96.2147192586521 2.0649910134814262e-10
96.31907361793479 2.082169017596219e-10
96.42342797721749 1.8488830621210336e-10
96.5277823365002 2.017696603228304e-10
96.63213669578289 2.0151966160064528e-10
96.7364910550656 1.6804764915193122e-10
96.8408454143483 1.8716702870955315e-10
96.945199773631 1.9587403896533098e-10
97.0495541329137 1.5946227675512791e-10
97.15390849219641 1.7975332069797177e-10
97.25826285147912 1.9944505050096534e-10
97.36261721076183 1.6083185671283322e-10
97.46697157004452 1.7197604225396025e-10
97.57132592932723 1.936172871710912e-10
97.67568028860993 1.5447158828901672e-10
97.78003464789263 1.5122905535322857e-10
97.88438900717533 1.6865479338089788e-10
97.98874336645804 1.3880237998124407e-10
98.09309772574073 1.2940938379954687e-10
98.19745208502343 1.4345170512229935e-10
98.30180644430614 1.284938516509468e-10
98.40616080358885 1.190622361917602e-10
98.51051516287156 1.2567840751716044e-10
98.61486952215425 1.1901918643236004e-10
98.71922388143696 1.0987741638634375e-10
98.82357824071966 1.0570295665588878e-10
98.92793260000236 1.0080841437841147e-10
99.03228695928506 9.492930121529457e-11
99.13664131856777 8.549241521398409e-11
99.24099567785046 8.294452530344341e-11
99.34535003713317 8.35145397509899e-11
99.44970439641587 7.507911028890043e-11
99.55405875569858 7.461787575755981e-11
99.65841311498129 7.843568239833148e-11
99.76276747426398 7.083197954906269e-11
99.86712183354669 6.839770833662022e-11
99.97147619282939 6.885856211552296e-11
100.0758305521121 6.099984193813595e-11
100.18018491139479 5.777829197045858e-11
100.2845392706775 5.428306113346962e-11
100.3888936299602 4.7912029401271656e-11
100.4932479892429 4.9225194929337e-11
100.5976023485256 4.4805866997275826e-11
100.70195670780832 3.9270622080452214e-11
100.80631106709102 4.4897045103591617e-11
100.91066542637373 3.959953691779296e-11
101.01501978565642 3.141328076663713e-11
101.11937414493912 3.7528233780860695e-11
101.22372850422182 3.223714137059531e-11
101.32808286350452 2.1702219969093006e-11
101.43243722278723 2.6874036636952705e-11
101.53679158206992 2.4947370066591712e-11
101.64114594135263 1.5688493785842855e-11
101.74550030063534 1.9979417777836508e-11
101.84985465991805 2.20994524694385e-11
101.95420901920075 1.503027557433128e-11
102.05856337848346 1.6960287592918772e-11
102.16291773776615 2.041437335746594e-11
102.26727209704886 1.4622124739378242e-11
102.37162645633155 1.3161763795255664e-11
102.47598081561426 1.5770257549213383e-11
102.58033517489696 1.2571275811444286e-11
102.68468953417967 9.347539961995796e-12
102.78904389346236 1.069680952228173e-11
102.89339825274507 1.1474676352293631e-11
102.99775261202778 8.37537961943004e-12
103.10210697131048 8.207198358678942e-12
103.20646133059319 1.1219628404422198e-11
103.31081568987588 8.192715696500866e-12
103.41517004915859 6.0598894345143595e-12
103.51952440844128 8.572093395601358e-12
103.623878767724 5.931593013309562e-12
103.72823312700669 3.2575750059974273e-12
103.8325874862894 5.1254973235174496e-12
103.9369418455721 3.697373724579872e-12
104.0412962048548 1.9354764679270954e-12
104.14565056413751 3.910252766988144e-12
104.2500049234202 2.911445641798911e-12
104.35435928270292 1.8212502807333777e-12
104.45871364198561 3.798527321967995e-12
104.56306800126832 2.3075303764058607e-12
104.66742236055102 1.5197637882542118e-12
104.77177671983372 3.2258101217171435e-12
104.87613107911642 1.3067586376298e-12
104.98048543839913 7.889429169395695e-13
105.08483979768182 2.72647868679277e-12
105.18919415696455 9.977520768475976e-13
105.29354851624724 4.1277031968096043e-13
105.39790287552995 3.159529655307448e-12
105.50225723481265 1.6836551779733784e-12
105.60661159409534 4.059999242238144e-13
105.71096595337805 3.28453344944523e-12
105.81532031266075 1.8609150504612878e-12
105.91967467194345 1.7098902966306074e-13
106.02402903122615 2.0550200285263605e-12
106.12838339050886 1.3495771298461987e-12
106.23273774979155 3.1575672482618245e-13
106.33709210907428 7.909516485662565e-13
106.44144646835697 1.2033271395609135e-12
106.54580082763968 8.758311118313692e-13
106.65015518692238 4.103377806572669e-13
106.75450954620509 1.1077141367171896e-12
106.85886390548778 8.095090084040339e-13
106.96321826477049 3.673414806035804e-13
107.06757262405318 6.800986603452301e-13
107.1719269833359 4.176603929660413e-13
107.27628134261859 3.1040474052105724e-13
107.38063570190128 2.866195853134068e-13
107.484990061184 3.874814732740394e-13
107.5893444204667 1.1808428770419851e-13
107.69369877974941 2.0946426490983447e-13
107.7980531390321 5.896635152990958e-13
107.90240749831482 8.835619225091548e-14
108.00676185759751 4.0508271128651875e-13
108.11111621688022 6.206833314247597e-13
108.21547057616291 1.8539292177322122e-13
108.31982493544562 3.360456511001956e-13
108.42417929472832 3.8487590502614673e-13
108.52853365401103 1.0224609132086208e-13
108.63288801329374 1.5086585452619056e-13
108.73724237257643 5.664552924137816e-13
108.84159673185914 9.158126892968246e-14
108.94595109114184 2.1471788422930295e-13
109.05030545042455 8.717819779483551e-13
109.15465980970724 1.4120315072441677e-13
109.25901416898995 2.1101827467045595e-13
109.36336852827264 6.435106439937752e-13
109.46772288755535 3.808753989548167e-13
109.57207724683805 2.2946939849751117e-13
109.67643160612076 3.518223446191958e-13
109.78078596540345 7.037012226633676e-13
109.88514032468616 2.300321430187598e-13
109.98949468396886 4.352384397931887e-13
110.09384904325157 5.48039766296991e-13
110.19820340253426 1.6212471224188733e-13
110.30255776181698 7.945840452599772e-13
110.4069121210997 2.31494279341962e-13
110.51126648038239 1.9870813648930853e-13
110.6156208396651 9.175363456537566e-13
110.7199751989478 1.379538892198608e-13
110.8243295582305 1.3908008161356145e-13
110.9286839175132 5.248299730897369e-13
111.0330382767959 2.6892708807598406e-13
111.1373926360786 7.113222300079982e-14
111.24174699536131 2.281413850757107e-13
111.346101354644 4.2232250869319304e-13
111.45045571392671 7.641552384700356e-14
111.55481007320941 1.9092537457095494e-13
111.65916443249212 2.3444669342035533e-13
111.76351879177481 1.2670220483327082e-14
111.86787315105752 1.3996365812860344e-13
111.97222751034022 1.050408804400759e-13
112.07658186962291 6.427223601820879e-14
112.18093622890562 1.0073241675663269e-13
112.28529058818832 2.2110879704929291e-13
112.38964494747103 8.007464026830022e-14
112.49399930675372 7.098922064471891e-14
112.59835366603646 2.0150161597267766e-13
112.70270802531915 2.2779395689600986e-14
112.80706238460186 2.690300400821725e-13
112.91141674388456 1.4501502593531984e-13
113.01577110316725 5.966495508104539e-14
113.12012546244996 4.611766645797969e-13
113.22447982173266 1.504977408746847e-13
113.32883418101537 5.925873732335745e-14
113.43318854029806 2.7736439364179176e-13
113.53754289958077 3.3150359878841296e-13
113.64189725886347 1.3014719397020963e-13
113.74625161814618 1.0291917724287522e-13
113.85060597742887 5.110367564160879e-13
113.95496033671158 1.8190123778971122e-13
114.05931469599427 1.2835751612360884e-13
114.16366905527698 3.0082570659716457e-13
114.26802341455968 9.147592794889136e-14
114.37237777384239 3.272790091630646e-13
114.47673213312508 6.04271408859791e-14
114.58108649240779 6.722046846604214e-14
114.68544085169049 4.599392684852231e-13
114.7897952109732 1.001721698006379e-14
114.89414957025592 5.036268979285122e-14
114.99850392953861 2.3877887161447766e-13
115.10285828882132 4.490320884646959e-14
115.20721264810402 7.909929363476418e-14
115.31156700738673 5.456993335991062e-14
115.41592136666942 1.0633735439999979e-13
115.52027572595213 1.389016821714905e-13
115.62463008523483 3.723281593524893e-14
115.72898444451754 3.840628371340707e-14
115.83333880380023 4.78654799668513e-14
115.93769316308294 4.821043059354997e-14
116.04204752236564 2.3587026355457735e-14
116.14640188164834 1.4212759774858188e-14
116.25075624093104 7.963649700909006e-14
116.35511060021375 1.0169166301889912e-13
116.45946495949644 2.4646204922409812e-14
116.56381931877915 3.511564694717644e-14
116.66817367806185 4.710544528653128e-14
116.77252803734454 2.196654662852109e-15
116.87688239662725 1.0728011910241068e-13
116.98123675590995 1.806405744833318e-14
117.08559111519266 1.873912484536618e-14
117.18994547447538 2.3661688845023264e-13
117.29429983375809 2.4668125690233524e-14
117.39865419304078 6.034630690318307e-16
117.5030085523235 1.5226297546478225e-13
117.60736291160619 6.559400509612546e-14
117.71171727088888 1.0866022662512447e-13
117.81607163017159 6.403049488076762e-14
117.92042598945429 1.4175217084676284e-13
118.024780348737 2.314512517455431e-13
118.12913470801969 8.50986159255887e-14
118.2334890673024 8.7463320812388e-14
118.3378434265851 1.363118186615805e-13
118.4421977858678 2.653786976171489e-13
118.5465521451505 5.5383573362193885e-14
118.65090650443321 5.860702951526173e-14
118.7552608637159 4.2694265253051247e-13
118.85961522299861 6.969527002221376e-14
118.96396958228131 9.020887066175926e-14
119.06832394156402 2.7808756913857247e-13
119.17267830084671 5.45199968823506e-14
119.27703266012942 2.3710422479102025e-13
119.38138701941214 7.900804380604076e-14
119.48574137869484 9.93279984471473e-14
119.59009573797755 3.29849824726218e-13
119.69445009726024 3.811589437939683e-14
119.79880445654295 7.158040053505215e-14
119.90315881582565 1.8570233072831797e-13
120.00751317510836 1.0104573185398334e-13
120.11186753439105 1.3840480872029936e-14
120.21622189367376 9.321573533047241e-14
120.32057625295646 1.7543845243645001e-13
120.42493061223917 1.4533313946801352e-14
120.52928497152186 1.0822630527891265e-13
120.63363933080457 1.1661832960948669e-13
120.73799369008727 1.5371734481384319e-15
120.84234804936997 7.546230731364778e-14
120.94670240865267 1.2606822110920682e-13
121.05105676793538 6.889848889694792e-14
121.15541112721807 4.7119622975142814e-14
121.25976548650077 2.452559189089728e-13
121.36411984578348 1.0305486239064745e-13
121.46847420506617 7.606993463955386e-14
121.57282856434888 2.306670619990213e-13
121.6771829236316 7.303392219370341e-14
121.78153728291431 2.95535533423356e-13
121.88589164219701 1.6829073474258874e-13
121.99024600147972 1.2005072202059776e-13
122.09460036076241 4.676975618290762e-13
122.19895472004512 1.9042940123552368e-13
122.30330907932782 1.40967838237874e-13
122.40766343861051 3.363507788657622e-13
122.51201779789322 3.7530034858928787e-13
122.61637215717592 1.6179328602576348e-13
122.72072651645863 1.933539166929704e-13
122.82508087574132 5.426334629788768e-13
122.92943523502403 1.6344204560659048e-13
123.03378959430673 2.103333330294798e-13
123.13814395358943 3.9005277846882004e-13
123.24249831287213 1.28668748438636e-13
123.34685267215484 3.429256570070237e-13
123.45120703143753 1.4342313173599082e-13
123.55556139072024 1.688565044363439e-13
123.65991575000294 3.805995873492311e-13
123.76427010928565 8.416578205142419e-14
123.86862446856834 1.3228915299327527e-13
123.97297882785107 2.2733937710317472e-13
124.07733318713377 1.4901915754712328e-13
124.18168754641647 3.027373156018711e-14
124.28604190569918 1.6634022339884675e-13
124.39039626498187 2.1154298649981142e-13
124.49475062426458 1.0449879675474883e-15
124.59910498354728 1.9629078626365757e-13
124.70345934282999 1.6792010105645662e-13
124.80781370211268 2.3546388286223047e-14
124.91216806139539 1.3713070355572211e-13
125.01652242067809 1.9840229134820322e-13
125.1208767799608 1.2443802094964507e-13
125.22523113924349 7.770911752413278e-14
125.3295854985262 3.3131651377320676e-13
125.4339398578089 1.5836365419761302e-13
125.5382942170916 1.2658175738624213e-13
125.6426485763743 3.016905555558701e-13
125.74700293565701 1.1708673260039382e-13
125.8513572949397 3.4610922044157085e-13
125.9557116542224 1.959711996108512e-13
126.06006601350511 1.4788554991375382e-13
126.1644203727878 4.831785792996501e-13
126.26877473207054 1.8785193747961324e-13
126.37312909135323 1.509650350752137e-13
126.47748345063594 3.3765180007791533e-13
126.58183780991864 3.2031891912046117e-13
126.68619216920135 1.4489703539303446e-13
126.79054652848404 1.753019730172776e-13
126.89490088776674 4.326995201004325e-13
126.99925524704945 1.2576729350830385e-13
127.10360960633214 1.6397203896298407e-13
127.20796396561485 2.7772530963433363e-13
127.31231832489755 8.584878133295885e-14
127.41667268418026 2.2862647009222094e-13
127.52102704346295 8.328314432461027e-14
127.62538140274566 1.0721455771917938e-13
127.72973576202835 2.3330836594492554e-13
127.83409012131106 4.753293555235591e-14
127.93844448059376 7.509034374997319e-14
128.04279883987647 1.2589332397512073e-13
128.14715319915916 7.610883092376494e-14
128.25150755844186 8.420990445397928e-15
128.35586191772458 1.0035155740687423e-13
128.4602162770073 1.0748502810383942e-13
128.56457063629 2.0285543501725844e-15
128.6689249955727 1.3619622519080153e-13
128.7732793548554 8.352409353008144e-14
128.8776337141381 1.0015591569900671e-14
128.9819880734208 8.507177496816656e-14
129.0863424327035 1.2774330686205086e-13
129.1906967919862 6.12005238661438e-14
129.29505115126892 3.7614763615221334e-14
129.39940551055162 2.2246636571796947e-13
129.5037598698343 8.061014230281723e-14
129.608114229117 6.462889957220738e-14
129.71246858839973 1.6956758774611344e-13
129.81682294768243 4.9579002228048554e-14
129.92117730696512 1.9973479588756225e-13
130.02553166624782 7.828128392765582e-14
130.12988602553054 5.5478283838429505e-14
130.23424038481323 2.9445843327730517e-13
130.33859474409593 5.94531505752746e-14
130.44294910337862 4.863157493632111e-14
130.54730346266132 1.839213348211144e-13
130.65165782194404 1.175159902098254e-13
130.75601218122677 6.454001719669727e-14
130.86036654050946 6.891383974960445e-14
130.96472089979216 1.7532940268966571e-13
131.06907525907488 8.340843355821587e-14
131.17342961835757 5.77612987064973e-14
131.27778397764027 9.075931985742505e-14
131.38213833692296 4.058616389769269e-14
131.4864926962057 1.107787809808822e-13
131.59084705548838 7.17970723652482e-15
131.69520141477108 2.430389965392604e-14
131.79955577405377 1.484986595048297e-13
131.90391013333647 9.852202647122322e-16
132.0082644926192 1.84251376270073e-14
132.11261885190189 7.156883233650074e-14
132.21697321118458 4.4832108326724505e-15
132.32132757046728 2.0589393455751766e-14
132.42568192975 2.715898701220039e-14
132.5300362890327 2.4872693810797246e-14
132.6343906483154 3.490674143419566e-14
132.73874500759808 4.452102289668779e-14
132.8430993668808 1.4523182157453146e-14
132.9474537261635 6.916380670365028e-15
133.05180808544623 3.3021138233112693e-14
133.15616244472892 1.981363130674177e-14
133.26051680401162 2.4652150689206425e-14
133.36487116329434 2.6901306229000792e-14
133.46922552257703 5.6503895640088736e-14
133.57357988185973 5.696820484080066e-14
133.67793424114242 3.4490654754539393e-14
133.78228860042515 3.88153443782524e-14
133.88664295970784 2.6010554364248337e-14
133.99099731899054 1.1771071351739123e-13
134.09535167827323 3.1551356824539744e-14
134.19970603755596 8.772765971925735e-15
134.30406039683865 2.1217209285125053e-13
134.40841475612135 4.0519109664053596e-14
134.51276911540404 3.389546861020717e-14
134.61712347468676 1.5829736828485958e-13
134.72147783396946 5.5721957515707646e-14
134.82583219325215 1.3365417590419618e-13
134.93018655253485 7.511369782739053e-14
135.03454091181757 9.430083780267642e-14
135.13889527110027 2.0951634233112825e-13
135.24324963038296 7.009879189799198e-14
135.34760398966569 7.411585978636838e-14
135.45195834894838 1.3923011206066839e-13
135.5563127082311 1.5282058040191e-13
135.6606670675138 4.037898165780183e-14
135.7650214267965 7.63055076238212e-14
135.8693757860792 2.212184425193816e-13
135.9737301453619 2.949148569767829e-14
136.0780845046446 7.766571855576416e-14
136.1824388639273 1.4094269621328133e-13
136.28679322321 2.6295546489043523e-14
136.3911475824927 9.888274237209007e-14
136.49550194177542 5.433431394547893e-14
136.5998563010581 6.248156788050244e-14
136.7042106603408 9.804672392191575e-14
136.8085650196235 5.585863713989617e-14
136.91291937890622 5.5799090425486763e-14
137.01727373818892 6.023514566883102e-14
137.1216280974716 7.978970383251513e-14
137.2259824567543 1.4818882592090192e-14
137.33033681603703 1.024985940172047e-13
137.43469117531973 9.666477814704736e-14
137.53904553460242 2.16203694316096e-14
137.64339989388515 1.6160850731730626e-13
137.74775425316784 1.0499887056510502e-13
137.85210861245056 5.026240009019384e-14
137.95646297173326 1.1816746427871407e-13
138.06081733101595 1.9184378300208794e-13
138.16517169029865 9.9344982389789e-14
138.26952604958137 7.531795626805103e-14
138.37388040886407 3.0057263835805606e-13
138.47823476814676 1.2290765346686047e-13
138.58258912742946 1.1801487233662275e-13
138.68694348671218 2.582914537626318e-13
138.79129784599488 1.1687136214257087e-13
138.89565220527757 2.5203334327899087e-13
139.00000656456027 1.515505662728167e-13
139.104360923843 1.4726302649955572e-13
139.20871528312568 3.220787016052739e-13
139.31306964240838 1.2932159301929067e-13
139.41742400169107 1.3510617481518277e-13
139.5217783609738 2.2516627699583693e-13
139.6261327202565 2.091395308374492e-13
139.7304870795392 8.392510294819512e-14
139.8348414388219 1.412604511907423e-13
139.9391957981046 2.6796358159072995e-13
140.04355015738733 5.14699197144768e-14
140.14790451667002 1.2812329193273644e-13
140.25225887595272 1.830992701498502e-13
140.35661323523541 5.068258986885595e-14
140.46096759451814 1.2639077382551786e-13
140.56532195380083 9.116033665292532e-14
140.66967631308353 9.71113844077687e-14
140.77403067236622 1.0359890655592687e-13
140.87838503164892 9.796379418183068e-14
140.98273939093164 8.979322285470994e-14
141.08709375021434 8.207378993115708e-14
141.19144810949703 1.2012592693361572e-13
141.29580246877973 3.9532871848287334e-14
141.40015682806245 1.501814820115835e-13
141.50451118734514 1.2244311693519289e-13
141.60886554662784 4.345781385160317e-14
141.71321990591053 2.119099472320377e-13
141.81757426519326 1.2988680255065505e-13
141.92192862447595 7.405430383659168e-14
142.02628298375865 1.5797770546335688e-13
142.13063734304137 2.0789775869094377e-13
142.23499170232407 1.139011730750943e-13
142.3393460616068 9.925177945007378e-14
142.44370042088948 2.932523876504822e-13
142.54805478017218 1.2122087255573994e-13
142.65240913945487 1.2479874418908868e-13
142.7567634987376 2.341201788261174e-13
142.8611178580203 1.0410005192307984e-13
142.965472217303 2.1886485821786842e-13
143.06982657658568 1.1974300610159989e-13
143.1741809358684 1.1924546340657418e-13
143.2785352951511 2.533501796942186e-13
143.3828896544338 8.534634669265875e-14
143.4872440137165 9.631244314492993e-14
143.59159837299921 1.6580904937496903e-13
143.6959527322819 1.2837784637274905e-13
143.8003070915646 4.671457730015225e-14
143.9046614508473 9.345592037395156e-14
144.00901581013002 1.624580684737723e-13
144.11337016941272 2.106715312874332e-14
144.2177245286954 7.935207262243981e-14
144.3220788879781 1.0060746836307822e-13
144.42643324726083 1.7431449132258487e-14
144.53078760654356 6.776455537025973e-14
144.63514196582625 4.755510613121021e-14
144.73949632510895 4.683947202089734e-14
144.84385068439164 5.05012548193188e-14
144.94820504367436 6.137512067232774e-14
145.05255940295706 4.344259321876627e-14
145.15691376223975 3.9527047703631096e-14
145.26126812152245 6.353907479607252e-14
145.36562248080517 1.4631659370581828e-14
145.46997684008787 8.741173846107217e-14
145.57433119937056 5.565386402303157e-14
145.67868555865326 1.7902525744909496e-14
145.78303991793595 1.2866533552802478e-13
145.88739427721868 5.616785545577355e-14
145.99174863650137 2.6721972700036638e-14
146.09610299578407 8.639335204996607e-14
146.20045735506676 9.789554189732393e-14
146.30481171434948 4.8511782679875903e-14
146.40916607363218 4.255122877151279e-14
146.51352043291487 1.4248187806862185e-13
146.61787479219757 5.62650167163741e-14
146.7222291514803 5.211190337486536e-14
146.82658351076302 9.901122450243775e-14
146.9309378700457 3.645498158160609e-14
147.0352922293284 1.1062193546669698e-13
147.1396465886111 3.510810719134982e-14
147.24400094789382 3.306975205658984e-14
147.34835530717652 1.4601519414011196e-13
147.4527096664592 1.7120789164928743e-14
147.5570640257419 2.765030987977911e-14
147.66141838502463 8.981536134500996e-14
147.76577274430733 3.415507850402857e-14
147.87012710359002 3.000725405640967e-14
147.97448146287272 3.324082653857632e-14
148.07883582215544 5.787564295652726e-14
148.18319018143814 3.7411265309712946e-14
148.28754454072083 2.4809291283057892e-14
148.39189890000353 3.052376511159588e-14
148.49625325928625 1.8103848053530663e-14
148.60060761856894 3.5549548033816116e-14
148.70496197785164 2.419886322243555e-15
148.80931633713433 1.605714745840245e-14
148.91367069641706 4.666793478255412e-14
149.01802505569978 6.38567764268891e-15
149.12237941498248 1.828483151811825e-14
149.22673377426517 2.873116218243471e-14
149.33108813354787 7.24687413227991e-15
149.4354424928306 5.7773073063558276e-15
149.53979685211328 3.843767640109359e-14
149.64415121139598 1.9562320496433067e-14
149.74850557067867 1.7941176547336345e-15
149.8528599299614 6.973161492507581e-14
149.9572142892441 2.2696285455012547e-14
150.0615686485268 7.125415733902565e-15
150.16592300780948 5.880481470467565e-14
150.27027736709218 2.8711200080142926e-14
150.3746317263749 5.2561622535556347e-14
150.4789860856576 4.1135135625526416e-14
150.5833404449403 5.223047700383357e-14
150.68769480422299 8.971829264802876e-14
150.7920491635057 5.371365437578997e-14
150.8964035227884 5.0695789427462844e-14
151.0007578820711 6.431433191112569e-14
151.1051122413538 1.1891996384448272e-13
151.20946660063652 4.436029954592268e-14
151.31382095991924 4.242062598819336e-14
151.41817531920194 1.7713335389641914e-13
151.52252967848463 4.274419897136276e-14
151.62688403776733 5.900257576923734e-14
151.73123839705005 1.3433247432510217e-13
151.83559275633274 5.0717069278135506e-14
151.93994711561544 1.0194732836886303e-13
152.04430147489813 6.538948246322828e-14
152.14865583418086 7.655381761904012e-14
152.25301019346355 1.2093724503259982e-13
152.35736455274625 5.0573410179463026e-14
152.46171891202894 6.238689317430672e-14
152.56607327131167 8.203892347412321e-14
152.67042763059436 8.133991519524822e-14
152.77478198987706 2.139327543271762e-14
152.87913634915975 6.513137177506196e-14
152.98349070844247 1.0777265208973276e-13
153.08784506772517 6.214410367057372e-15
153.19219942700786 7.115545937470964e-14
153.29655378629056 8.271802570443619e-14
153.40090814557328 2.1332094864489503e-14
153.505262504856 5.3091114785146916e-14
153.6096168641387 7.902430847006742e-14
153.7139712234214 6.149362595284374e-14
153.8183255827041 3.6506838114632504e-14
153.92267994198681 1.1531219849345624e-13
154.0270343012695 7.16385087212054e-14
154.1313886605522 5.5294209029995297e-14
154.2357430198349 1.190033049552191e-13
154.34009737911762 6.0126523410001e-14
154.44445173840032 1.3397749628696558e-13
154.548806097683 1.0228532412456229e-13
154.6531604569657 7.766569057843204e-14
154.7575148162484 1.8708797435134616e-13
154.86186917553113 1.1275395524939362e-13
154.96622353481382 9.429302064789995e-14
155.07057789409652 1.4581000271698813e-13
155.1749322533792 1.8231925375912996e-13
155.27928661266193 9.671372236711973e-14
155.38364097194463 1.0362388435618112e-13
155.48799533122732 2.400282115669765e-13
155.59234969051002 8.826576274407682e-14
155.69670404979274 1.1439942661626623e-13
155.80105840907547 1.8688221334924362e-13
155.90541276835816 8.782137017887019e-14
156.00976712764086 1.5030902146216355e-13
156.11412148692355 1.0068133152460288e-13
156.21847584620627 1.0994349716863034e-13
156.32283020548897 1.514297982779593e-13
156.42718456477166 7.703759798451196e-14
156.53153892405436 9.053150731860278e-14
156.63589328333708 1.0600882950661349e-13
156.74024764261978 1.0324075908347881e-13
156.84460200190247 3.7343039397156867e-14
156.94895636118517 9.504806074925704e-14
157.0533107204679 1.2099062430809808e-13
157.1576650797506 1.633698695347987e-14
157.26201943903328 1.0234736658384995e-13
157.36637379831598 9.889594347146257e-14
157.4707281575987 3.559988294654864e-14
157.5750825168814 7.52342824608953e-14
157.6794368761641 1.0265932608062665e-13
157.78379123544678 7.605006446837595e-14
157.8881455947295 5.026962972438293e-14
157.9924999540122 1.394574392236817e-13
158.09685431329493 8.440341319463117e-14
158.20120867257762 6.987193103938e-14
158.30556303186032 1.326725093900451e-13
158.40991739114304 7.000061141979539e-14
158.51427175042573 1.4125810950967026e-13
158.61862610970843 1.0065263789933679e-13
158.72298046899112 8.002342648114165e-14
158.82733482827385 1.7994511267214175e-13
158.93168918755654 9.873329428481395e-14
159.03604354683924 8.386262131204847e-14
159.14039790612193 1.3205191312177802e-13
159.24475226540463 1.4663045897316025e-13
159.34910662468735 7.355060052142984e-14
159.45346098397005 8.43616068288241e-14
159.55781534325274 1.812863650844762e-13
159.66216970253544 5.868102748865569e-14
159.76652406181816 8.130338177090429e-14
159.87087842110085 1.281689433071654e-13
159.97523278038355 5.10464597617927e-14
160.07958713966624 9.823183264787418e-14
160.18394149894897 5.6834221435963266e-14
160.28829585823166 6.209320456829325e-14
160.3926502175144 9.309290786468952e-14
160.49700457679708 3.740113450140622e-14
160.60135893607978 4.617539141967194e-14
160.7057132953625 5.847902080870148e-14
160.8100676546452 4.968121635019995e-14
160.9144220139279 1.2384125873501987e-14
161.01877637321059 5.0399220280499046e-14
161.1231307324933 5.820256380405788e-14
161.227485091776 2.2542905550871097e-15
161.3318394510587 5.630880137639691e-14
161.4361938103414 4.4649423601957026e-14
161.54054816962412 1.0078916996702153e-14
161.6449025289068 3.7338260668737823e-14
161.7492568881895 4.9597812543270306e-14
161.8536112474722 3.1283905152634384e-14
161.95796560675493 2.074069588602234e-14
162.06231996603762 7.256648755214361e-14
162.16667432532032 3.6271704034056024e-14
162.271028684603 2.943605453241605e-14
162.37538304388573 6.148940507597966e-14
162.47973740316843 2.372254494796071e-14
162.58409176245115 7.190359525091892e-14
162.68844612173385 3.8132806555343294e-14
162.79280048101654 2.4425215630944883e-14
162.89715484029927 9.917050849835012e-14
163.00150919958196 3.372502254093391e-14
163.10586355886466 2.4987332601809044e-14
163.21021791814735 6.817131556746247e-14
163.31457227743007 5.491483781753588e-14
163.41892663671277 3.12565830861331e-14
163.52328099599546 3.3767833498455366e-14
163.62763535527816 7.468790137721397e-14
163.73198971456088 3.481098836114571e-14
163.83634407384358 3.2099586575466093e-14
163.94069843312627 4.798303369589239e-14
164.04505279240897 2.2978311588733673e-14
164.14940715169166 5.5604118242135384e-14
164.25376151097439 1.2754751735554716e-14
164.35811587025708 2.029497477257298e-14
164.46247022953978 6.876236090768916e-14
164.56682458882247 4.0293128263597164e-15
164.6711789481052 1.7791217871735304e-14
164.7755333073879 4.237001692811727e-14
164.8798876666706 1.1239747085124143e-14
164.9842420259533 1.353544675495123e-14
165.088596385236 2.1405349554391447e-14
165.19295074451873 2.467627924291633e-14
165.29730510380142 1.1633529272895947e-14
165.40165946308412 2.3521318994105918e-14
165.5060138223668 1.8186345956920443e-14
165.61036818164953 7.047844814161028e-15
165.71472254093223 2.494931139529404e-14
165.81907690021492 8.869637655147743e-15
165.92343125949762 2.148018542551039e-14
166.02778561878034 2.5702242663045265e-14
166.13213997806304 1.617270899515903e-14
166.23649433734573 3.3826805051815906e-14
166.34084869662843 2.94433972154737e-14
166.44520305591115 2.1258075541631158e-14
166.54955741519385 2.1258941783184676e-14
166.65391177447654 6.069007028557675e-14
166.75826613375924 2.967141754594167e-14
166.86262049304196 1.3662765310060978e-14
166.96697485232465 9.661600221531253e-14
167.07132921160735 3.52229006027183e-14
167.17568357089007 2.9280281195256216e-14
167.28003793017277 8.400641131531107e-14
167.3843922894555 4.4180429998642994e-14
167.48874664873819 7.09213703892666e-14
167.59310100802088 5.497329742539812e-14
167.69745536730358 6.380427515471709e-14
167.8018097265863 9.476781063401917e-14
167.906164085869 5.7078798779301e-14
168.0105184451517 5.946161237879929e-14
168.11487280443438 7.303762235175316e-14
168.2192271637171 9.561024996315492e-14
168.3235815229998 3.911276588798552e-14
168.4279358822825 5.522080235379318e-14
168.5322902415652 1.232326945940489e-13
168.6366446008479 2.788239543476832e-14
168.7409989601306 5.693422144447744e-14
168.8453533194133 9.213043820008469e-14
168.949707678696 3.620347803125919e-14
169.0540620379787 5.898982687049473e-14
169.15841639726142 5.42053625029344e-14
169.2627707565441 5.880298681525842e-14
169.3671251158268 5.199474839522594e-14
169.47147947510953 5.297662980501559e-14
169.57583383439223 5.269496971429156e-14
169.68018819367495 4.4617550183617564e-14
169.78454255295765 6.516533952243588e-14
169.88889691224034 2.833361300178993e-14
169.99325127152304 6.862809765629028e-14
170.09760563080576 7.18251178427581e-14
170.20195999008845 2.8011501471457927e-14
170.30631434937115 9.041620176917156e-14
170.41066870865384 7.551223190737794e-14
170.51502306793657 4.7863069642648377e-14
170.61937742721926 7.188296488967149e-14
170.72373178650196 1.100452826061492e-13
170.82808614578465 7.287692695078706e-14
170.93244050506738 5.455532906793775e-14
171.03679486435007 1.517601596005412e-13
171.14114922363277 8.023242435731723e-14
171.24550358291546 7.57641818686803e-14
171.34985794219818 1.3733810880070744e-13
171.45421230148088 8.288211313237663e-14
171.55856666076357 1.2557413854944e-13
171.6629210200463 9.705716947765037e-14
171.767275379329 9.913464442500023e-14
171.87162973861172 1.4535832878233635e-13
171.9759840978944 9.067894807931894e-14
172.0803384571771 9.270242776893204e-14
172.1846928164598 1.125618168873629e-13
172.28904717574252 1.2464714305005457e-13
172.39340153502522 6.224196789435639e-14
172.49775589430791 8.62652265372878e-14
172.6021102535906 1.456321685107625e-13
172.70646461287333 4.186310807982635e-14
172.81081897215603 8.174292602973128e-14
172.91517333143872 1.0904806497377308e-13
173.01952769072142 4.838710982282645e-14
173.1238820500041 7.345841885445102e-14
173.22823640928684 6.97023301235252e-14
173.33259076856953 7.050027377678126e-14
173.43694512785223 5.853083298576785e-14
173.54129948713492 6.795608018129097e-14
173.64565384641764 6.356084997239109e-14
173.75000820570034 5.358653382877846e-14
173.85436256498303 7.501989443151829e-14
173.95871692426576 3.838152066767958e-14
174.06307128354848 8.140962876114361e-14
174.16742564283118 7.486444383156053e-14
174.27178000211387 3.65377607643435e-14
174.37613436139657 1.0123962482904622e-13
174.48048872067926 7.624627393352468e-14
174.58484307996198 5.181764267548979e-14
174.68919743924468 7.773667792726258e-14
174.79355179852737 1.0552313463115204e-13
174.89790615781007 6.706650115380267e-14
175.0022605170928 5.5212320687772916e-14
175.1066148763755 1.3571895431636003e-13
175.21096923565818 6.663089885480569e-14
175.31532359494088 6.655721837123699e-14
175.4196779542236 1.1311177921289861e-13
175.5240323135063 6.260116818210726e-14
175.628386672789 9.902200697735913e-14
175.7327410320717 6.990995972742033e-14
175.8370953913544 6.905873536464619e-14
175.9414497506371 1.0745826374693785e-13
176.0458041099198 5.65452106900187e-14
176.1501584692025 5.776901804005146e-14
176.25451282848522 7.594060796919508e-14
176.35886718776794 7.41860908082981e-14
176.46322154705064 3.174178810291782e-14
176.56757590633333 5.168690908312824e-14
176.67193026561603 8.408175477749224e-14
176.77628462489875 1.6734237773975503e-14
176.88063898418145 4.5026967385097864e-14
176.98499334346414 5.681459895111417e-14
177.08934770274684 1.7926346758298607e-14
177.19370206202956 3.746172916531317e-14
177.29805642131225 3.1045403976397615e-14
177.40241078059495 3.0302172133144166e-14
177.50676513987764 2.803357533821529e-14
177.61111949916037 3.023825207541584e-14
177.71547385844306 2.6769784711449997e-14
177.81982821772576 2.3196052903772202e-14
177.92418257700845 3.213984056730049e-14
178.02853693629115 1.1614695321685446e-14
178.13289129557387 3.9155088497461684e-14
178.23724565485657 3.080924425046425e-14
178.34160001413926 9.609463636070308e-15
178.44595437342196 5.1987043067938756e-14
178.5503087327047 3.0156590550285704e-14
178.6546630919874 1.513275415088044e-14
178.7590174512701 3.672146468096108e-14
178.8633718105528 4.410813760849197e-14
178.9677261698355 2.5291133746367095e-14
179.0720805291182 2.1669217832168955e-14
179.1764348884009 5.965791163266565e-14
179.2807892476836 2.8343023773408572e-14
179.3851436069663 2.7178303259895927e-14
179.48949796624902 4.6047931573287816e-14
179.5938523255317 2.135920224152861e-14
179.6982066848144 5.203249987906401e-14
179.8025610440971 2.371004129263469e-14
179.90691540337983 2.053939148250017e-14
180.01126976266252 6.608730310149917e-14
180.11562412194522 1.7251933271657428e-14
180.2199784812279 1.971430433745409e-14
180.32433284051064 4.617658965249241e-14
180.42868719979333 2.6996468218506444e-14
180.53304155907603 2.008336730653538e-14
180.63739591835872 2.440721593608521e-14
180.74175027764144 3.809319622837826e-14
180.84610463692417 2.0019987159856606e-14
180.95045899620686 2.110939426292037e-14
181.05481335548956 2.6296784046429425e-14
181.15916771477225 1.4300559596351767e-14
181.26352207405498 2.898749991436449e-14
181.36787643333767 8.008070376770436e-15
181.47223079262037 1.6967043186179376e-14
181.57658515190306 3.3827480438343946e-14
181.68093951118578 4.444639516117381e-15
181.78529387046848 1.8135713716836763e-14
181.88964822975117 2.5807304936470442e-14
181.99400258903387 1.0658983733422573e-14
182.0983569483166 9.929597777788345e-15
182.2027113075993 2.7952810603952773e-14
182.30706566688198 2.164895964167401e-14
182.41142002616468 5.308230354439742e-15
182.51577438544737 4.046629843241939e-14
182.6201287447301 2.3584975671624004e-14
182.7244831040128 1.2342660679795721e-14
182.82883746329549 3.941876159725531e-14
182.93319182257818 2.4457323794337193e-14
183.03754618186093 3.746617721601153e-14
183.14190054114363 3.357517513098729e-14
183.24625490042632 3.554504627369324e-14
183.35060925970902 5.407611062282826e-14
183.4549636189917 4.2037167600911174e-14
183.55931797827444 4.0585046358977815e-14
183.66367233755713 4.419200207707189e-14
183.76802669683983 7.446368012994464e-14
183.87238105612252 3.980879599889043e-14
183.97673541540524 3.6733025338911933e-14
184.08108977468794 1.0090677975353729e-13
184.18544413397063 3.952676611708288e-14
184.28979849325333 4.5930080158269755e-14
184.39415285253605 8.468260644471932e-14
184.49850721181875 4.80512857344361e-14
184.60286157110144 6.329851545920173e-14
184.70721593038414 5.501520637178787e-14
184.81157028966686 6.319389278649418e-14
184.91592464894956 6.696239846095549e-14
185.02027900823225 5.0074585787578264e-14
185.12463336751495 5.492955140094612e-14
185.22898772679767 5.3907319640474444e-14
185.3333420860804 6.651362401952456e-14
185.4376964453631 2.994954073565891e-14
185.54205080464578 5.253408223720654e-14
185.64640516392848 7.628897376182129e-14
185.7507595232112 1.9693960122305834e-14
185.8551138824939 5.555709058957223e-14
185.9594682417766 6.437779166569384e-14
186.0638226010593 3.193778571064366e-14
186.168176960342 4.407477805073793e-14
186.2725313196247 6.216609061925875e-14
186.3768856789074 5.3599655452033826e-14
186.4812400381901 3.3503467132361157e-14
186.58559439747282 7.756555673667527e-14
186.6899487567555 5.73843348820772e-14
186.7943031160382 4.548845280644419e-14
186.8986574753209 7.98883435624977e-14
187.0030118346036 5.2749606472253465e-14
187.10736619388632 8.191478389201939e-14
187.21172055316902 7.176931676881685e-14
187.3160749124517 6.245425033797252e-14
187.4204292717344 1.020488515271986e-13
187.52478363101713 7.861446544269308e-14
187.62913799029985 7.097880180671861e-14
187.73349234958255 8.524789384690548e-14
187.83784670886524 1.1197762838557343e-13
187.94220106814797 6.903222533879792e-14
188.04655542743066 6.924686925926363e-14
188.15090978671336 1.366131866648288e-13
188.25526414599605 6.295648180002285e-14
188.35961850527875 7.448899784345715e-14
188.46397286456147 1.126155188443572e-13
188.56832722384416 6.689996391167809e-14
188.67268158312686 8.591663997326646e-14
188.77703594240955 7.384414024390683e-14
188.88139030169228 7.856266640078079e-14
188.98574466097497 8.151661680482388e-14
189.09009902025767 6.298431404018251e-14
189.19445337954036 6.642734283292804e-14
189.2988077388231 6.478577005866076e-14
189.40316209810578 7.352688802322564e-14
189.50751645738848 3.7325014941609246e-14
189.61187081667117 6.284662466373168e-14
189.7162251759539 7.804441889921054e-14
189.8205795352366 2.4788405937237564e-14
189.9249338945193 6.408404663034961e-14
190.029288253802 6.596063887627114e-14
190.1336426130847 3.559656743265802e-14
190.23799697236743 4.865175072993755e-14
190.34235133165012 6.570868349157174e-14
190.44670569093282 5.357853355570757e-14
190.5510600502155 3.5276624638558036e-14
190.65541440949823 7.90831347271814e-14
190.75976876878093 5.4637770737193967e-14
190.86412312806362 4.4529921978782925e-14
190.96847748734632 7.540952683687616e-14
191.07283184662904 4.8295942361374087e-14
191.17718620591174 7.341541829108807e-14
191.28154056519443 6.099997083938279e-14
191.38589492447713 5.256553335949559e-14
191.49024928375985 8.642060511673119e-14
191.59460364304255 6.041034584244087e-14
191.69895800232524 5.3486474832868323e-14
191.80331236160794 6.712795468599141e-14
191.90766672089063 8.107291945923268e-14
192.01202108017335 4.572607860732865e-14
192.11637543945605 4.877408285362625e-14
192.22072979873877 9.39863025602428e-14
192.32508415802147 3.6928459972494686e-14
192.4294385173042 4.748528716242647e-14
192.5337928765869 7.020412290632985e-14
192.63814723586958 3.570420375905171e-14
192.74250159515228 5.1790581556923994e-14
192.84685595443497 3.8546011976614524e-14
192.9512103137177 4.072555727752718e-14
193.0555646730004 4.726401875699785e-14
193.15991903228309 2.837535676223735e-14
193.26427339156578 3.1422052424647066e-14
193.3686277508485 3.332978525584535e-14
193.4729821101312 3.313636369918085e-14
193.5773364694139 1.2992804752459544e-14
193.6816908286966 2.963798768452474e-14
193.7860451879793 3.588002071424108e-14
193.890399547262 5.588937544268313e-15
193.9947539065447 3.0073206376748705e-14
194.0991082658274 2.7983129498701654e-14
194.20346262511012 9.967353838310917e-15
194.30781698439282 2.1232585698047825e-14
194.41217134367554 2.6558047560125887e-14
194.51652570295823 1.9764885530013513e-14
194.62088006224093 1.381203787164807e-14
194.72523442152365 3.3365999123026905e-14
194.82958878080635 2.0855085902447372e-14
194.93394314008904 1.771544903286908e-14
195.03829749937174 3.0412948338260084e-14
195.14265185865446 1.4695940329500298e-14
195.24700621793716 3.534735197217767e-14
195.35136057721985 2.2960447851896186e-14
195.45571493650255 1.432572212011258e-14
195.56006929578527 4.645354118136189e-14
195.66442365506796 2.1998504914081472e-14
195.76877801435066 1.6491136090449095e-14
195.87313237363335 3.498114587441734e-14
195.97748673291608 3.203878553990428e-14
196.08184109219877 2.0500318861026826e-14
196.18619545148147 2.1906625078985254e-14
196.29054981076416 4.1536365355259946e-14
196.39490417004686 2.1954257390077636e-14
196.49925852932958 2.281708588433747e-14
196.60361288861228 3.1773369593122546e-14
196.707967247895 1.806263018948606e-14
196.8123216071777 3.531336961474488e-14
196.91667596646042 1.553289572902025e-14
197.0210303257431 1.8132804202159722e-14
197.1253846850258 4.2446660871404616e-14
197.2297390443085 1.0162954708736512e-14
197.3340934035912 1.7346356736994594e-14
197.43844776287392 3.134326407322954e-14
197.54280212215662 1.6337624019645872e-14
197.6471564814393 1.3393074247440926e-14
197.751510840722 2.1171932031790096e-14
197.85586520000473 2.4997890656837187e-14
197.96021955928742 1.0341081281043565e-14
198.06457391857012 2.177387669202224e-14
198.1689282778528 2.0856012559083556e-14
198.27328263713554 1.0885306403759657e-14
198.37763699641823 2.414356581489438e-14
198.48199135570093 1.2732433493463912e-14
198.58634571498362 2.143296429149319e-14
198.69070007426635 2.4820788056635838e-14
198.79505443354904 1.4635048973226335e-14
198.89940879283174 2.7937849818961926e-14
199.00376315211446 2.7409125632054037e-14
199.10811751139715 2.1784278243866e-14
199.21247187067988 2.1150364709740915e-14
199.31682622996257 4.369918320136034e-14
199.42118058924527 2.9627240222139294e-14
199.52553494852796 1.7744786968065634e-14
199.62988930781069 6.134419067288128e-14
199.73424366709338 3.3843956005976295e-14
199.83859802637608 2.8379838465118532e-14
199.94295238565877 5.749224506335251e-14
