0.0 0.0
0.10435435928270291 3.5061624714537123e-09
0.20870871856540582 1.7570828721615813e-08
0.3130630778481087 1.6385901088278035e-08
0.41741743713081164 2.70801930151926e-07
0.5217717964135146 3.256649854697864e-06
0.6261261556962174 0.0004036369270021149
0.7304805149789203 0.003615349254443421
0.8348348742616233 0.00873573514055677
0.9391892335443263 0.0067067703429026
1.0435435928270291 0.001189658998042104
1.1478979521097321 2.5137010668359505e-07
1.2522523113924349 1.1396198532988432e-05
1.3566066706751378 4.423345393491101e-06
1.4609610299578406 8.288933804315034e-08
1.5653153892405436 1.2902239344959504e-06
1.6696697485232466 4.0854622887266074e-07
1.7740241078059495 9.772136379669842e-08
1.8783784670886525 3.189190860202758e-07
1.9827328263713553 1.4429123958876233e-07
2.0870871856540583 4.2848130286576693e-07
2.1914415449367612 2.572672357531976e-07
2.2957959042194642 2.572134691795994e-06
2.400150263502167 5.297391669019565e-06
2.5045046227848697 3.991087326302015e-06
2.6088589820675727 3.6637246552390737e-06
2.7132133413502757 2.2110949568022683e-06
2.8175677006329787 2.507758730238046e-07
2.921922059915681 2.9938235407022954e-08
3.026276419198384 4.69173447474908e-08
3.130630778481087 6.297669094223892e-09
3.23498513776379 8.586523596506755e-09
3.339339497046493 2.2206567718148893e-08
3.4436938563291957 4.869010106348447e-10
3.548048215611899 1.0531949128067313e-08
3.6524025748946016 2.0816126731610146e-08
3.756756934177305 3.730095362875765e-09
3.8611112934600076 3.856975663471912e-09
3.9654656527427106 3.191785350238564e-08
4.0698200120254135 2.2461068291015338e-08
4.1741743713081165 1.0885997074478526e-09
4.2785287305908195 2.6547135751382188e-08
4.3828830898735225 2.2679409961934074e-08
4.4872374491562255 3.431476063108102e-09
4.5915918084389284 7.670660392670161e-09
4.6959461677216305 1.4553820453906755e-08
4.800300527004334 5.0205092662171644e-09
4.9046548862870365 2.397762037518561e-09
5.0090092455697395 1.4378362992434808e-08
5.1133636048524425 2.923574713977682e-09
5.217717964135145 6.17444936770064e-10
5.322072323417848 1.2468728289121518e-08
5.426426682700551 2.143983614005023e-09
5.530781041983254 2.932694698030033e-10
5.635135401265957 6.908476297051306e-09
5.73948976054866 2.587450728504937e-09
5.843844119831362 4.7402221217757516e-09
5.948198479114066 1.0848112540426023e-09
6.052552838396768 6.653250364970554e-09
6.156907197679472 2.1096909957860963e-08
6.261261556962174 2.9733573772581834e-09
6.365615916244878 1.7811115703140234e-08
6.46997027552758 5.438021175934893e-08
6.574324634810284 2.0404454644991688e-08
6.678678994092986 3.8147019205043946e-08
6.783033353375689 1.0390133814430922e-07
6.887387712658391 5.590145306823995e-08
6.991742071941095 7.01633387866174e-08
7.096096431223798 1.6272319729685555e-07
7.200450790506501 1.0065742095142364e-07
7.304805149789203 1.0419600851105053e-07
7.409159509071906 2.0725578851499165e-07
7.51351386835461 1.3316172553606457e-07
7.617868227637313 1.1890780457567374e-07
7.722222586920015 1.9848859930426953e-07
7.826576946202718 1.195079923136754e-07
7.930931305485421 8.918183914773284e-08
8.035285664768125 1.1490995249173563e-07
8.139640024050827 4.650361312748765e-08
8.24399438333353 1.6477746719541362e-08
8.348348742616233 5.661146921655035e-09
8.452703101898935 9.369836070559783e-09
8.557057461181639 5.901538955114001e-08
8.661411820464341 1.68048107001429e-07
8.765766179747045 3.846271658939783e-07
8.870120539029747 7.268772924570712e-07
8.974474898312451 1.3949856850602118e-06
9.078829257595153 2.137654047335818e-06
9.183183616877857 3.2658433343163876e-06
9.287537976160559 5.3714001031681005e-06
9.391892335443261 7.205159146808527e-06
9.496246694725965 1.009146856231262e-05
9.600601054008669 1.5201296958412564e-05
9.704955413291371 1.9189896668819044e-05
9.809309772574073 2.5633099292929815e-05
9.913664131856777 3.616792897023194e-05
10.018018491139479 4.403324324890541e-05
10.122372850422183 5.693668690863248e-05
10.226727209704885 7.625615786870705e-05
10.331081568987589 9.06737934389506e-05
10.43543592827029 0.00011452117728140956
10.539790287552993 0.00014721754965776797
10.644144646835697 0.0001724345066094036
10.7484990061184 0.00021356290142925553
10.852853365401103 0.000264848895232739
10.957207724683805 0.0003062496976591292
11.061562083966509 0.0003724382383705633
11.165916443249213 0.0004482674735872173
11.270270802531915 0.0005140114917344732
11.374625161814617 0.0006157619932090822
11.47897952109732 0.0007229017095798817
11.583333880380025 0.0008226402504334824
11.687688239662725 0.0009694387426646744
11.792042598945429 0.0011119342022073797
11.896396958228133 0.0012561786553435053
12.000751317510835 0.0014587298008563133
12.105105676793537 0.0016433060453637225
12.20946003607624 0.0018473182671239995
12.313814395358945 0.0021143626150496395
12.418168754641647 0.0023411138632361233
12.522523113924349 0.002612163449130936
12.626877473207053 0.0029423479943401533
12.731231832489756 0.003210286637807029
12.835586191772459 0.0035638196079301404
12.93994055105516 0.003963943678772898
13.044294910337864 0.0042789087224246415
13.148649269620568 0.004721786697859175
13.253003628903269 0.005170565758279137
13.357357988185973 0.005510219838096369
13.461712347468676 0.006031066753451177
13.566066706751378 0.0065151825999393755
13.67042106603408 0.006894632316132657
13.774775425316783 0.007508286107476137
13.879129784599488 0.008002052497506433
13.98348414388219 0.008381131767152748
14.087838503164894 0.009017541085222076
14.192192862447596 0.009443560669490111
14.296547221730298 0.009801256069499983
14.400901581013002 0.010458841740778607
14.505255940295704 0.010826637818921103
14.609610299578407 0.011183197647138945
14.71396465886111 0.01180560634757376
14.818319018143812 0.01200055338170165
14.922673377426518 0.012238793276167314
15.02702773670922 0.0127201709166621
15.131382095991922 0.01276484901179431
15.235736455274626 0.0130356005503623
15.340090814557328 0.013487917507015366
15.44444517384003 0.01337167596074477
15.548799533122734 0.013476710224671685
15.653153892405436 0.013588080282163144
15.757508251688138 0.013154549800292023
15.861862610970842 0.013161700190494448
15.966216970253544 0.013126744550196872
16.07057132953625 0.012592390025766901
16.174925688818952 0.012558435571647547
16.279280048101654 0.012258778956831928
16.38363440738436 0.011402190790827915
16.48798876666706 0.01097494645918606
16.59234312594976 0.010136820531322767
16.696697485232466 0.00910071146215267
16.801051844515168 0.008925379814417976
16.90540620379787 0.00843843086459112
17.009760563080576 0.007646061785078749
17.114114922363278 0.007145938645064894
17.21846928164598 0.005931449625292801
17.322823640928682 0.0048411012567683405
17.427178000211384 0.00464235798828357
17.53153235949409 0.00405660159091213
17.635886718776792 0.0034445042120183175
17.740241078059494 0.0031149725416782866
17.8445954373422 0.00231431418771541
17.948949796624902 0.0019388331861713095
18.053304155907604 0.0019550358286763167
18.157658515190306 0.0012704190574598848
18.262012874473008 0.0006575283930193746
18.366367233755714 0.00048228223360275807
18.470721593038416 0.00031535940975552153
18.575075952321118 0.00046911300184360795
18.679430311603824 0.0005741381931383391
18.783784670886522 0.0002718391354369716
18.888139030169224 6.735909978896895e-05
18.99249338945193 6.067966855738944e-05
19.096847748734632 0.00014256886025254607
19.201202108017338 0.0001406056323686361
19.30555646730004 0.00010522444161452587
19.409910826582742 0.0003734113273209906
19.514265185865444 0.00045458348391249075
19.618619545148146 0.0002603465854627855
19.722973904430848 0.000375360275555596
19.827328263713554 0.00020434631711649905
19.931682622996256 6.756537101901677e-05
20.036036982278958 0.0011351075419107994
20.140391341561664 0.002090534998621941
20.244745700844366 0.0017875612585333445
20.349100060127068 0.0015010918841860035
20.45345441940977 0.00230150339628684
20.557808778692472 0.003061824359054344
20.662163137975178 0.0022940624138238683
20.76651749725788 0.00046797490265146477
20.87087185654058 8.91783883769837e-05
20.975226215823287 0.000702666904803099
21.079580575105986 0.0005002333304622359
21.18393493438869 0.00041792012205191454
21.288289293671394 0.0008607947470105116
21.392643652954096 0.000902566366628358
21.4969980122368 0.0012337912950687283
21.601352371519503 0.0017638845389777874
21.705706730802206 0.0013415099035270913
21.810061090084908 0.0007205813252035854
21.91441544936761 0.0005361880614840258
22.018769808650312 0.0002715305545047215
22.123124167933018 0.0006282701425108695
22.22747852721572 0.0019155262240812484
22.331832886498425 0.0022750930770122756
22.436187245781127 0.0009481999279732912
22.54054160506383 0.0002815202930652777
22.64489596434653 0.001572706103762768
22.749250323629234 0.002298195720606412
22.853604682911936 0.0008974692246248759
22.95795904219464 3.555815558377602e-05
23.062313401477343 0.001423665445869634
23.16666776076005 0.0025635598331894684
23.27102212004275 0.0016127327370110236
23.37537647932545 0.00023450236766427962
23.479730838608155 0.0001730863649123744
23.584085197890857 0.0007844827658319379
23.68843955717356 0.0008668553439419456
23.792793916456265 0.0005882104855153453
23.897148275738967 0.0006548275187537694
24.00150263502167 0.0009955640261978722
24.10585699430437 0.0010434103505978078
24.210211353587074 0.0006610080114142241
24.31456571286978 0.0002465495908715535
24.41892007215248 0.00018322920656132653
24.523274431435183 0.0005588378442675312
24.62762879071789 0.0011063919240369884
24.73198315000059 0.0012245706581983742
24.836337509283293 0.0006880892286790424
24.940691868565995 0.0001278615546659089
25.045046227848697 7.111597861080428e-05
25.1494005871314 0.00022099802304760647
25.253754946414105 0.0002332829401516501
25.358109305696807 0.00016668803821973918
25.462463664979513 9.262444776375131e-05
25.566818024262215 2.0124503577785116e-05
25.671172383544917 1.0973883748749063e-05
25.77552674282762 5.201531674154181e-05
25.87988110211032 0.00011494644559998521
25.984235461393023 0.00028214469124303765
26.08858982067573 0.0005042633536886337
26.19294417995843 0.0004990754929729362
26.297298539241137 0.0002325456514556984
26.401652898523835 1.9160261167658964e-05
26.506007257806537 3.4837957186701874e-05
26.610361617089243 0.00016543090344973881
26.714715976371945 0.0002312180827923532
26.819070335654647 0.0001264519303551211
26.923424694937353 3.982109828838472e-06
27.027779054220055 0.00014350906032876265
27.132133413502757 0.0004885838219685064
27.23648777278546 0.0007076501954415864
27.34084213206816 0.0006485691356831337
27.445196491350863 0.00043932066391401723
27.549550850633565 0.00026089384852575367
27.653905209916275 0.00025757097043050363
27.758259569198977 0.0004404718713271456
27.86261392848168 0.0006163154002385006
27.96696828776438 0.000559138970687427
28.07132264704708 0.00031401498424523695
28.17567700632979 0.00010093201772074711
28.28003136561249 4.101417784140376e-05
28.384385724895193 0.00010158124221307134
28.488740084177895 0.0001660919193616269
28.593094443460597 0.00012867889349797758
28.6974488027433 5.5982024505642036e-05
28.801803162026005 0.00014017801427203367
28.906157521308707 0.0004101658721606108
29.01051188059141 0.0006915804265749841
29.11486623987411 0.0008123136788292891
29.219220599156813 0.0007052904229005644
29.323574958439522 0.00041452056590792565
29.42792931772222 0.00012561130807143457
29.532283677004923 5.479112110695131e-06
29.636638036287625 2.6696907986197544e-05
29.740992395570327 6.477077986497295e-05
29.845346754853036 7.899959678696512e-05
29.94970111413574 8.55240898339374e-05
30.05405547341844 0.00010096793139210782
30.158409832701143 0.00014628593185139128
30.262764191983845 0.0002005691631684368
30.367118551266543 0.00019109642006034252
30.471472910549252 0.00010720713355891151
30.575827269831954 2.7793536777598505e-05
30.680181629114657 7.3453513727326736e-06
30.78453598839736 4.0261818390953055e-05
30.88889034768006 0.00010651854232081233
30.993244706962766 0.00016214460198187404
31.09759906624547 0.00015866293084939746
31.20195342552817 0.0001133170266602637
31.306307784810873 7.630385959822308e-05
31.410662144093575 5.153890550854852e-05
31.515016503376277 2.457391496553681e-05
31.619370862658986 7.62948100400234e-06
31.723725221941685 7.772409948242485e-06
31.828079581224387 1.9823073015632968e-05
31.93243394050709 4.904148489464477e-05
32.03678829978979 9.155441597652398e-05
32.1411426590725 0.00011604903335456945
32.2454970183552 0.00010897365688483345
32.349851377637904 8.941913406133845e-05
32.454205736920606 6.96240137767551e-05
32.55856009620331 4.8365369552503306e-05
32.66291445548601 3.5454909432749515e-05
32.76726881476872 3.2991085213884746e-05
32.87162317405142 2.707002154796216e-05
32.97597753333412 2.0786164586569014e-05
33.08033189261682 2.5531141671017247e-05
33.18468625189952 3.390074716225431e-05
33.28904061118223 3.7509341779430044e-05
33.39339497046493 3.961151273755497e-05
33.497749329747634 3.8524949390735846e-05
33.602103689030336 3.278122253109877e-05
33.70645804831304 3.235725525482428e-05
33.81081240759574 4.290212533935153e-05
33.91516676687845 5.4976799080518975e-05
34.01952112616115 6.09170920056628e-05
34.123875485443854 6.22867746837379e-05
34.228229844726556 5.712186997631193e-05
34.33258420400926 4.3780795430148334e-05
34.43693856329196 3.138191629810197e-05
34.54129292257466 2.4612481052014582e-05
34.645647281857364 1.9381885290805442e-05
34.75000164114007 1.5768769335070932e-05
34.85435600042277 1.6877921566979525e-05
34.95871035970548 2.1349326675618192e-05
35.06306471898818 2.803808278668496e-05
35.16741907827088 3.798415873803313e-05
35.271773437553584 4.8105544232834025e-05
35.376127796836286 5.3374097169109775e-05
35.48048215611899 5.440060770553088e-05
35.5848365154017 5.416859937745398e-05
35.6891908746844 5.1453462807931244e-05
35.7935452339671 4.663844287821531e-05
35.897899593249804 4.1852115288075004e-05
36.002253952532506 3.60448850840612e-05
36.10660831181521 2.894913308751371e-05
36.21096267109791 2.2042836468705953e-05
36.31531703038061 1.6513619570460094e-05
36.419671389663314 1.3307510868813881e-05
36.524025748946016 1.3156097542715806e-05
36.62838010822872 1.575148799850136e-05
36.73273446751143 2.0228048634460296e-05
36.83708882679413 2.6074458761994252e-05
36.94144318607683 3.218938498130211e-05
37.045797545359534 3.6966921743642816e-05
37.150151904642236 4.0542976180279906e-05
37.254506263924945 4.354752934478458e-05
37.35886062320765 4.405587497595648e-05
37.46321498249035 4.223844812140247e-05
37.567569341773044 4.02462507880488e-05
37.671923701055746 3.692674918439812e-05
37.77627806033845 3.1320444736729484e-05
37.88063241962116 2.5432387339512342e-05
37.98498677890386 2.061876865362149e-05
38.08934113818656 1.5924904435593562e-05
38.193695497469264 1.2441942415407643e-05
38.298049856751966 1.2485753533965094e-05
38.402404216034675 1.4545013646508442e-05
38.50675857531738 1.7297669823286132e-05
38.61111293460008 2.220278563527209e-05
38.71546729388278 2.7584723945172963e-05
38.819821653165484 3.055476374209586e-05
38.924176012448186 3.326733665154781e-05
39.02853037173089 3.6777225541545215e-05
39.13288473101359 3.8003786960769494e-05
39.23723909029629 3.681180445514135e-05
39.341593449578994 3.620058557531763e-05
39.445947808861696 3.5137439633769675e-05
39.550302168144405 3.047248467191105e-05
39.65465652742711 2.4923214221700578e-05
39.75901088670981 2.110046341173621e-05
39.86336524599251 1.639466745145377e-05
39.967719605275214 1.1413334047864549e-05
40.072073964557916 9.59710561144784e-06
40.176428323840625 9.84709670093286e-06
40.28078268312333 1.0382126594302566e-05
40.38513704240603 1.344714477246223e-05
40.48949140168873 1.8912200821551098e-05
40.59384576097143 2.2980775259157652e-05
40.698200120254135 2.6146008495837646e-05
40.80255447953684 3.117230988778387e-05
40.90690883881954 3.464313917780636e-05
41.01126319810224 3.399795316157995e-05
41.115617557384944 3.391215641706519e-05
41.21997191666765 3.485155746407702e-05
41.324326275950355 3.231723562146097e-05
41.42868063523306 2.7738635225044987e-05
41.53303499451576 2.4911063459990927e-05
41.63738935379846 2.1834430009904865e-05
41.74174371308116 1.6228800910691034e-05
41.84609807236387 1.1633300469399292e-05
41.950452431646575 9.656177132002588e-06
42.05480679092928 7.6280253210532135e-06
42.15916115021197 6.814159732214171e-06
42.263515509494674 9.555857549232206e-06
42.36786986877738 1.297140790726689e-05
42.472224228060085 1.577515115616042e-05
42.57657858734279 2.068637574772169e-05
42.68093294662549 2.6065990290883765e-05
42.78528730590819 2.8393315927135514e-05
42.889641665190894 2.997215813514717e-05
42.9939960244736 3.345876293094722e-05
43.098350383756305 3.496974216082995e-05
43.20270474303901 3.2641229883659e-05
43.30705910232171 3.099918745038939e-05
43.41141346160441 2.984567183278855e-05
43.51576782088712 2.5147867516109003e-05
43.620122180169815 1.8965312530250495e-05
43.72447653945252 1.4946523403214183e-05
43.82883089873522 1.1351623412511614e-05
43.93318525801792 7.185934789431317e-06
44.037539617300624 5.582288886386551e-06
44.14189397658333 6.496233760533897e-06
44.246248335866035 7.372346723429122e-06
44.35060269514874 9.532446306139067e-06
44.45495705443144 1.4052525930145055e-05
44.55931141371414 1.761064774119175e-05
44.66366577299685 1.9689718599419672e-05
44.76802013227955 2.3320945963843414e-05
44.872374491562255 2.7017534930246873e-05
44.97672885084496 2.7586416045228433e-05
45.08108321012766 2.7342029183526476e-05
45.18543756941036 2.8869403904216785e-05
45.28979192869306 2.8946382016839485e-05
45.394146287975765 2.6142716061772256e-05
45.49850064725847 2.4115570250266545e-05
45.60285500654117 2.2784760742482396e-05
45.70720936582387 1.9109602531834874e-05
45.81156372510658 1.4476025663900858e-05
45.91591808438928 1.1561119334844478e-05
46.020272443671985 9.097145040104472e-06
46.12462680295469 6.214331715176714e-06
46.22898116223739 5.2289046357015805e-06
46.3333355215201 6.127708432462532e-06
46.4376898808028 7.020590045366715e-06
46.5420442400855 8.997260223423586e-06
46.646398599368204 1.2846898411278069e-05
46.7507529586509 1.6144529999859592e-05
46.8551073179336 1.862951516977012e-05
46.95946167721631 2.2463405151278573e-05
47.06381603649901 2.6522340886887553e-05
47.168170395781715 2.831907277944419e-05
47.27252475506442 2.9046949545335626e-05
47.37687911434712 3.0436356380780956e-05
47.48123347362983 3.003891546307767e-05
47.58558783291253 2.661766825863759e-05
47.68994219219523 2.3092568301803845e-05
47.794296551477935 2.009834793390782e-05
47.89865091076064 1.5906827503729984e-05
48.00300527004334 1.1380027169992167e-05
48.10735962932605 8.54323244434071e-06
48.21171398860874 6.795665041288702e-06
48.316068347891445 5.221837126199781e-06
48.42042270717415 5.01121431990441e-06
48.52477706645685 6.218076146642951e-06
48.62913142573956 7.333140077428502e-06
48.73348578502226 8.708574892718037e-06
48.83784014430496 1.1128279322079591e-05
48.942194503587665 1.333014553467796e-05
49.04654886287037 1.495922689738649e-05
49.15090322215307 1.7384531284626642e-05
49.25525758143578 2.0503553758470112e-05
49.35961194071848 2.2925941519276736e-05
49.46396630000118 2.4854563869488437e-05
49.568320659283884 2.7271096906344576e-05
49.672675018566586 2.887281508159442e-05
49.77702937784929 2.8368910141539747e-05
49.88138373713199 2.677638109142128e-05
49.98573809641469 2.4524559259729697e-05
50.090092455697395 2.089398985198341e-05
50.1944468149801 1.6231380330359445e-05
50.2988011742628 1.20292363677416e-05
50.40315553354551 8.705337814113905e-06
50.50750989282821 5.906771599510331e-06
50.61186425211091 4.1832148824117415e-06
50.716218611393614 3.8349702728225176e-06
50.82057297067632 4.285302497981669e-06
50.924927329959026 5.357483583375006e-06
51.02928168924173 7.201112580092448e-06
51.13363604852443 9.35857775913875e-06
51.23799040780713 1.1444131702272214e-05
51.342344767089834 1.363499296355817e-05
51.446699126372536 1.605018062177522e-05
51.55105348565524 1.8350288579387765e-05
51.65540784493794 2.0406971706400386e-05
51.75976220422064 2.2566163807050935e-05
51.864116563503345 2.4557264915282506e-05
51.96847092278605 2.589648401516456e-05
52.072825282068756 2.6481953582072215e-05
52.17717964135146 2.623308998284903e-05
52.28153400063416 2.5126349469899504e-05
52.38588835991686 2.295077838067523e-05
52.490242719199564 1.9856173896572066e-05
52.59459707848227 1.6374771999644752e-05
52.698951437764975 1.2904697913941715e-05
52.80330579704767 9.71302461784786e-06
52.90766015633037 6.92469381668431e-06
53.012014515613075 4.89411910292499e-06
53.11636887489578 3.788042811745377e-06
53.220723234178486 3.3548119626904174e-06
53.32507759346119 3.614502871238779e-06
53.42943195274389 4.7278408271774795e-06
53.53378631202659 6.351846447882507e-06
53.638140671309294 8.205717640514602e-06
53.742495030592 1.0521238047280362e-05
53.846849389874706 1.3216459585071046e-05
53.95120374915741 1.5732289185010734e-05
54.05555810844011 1.8011426891661473e-05
54.15991246772281 2.0586981097002016e-05
54.264266827005514 2.3000725169535484e-05
54.368621186288216 2.4420213061444352e-05
54.47297554557092 2.537199617818795e-05
54.57732990485362 2.6205166579128838e-05
54.68168426413632 2.605991122226391e-05
54.786038623419024 2.4490218766395655e-05
54.89039298270173 2.244998920319629e-05
54.99474734198443 2.0388779709508965e-05
55.09910170126713 1.7498562542430377e-05
55.20345606054985 1.414482602596054e-05
55.30781041983255 1.140157311781061e-05
55.41216477911525 9.052054266763283e-06
55.51651913839795 6.636271270794265e-06
55.620873497680655 4.735302284799943e-06
55.72522785696336 3.779284156242751e-06
55.82958221624606 3.20270383732972e-06
55.93393657552876 2.9965292285323273e-06
56.03829093481146 3.781919036317584e-06
56.14264529409416 5.142164799705565e-06
56.24699965337686 6.538591226341087e-06
56.35135401265958 8.65700407883747e-06
56.45570837194228 1.1510986340587808e-05
56.56006273122498 1.3950487111193607e-05
56.66441709050768 1.6096976913645535e-05
56.768771449790385 1.8893531349452475e-05
56.87312580907309 2.1655413525295548e-05
56.97748016835579 2.3092760549037836e-05
57.08183452763849 2.4053196144909524e-05
57.186188886921194 2.5462586603403663e-05
57.290543246203896 2.5845507628100437e-05
57.3948976054866 2.459040265158347e-05
57.49925196476931 2.327700816927344e-05
57.60360632405201 2.2337511066824985e-05
57.70796068333471 2.036408173878385e-05
57.81231504261741 1.741547547806932e-05
57.916669401900116 1.511767198909743e-05
58.02102376118282 1.3192556793419996e-05
58.12537812046552 1.0526183435399136e-05
58.22973247974822 7.888855609246416e-06
58.334086839030924 6.180645486343909e-06
58.438441198313626 4.729851401928255e-06
58.54279555759633 3.2521713799332973e-06
58.647149916879044 2.6437074740499957e-06
58.75150427616175 2.8464003726370823e-06
58.85585863544444 3.1418644535678205e-06
58.960212994727144 4.032231140484809e-06
59.064567354009846 5.902632883575007e-06
59.16892171329255 7.7780654116463e-06
59.27327607257525 9.548768746078089e-06
59.37763043185795 1.2205379711609278e-05
59.481984791140654 1.5197536796215124e-05
59.586339150423356 1.7274356690307093e-05
59.69069350970607 1.907683368686248e-05
59.795047868988775 2.1597252259638342e-05
59.89940222827148 2.3563204705485366e-05
60.00375658755418 2.4010419048925367e-05
60.10811094683688 2.447166785924004e-05
60.21246530611958 2.5427202965420813e-05
60.316819665402285 2.5255977313145757e-05
60.42117402468499 2.378272089910112e-05
60.52552838396769 2.265139321463438e-05
60.629882743250384 2.1788055790296833e-05
60.734237102533086 1.960756614637615e-05
60.8385914618158 1.671438300036479e-05
60.942945821098505 1.455492939142835e-05
61.04730018038121 1.249111331870626e-05
61.15165453966391 9.752609024618943e-06
61.25600889894661 7.2821780650700885e-06
61.36036325822931 5.734801931781586e-06
61.464717617512015 4.32292613061044e-06
61.56907197679472 2.9175746307463566e-06
61.67342633607742 2.3163456327487836e-06
61.77778069536012 2.324844364234085e-06
61.88213505464282 2.412284834521645e-06
61.98648941392553 3.087998371836649e-06
62.090843773208235 4.541915592099809e-06
62.19519813249094 6.013124567074015e-06
62.29955249177364 7.557933888022229e-06
62.40390685105634 9.867277387195057e-06
62.50826121033904 1.2452528280752572e-05
62.612615569621745 1.4453109810089694e-05
62.71696992890445 1.653115564857676e-05
62.82132428818715 1.926674557560855e-05
62.92567864746985 2.1494312030869114e-05
63.030033006752554 2.27147212263333e-05
63.13438736603527 2.3998377962270073e-05
63.23874172531797 2.5478673543874424e-05
63.343096084600674 2.592601040171785e-05
63.44745044388337 2.537448233871726e-05
63.55180480316607 2.5135192770181012e-05
63.65615916244877 2.489670228526051e-05
63.760513521731475 2.3584995526550183e-05
63.86486788101418 2.175963453027624e-05
63.96922224029688 2.0328661506163407e-05
64.07357659957958 1.8744360894805348e-05
64.17793095886229 1.6308665430054287e-05
64.282285318145 1.3807502208303564e-05
64.3866396774277 1.1829826867074591e-05
64.4909940367104 9.744102299612556e-06
64.5953483959931 7.451717649303855e-06
64.69970275527581 5.620878795093579e-06
64.8040571145585 4.328239867936168e-06
64.90841147384121 3.1474242369791603e-06
65.01276583312391 2.2286885868429086e-06
65.11712019240662 1.9214208983216562e-06
65.22147455168931 1.980688827782715e-06
65.32582891097202 2.2572284641778783e-06
65.43018327025473 3.065010030907639e-06
65.53453762953744 4.328981005859603e-06
65.63889198882013 5.674656088714417e-06
65.74324634810284 7.263373815515973e-06
65.84760070738554 9.305118657949824e-06
65.95195506666823 1.1460680303147316e-05
66.05630942595094 1.3457572019545515e-05
66.16066378523364 1.5617016565504044e-05
66.26501814451635 1.8050483141902853e-05
66.36937250379904 2.0195596506400917e-05
66.47372686308175 2.1938197276069045e-05
66.57808122236446 2.3639240354456748e-05
66.68243558164717 2.5194805877853225e-05
66.78678994092986 2.6187538768575064e-05
66.89114430021257 2.6650009812162392e-05
66.99549865949527 2.7020053257533324e-05
67.09985301877798 2.7168715012643245e-05
67.20420737806067 2.676357799844467e-05
67.30856173734338 2.5995414528205162e-05
67.41291609662608 2.5084029706054422e-05
67.51727045590879 2.3932473789766416e-05
67.62162481519148 2.232660817243486e-05
67.72597917447419 2.04467572053349e-05
67.8303335337569 1.8566697339730717e-05
67.9346878930396 1.6594836552581968e-05
68.0390422523223 1.448565907143466e-05
68.143396611605 1.2368081767756163e-05
68.24775097088771 1.0408924393050952e-05
68.3521053301704 8.587709149419355e-06
68.45645968945311 6.806767250391694e-06
68.5608140487358 5.204015074821135e-06
68.66516840801852 3.905520035829106e-06
68.76952276730121 2.87438717787205e-06
68.87387712658392 2.0770465522797996e-06
68.97823148586663 1.6028863126418244e-06
69.08258584514932 1.5087307890081784e-06
69.18694020443203 1.6902712716971704e-06
69.29129456371473 2.129842628021045e-06
69.39564892299744 2.9494213511187207e-06
69.50000328228013 4.0750881097552435e-06
69.60435764156284 5.3405275977897295e-06
69.70871200084554 6.867720011926486e-06
69.81306636012825 8.749850874758788e-06
69.91742071941096 1.0735587257236063e-05
70.02177507869366 1.2625737784647688e-05
70.12612943797636 1.4661824713362757e-05
70.23048379725907 1.6935530393519e-05
70.33483815654176 1.8962440400910817e-05
70.43919251582446 2.0679485119067214e-05
70.54354687510717 2.2552069590989713e-05
70.64790123438986 2.4512748600726318e-05
70.75225559367257 2.600309294902898e-05
70.85660995295527 2.706176393995489e-05
70.96096431223798 2.8299700721300216e-05
71.06531867152069 2.945171383997274e-05
71.1696730308034 2.9862250074679602e-05
71.27402739008609 2.992326489201991e-05
71.3783817493688 3.0218335050138815e-05
71.4827361086515 3.0332083070082365e-05
71.5870904679342 2.9680086199243524e-05
71.6914448272169 2.8828673623840135e-05
71.79579918649961 2.8300004922876604e-05
71.9001535457823 2.7377362673393378e-05
72.00450790506501 2.5713769450968293e-05
72.1088622643477 2.4051749916436946e-05
72.21321662363042 2.270626556221246e-05
72.31757098291313 2.0982179042865898e-05
72.42192534219582 1.8761905467585183e-05
72.52627970147853 1.6881836743788013e-05
72.63063406076122 1.5351110415792086e-05
72.73498842004393 1.348131590746146e-05
72.83934277932663 1.1416055213074937e-05
72.94369713860934 9.779462796411119e-06
73.04805149789203 8.392946113904933e-06
73.15240585717474 6.743969251481818e-06
73.25676021645744 5.175277280504755e-06
73.36111457574015 4.102068143775481e-06
73.46546893502286 3.1820724117248963e-06
73.56982329430555 2.224823781356965e-06
73.67417765358826 1.5838814457072828e-06
73.77853201287095 1.3196077243833272e-06
73.88288637215366 1.1201163777051692e-06
73.98724073143636 1.078936585831385e-06
74.09159509071907 1.4462613350261094e-06
74.19594945000176 1.974487342024959e-06
74.30030380928447 2.5064585073261835e-06
74.40465816856717 3.4060103447064284e-06
74.50901252784989 4.651952904551307e-06
74.61336688713259 5.774389780466055e-06
74.7177212464153 6.939113785955007e-06
74.82207560569799 8.622693594129508e-06
74.9264299649807 1.050227117147473e-05
75.0307843242634 1.2041929871198736e-05
75.13513868354609 1.3719021244983203e-05
75.2394930428288 1.6009642100147123e-05
75.34384740211149 1.8174270988476158e-05
75.4482017613942 1.9792484103452522e-05
75.5525561206769 2.166786387242809e-05
75.65691047995962 2.409052294415051e-05
75.76126483924232 2.6099699729969037e-05
75.86561919852502 2.7492256995565322e-05
75.96997355780772 2.9372156001142596e-05
76.07432791709043 3.170462543726751e-05
76.17868227637312 3.3324225205326916e-05
76.28303663565583 3.439694305561266e-05
76.38739099493853 3.6050365579097155e-05
76.49174535422124 3.796041993801071e-05
76.59609971350393 3.8920573888232685e-05
76.70045407278664 3.948928189732873e-05
76.80480843206935 4.082553188775387e-05
76.90916279135205 4.220665471295906e-05
77.01351715063475 4.2613572000938816e-05
77.11787150991745 4.283932089478389e-05
77.22222586920016 4.383982389157345e-05
77.32658022848285 4.46145470416492e-05
77.43093458776556 4.429236980616164e-05
77.53528894704826 4.400349634022265e-05
77.63964330633097 4.4410150812564256e-05
77.74399766561366 4.442099235922604e-05
77.84835202489637 4.354038603628673e-05
77.95270638417908 4.2958882666363656e-05
78.05706074346178 4.307427460494058e-05
78.16141510274448 4.2637064206342295e-05
78.26576946202718 4.146404050220436e-05
78.37012382130989 4.070566964508717e-05
78.47447818059258 4.039687739481895e-05
78.5788325398753 3.944284438120858e-05
78.68318689915799 3.792698943010254e-05
78.7875412584407 3.697279191966618e-05
78.89189561772339 3.634688444919441e-05
78.9962499770061 3.508440373832201e-05
79.10060433628881 3.354562601772108e-05
79.20495869557152 3.257495632723854e-05
79.30931305485421 3.178411942768567e-05
79.41366741413692 3.038305905923849e-05
79.51802177341962 2.8880918805277234e-05
79.62237613270231 2.7958360896844397e-05
79.72673049198502 2.7064225283831863e-05
79.83108485126772 2.568637818791308e-05
79.93543921055043 2.4357562217632564e-05
80.03979356983312 2.352799264259963e-05
80.14414792911583 2.2618938943476097e-05
80.24850228839854 2.1259527744691542e-05
80.35285664768125 2.0039724984029237e-05
80.45721100696395 1.9190947568418093e-05
80.56156536624665 1.8199400331252496e-05
80.66591972552935 1.691403107132332e-05
80.77027408481206 1.585209468928912e-05
80.87462844409475 1.5142209672444791e-05
80.97898280337746 1.429618186322527e-05
81.08333716266016 1.3280556707215627e-05
81.18769152194287 1.2495939109426145e-05
81.29204588122558 1.192395340058834e-05
81.39640024050827 1.1192919412242571e-05
81.50075459979098 1.0317946234890655e-05
81.60510895907368 9.650930743272266e-06
81.70946331835638 9.128285086591602e-06
81.81381767763908 8.474998542888023e-06
81.91817203692179 7.780563185526396e-06
82.02252639620448 7.266046977065532e-06
82.12688075548719 6.854421876438109e-06
82.23123511476989 6.330995695884732e-06
82.3355894740526 5.785078193898352e-06
82.4399438333353 5.383626785369715e-06
82.544298192618 5.031607055810689e-06
82.64865255190071 4.6132295573306636e-06
82.7530069111834 4.202048303091349e-06
82.85736127046611 3.907915534147732e-06
82.96171562974881 3.6529642305457214e-06
83.06606998903152 3.3394131444618676e-06
83.17042434831421 3.038543679368545e-06
83.27477870759692 2.808305604857437e-06
83.37913306687962 2.5962605513378283e-06
83.48348742616233 2.347186863596897e-06
83.58784178544504 2.111395840434488e-06
83.69219614472775 1.9453188460229167e-06
83.79655050401044 1.7997509196341298e-06
83.90090486329315 1.63712740490611e-06
84.00525922257584 1.4862677356126196e-06
84.10961358185855 1.379047716658851e-06
84.21396794114125 1.284863962072098e-06
84.31832230042394 1.1594545337777956e-06
84.42267665970665 1.0352568991854438e-06
84.52703101898935 9.448126435518874e-07
84.63138537827206 8.64894316162083e-07
84.73573973755477 7.673854461634632e-07
84.84009409683748 6.727980131978075e-07
84.94444845612017 6.16388584089968e-07
85.04880281540288 5.714027107787899e-07
85.15315717468557 5.061520480954368e-07
85.25751153396828 4.4233134770671027e-07
85.36186589325098 4.068958930884694e-07
85.46622025253369 3.8084022587054085e-07
85.57057461181638 3.3303171820381804e-07
85.67492897109909 2.87729590324572e-07
85.77928333038179 2.7201962462771413e-07
85.8836376896645 2.6027068196933934e-07
85.9879920489472 2.275079113037639e-07
86.0923464082299 1.9452727673660516e-07
86.19670076751261 1.859694638217985e-07
86.3010551267953 1.7547207878994514e-07
86.40540948607801 1.426319635685609e-07
86.50976384536071 1.16628847559642e-07
86.61411820464342 1.1235177438355308e-07
86.71847256392611 1.0573996894285973e-07
86.82282692320882 8.359439969642581e-08
86.92718128249152 6.93899165554377e-08
87.03153564177424 7.346349508150463e-08
87.13589000105694 7.012637264336176e-08
87.24024436033963 5.25391178392282e-08
87.34459871962234 4.3439794610030744e-08
87.44895307890503 4.732720711444716e-08
87.55330743818774 4.320351781891164e-08
87.65766179747044 2.9093983403452583e-08
87.76201615675315 2.5462451307553995e-08
87.86637051603584 3.161275733738866e-08
87.97072487531855 2.912975756881221e-08
88.07507923460125 1.8950665577480767e-08
88.17943359388397 1.823638833164822e-08
88.28378795316667 2.3764491762341314e-08
88.38814231244938 1.8526722783693423e-08
88.49249667173207 9.655128881736796e-09
88.59685103101478 1.0799628194987343e-08
88.70120539029747 1.3983681315045963e-08
88.80555974958018 9.41359142480139e-09
88.90991410886288 4.027787669313078e-09
89.01426846814557 6.421117981013862e-09
89.11862282742828 9.159742473259548e-09
89.22297718671098 4.980447167025856e-09
89.3273315459937 1.610504174978678e-09
89.4316859052764 3.9913131156426915e-09
89.5360402645591 5.736953575143299e-09
89.6403946238418 2.8845628113045678e-09
89.74474898312451 7.666740662157511e-10
89.8491033424072 3.675924521113157e-09
89.95345770168991 5.606418200191247e-09
90.05781206097261 2.2795424353310496e-09
90.16216642025532 9.52062237257115e-10
90.26652077953801 3.860221967620421e-09
90.37087513882072 3.401034038141064e-09
90.47522949810343 3.8306148811828533e-10
90.57958385738613 5.857453585977023e-10
90.68393821666884 2.066170475264134e-09
90.78829257595153 1.6366709791720316e-09
90.89264693523424 2.2350833391115604e-10
90.99700129451693 4.132895273513032e-10
91.10135565379964 1.7610105959625894e-09
91.20571001308234 1.2730082683471842e-09
91.31006437236505 1.4775730484167347e-10
91.41441873164774 5.156485050600896e-10
91.51877309093047 1.20578327954305e-09
91.62312745021316 1.1029333612443153e-09
91.72748180949586 2.5076157291534444e-10
91.83183616877857 4.166145739187819e-10
91.93619052806126 1.6626034287233462e-09
92.04054488734397 1.0476590095261002e-09
92.14489924662666 4.589625733201002e-11
92.24925360590937 1.0886115629235228e-09
92.35360796519207 1.3565324880861284e-09
92.45796232447478 3.219376048996026e-10
92.56231668375747 4.1589113598633315e-10
92.6666710430402 9.018892266865578e-10
92.77102540232289 6.97973385311625e-10
92.8753797616056 4.3507353135042145e-10
92.9797341208883 5.334721620949093e-10
93.084088480171 6.555323414705248e-10
93.1884428394537 5.381062171927391e-10
93.29279719873641 6.491975547377703e-10
93.3971515580191 5.287285773271413e-10
93.5015059173018 3.2961768073384465e-10
93.60586027658451 9.941289328220697e-10
93.7102146358672 7.737884239411756e-10
93.81456899514993 9.93373183000054e-11
93.91892335443262 1.1033743694243672e-09
94.02327771371533 1.1010846999749167e-09
94.12763207299803 6.395513826994065e-11
94.23198643228073 8.746302654738744e-10
94.33634079156343 1.0706394522516753e-09
94.44069515084614 1.2866134531949783e-10
94.54504951012883 6.291431513312276e-10
94.64940386941154 8.439629122967809e-10
94.75375822869424 1.834526084867646e-10
94.85811258797695 5.043682909143587e-10
94.96246694725966 7.143016417050417e-10
95.06682130654235 2.087784078425325e-10
95.17117566582506 3.750746678342391e-10
95.27553002510776 7.398713251340903e-10
95.37988438439046 2.921369446122085e-10
95.48423874367316 1.9748511142232196e-10
95.58859310295587 8.065214267022992e-10
95.69294746223856 4.6332771955250027e-10
95.79730182152127 7.191035418591545e-11
95.90165618080397 8.221378464128389e-10
96.00601054008668 6.092350400398927e-10
96.11036489936939 2.1557326929539714e-11
96.2147192586521 7.600536999078917e-10
96.31907361793479 6.386811766084139e-10
96.42342797721749 9.586766407507335e-12
96.5277823365002 6.550265554490199e-10
96.63213669578289 5.897485836472636e-10
96.7364910550656 8.509820503724227e-12
96.8408454143483 5.207754592683595e-10
96.945199773631 5.245415124921991e-10
97.0495541329137 1.7541725299417208e-11
97.15390849219641 3.5552560256346374e-10
97.25826285147912 4.654725531232198e-10
97.36261721076183 5.0275422400908516e-11
97.46697157004452 1.9585851060870677e-10
97.57132592932723 4.2982751807398973e-10
97.67568028860993 1.1547710052550363e-10
97.78003464789263 8.135194240680152e-11
97.88438900717533 4.1432882329263645e-10
97.98874336645804 1.967581261527313e-10
98.09309772574073 2.472568747749191e-11
98.19745208502343 4.0642779648346407e-10
98.30180644430614 2.686227700035686e-10
98.40616080358885 7.706664676579278e-12
98.51051516287156 3.7175997559353234e-10
98.61486952215425 2.9874404533551963e-10
98.71922388143696 5.756630698343614e-12
98.82357824071966 2.971097321717246e-10
98.92793260000236 2.747370567104352e-10
99.03228695928506 4.573764486220661e-12
99.13664131856777 2.016697029923798e-10
99.24099567785046 2.1996371826056812e-10
99.34535003713317 7.412983930999261e-12
99.44970439641587 1.1452808320174713e-10
99.55405875569858 1.7121110263418518e-10
99.65841311498129 2.519933781682735e-11
99.76276747426398 4.8339223028772045e-11
99.86712183354669 1.4604499337387046e-10
99.97147619282939 7.025009458015749e-11
100.0758305521121 8.385497018791126e-12
100.18018491139479 1.4061635699775173e-10
100.2845392706775 1.4336028809566336e-10
100.3888936299602 1.0723716498279936e-12
100.4932479892429 1.3947199718937038e-10
100.5976023485256 2.155517045424022e-10
100.70195670780832 1.3524075481930664e-11
100.80631106709102 1.289786148752248e-10
100.91066542637373 2.525566633631082e-10
101.01501978565642 2.5100194713709386e-11
101.11937414493912 1.1197054510946659e-10
101.22372850422182 2.5309093327457127e-10
101.32808286350452 3.190001256160268e-11
101.43243722278723 9.85025919638153e-11
101.53679158206992 2.395645613473725e-10
101.64114594135263 4.680568956144447e-11
101.74550030063534 8.35903151858956e-11
101.84985465991805 2.2099398953677412e-10
101.95420901920075 8.595576327872336e-11
102.05856337848346 6.388038254282617e-11
102.16291773776615 1.9571079379763005e-10
102.26727209704886 1.5646106031223893e-10
102.37162645633155 5.6799237896818524e-11
102.47598081561426 1.7402072244413798e-10
102.58033517489696 2.420002699920768e-10
102.68468953417967 6.608216617796278e-11
102.78904389346236 1.698095130920091e-10
102.89339825274507 3.1496035059173986e-10
102.99775261202778 7.712927764204424e-11
103.10210697131048 1.865784741253395e-10
103.20646133059319 3.6181373194823615e-10
103.31081568987588 8.184647811366115e-11
103.41517004915859 2.1735601923834534e-10
103.51952440844128 3.81715928854776e-10
103.623878767724 8.638305540146973e-11
103.72823312700669 2.489905173394817e-10
103.8325874862894 3.8153636775926385e-10
103.9369418455721 1.0425340700558637e-10
104.0412962048548 2.6128537083832815e-10
104.14565056413751 3.634943080899512e-10
104.2500049234202 1.470678892878862e-10
104.35435928270292 2.5303582616603463e-10
104.45871364198561 3.366319505459957e-10
104.56306800126832 2.156637298026825e-10
104.66742236055102 2.3960564580097915e-10
104.77177671983372 3.233247165376494e-10
104.87613107911642 2.9336508017075375e-10
104.98048543839913 2.2685192815200002e-10
105.08483979768182 3.3794577767926277e-10
105.18919415696455 3.579840411360082e-10
105.29354851624724 2.1398146385261357e-10
105.39790287552995 3.819389553852804e-10
105.50225723481265 3.973468038966581e-10
105.60661159409534 2.0225118603484328e-10
105.71096595337805 4.434580286459825e-10
105.81532031266075 4.1395756022965064e-10
105.91967467194345 1.9987148066185056e-10
106.02402903122615 4.942449273533395e-10
106.12838339050886 4.1197319418746973e-10
106.23273774979155 2.177082570708841e-10
106.33709210907428 5.096744716541736e-10
106.44144646835697 3.914203660805675e-10
106.54580082763968 2.591204918257915e-10
106.65015518692238 4.907910581230597e-10
106.75450954620509 3.6274428156684347e-10
106.85886390548778 3.1350024826351497e-10
106.96321826477049 4.549549200042508e-10
107.06757262405318 3.462525685389689e-10
107.1719269833359 3.5711964323611073e-10
107.27628134261859 4.1380809237923806e-10
107.38063570190128 3.5664317131536155e-10
107.484990061184 3.716065184619927e-10
107.5893444204667 3.712643767892347e-10
107.69369877974941 3.9688120804107195e-10
107.7980531390321 3.6156589244529723e-10
107.90240749831482 3.3460097630629356e-10
108.00676185759751 4.4946054521426673e-10
108.11111621688022 3.4099221192354963e-10
108.21547057616291 3.182396607005406e-10
108.31982493544562 4.859431002266371e-10
108.42417929472832 3.148388441603836e-10
108.52853365401103 3.284741804166686e-10
108.63288801329374 4.88495048243259e-10
108.73724237257643 2.827995051907058e-10
108.84159673185914 3.609986597414381e-10
108.94595109114184 4.65200143062278e-10
109.05030545042455 2.5394863984176705e-10
109.15465980970724 3.9547443765412334e-10
109.25901416898995 4.3214567973423735e-10
109.36336852827264 2.428495814108606e-10
109.46772288755535 4.037164650112694e-10
109.57207724683805 3.912927038704089e-10
109.67643160612076 2.565542954090322e-10
109.78078596540345 3.808938063332325e-10
109.88514032468616 3.440947838855573e-10
109.98949468396886 2.8571961513234245e-10
110.09384904325157 3.4015013293985725e-10
110.19820340253426 3.0511441967027954e-10
110.30255776181698 3.1057646947756443e-10
110.4069121210997 2.930907377695948e-10
110.51126648038239 2.8614831385578006e-10
110.6156208396651 3.14413454685502e-10
110.7199751989478 2.4434953093691704e-10
110.8243295582305 2.896044888127986e-10
110.9286839175132 2.959945055950811e-10
111.0330382767959 1.9866663271410065e-10
111.1373926360786 3.061862779088392e-10
111.24174699536131 2.6684937401340134e-10
111.346101354644 1.6533482391107093e-10
111.45045571392671 3.1396716488411193e-10
111.55481007320941 2.3292965664650126e-10
111.65916443249212 1.5072611499248482e-10
111.76351879177481 3.0035518733583815e-10
111.86787315105752 1.9380021476563863e-10
111.97222751034022 1.517496254058303e-10
112.07658186962291 2.6798962749752783e-10
112.18093622890562 1.567098727758004e-10
112.28529058818832 1.5897689031585864e-10
112.38964494747103 2.2742038176209565e-10
112.49399930675372 1.3138691165247216e-10
112.59835366603646 1.6038101710819448e-10
112.70270802531915 1.86392958349571e-10
112.80706238460186 1.2251857389649034e-10
112.91141674388456 1.4904123842894044e-10
113.01577110316725 1.471911332436435e-10
113.12012546244996 1.2791999139790322e-10
113.22447982173266 1.274405274927689e-10
113.32883418101537 1.1418814849577959e-10
113.43318854029806 1.379560548289307e-10
113.53754289958077 1.0285349105757829e-10
113.64189725886347 9.259287605843517e-11
113.74625161814618 1.4403157216001625e-10
113.85060597742887 7.883930432238694e-11
113.95496033671158 8.227689637476612e-11
114.05931469599427 1.405458670345488e-10
114.16366905527698 5.772115694979041e-11
114.26802341455968 8.036060071389673e-11
114.37237777384239 1.2714106444949812e-10
114.47673213312508 4.0222453028480855e-11
114.58108649240779 8.239718698756099e-11
114.68544085169049 1.1097942784956537e-10
114.7897952109732 2.7975770458892937e-11
114.89414957025592 8.15671262156054e-11
114.99850392953861 9.542753483037717e-11
115.10285828882132 2.3343816864459494e-11
115.20721264810402 7.22076830357321e-11
115.31156700738673 7.754621608694708e-11
115.41592136666942 2.6035378804921456e-11
115.52027572595213 5.945845935269034e-11
115.62463008523483 5.938257736544021e-11
115.72898444451754 3.3696833247650164e-11
115.83333880380023 4.994113572189037e-11
115.93769316308294 4.7694402188830535e-11
116.04204752236564 4.2700164552253645e-11
116.14640188164834 4.181707230343658e-11
116.25075624093104 4.6435172202660777e-11
116.35511060021375 5.39433649023576e-11
116.45946495949644 3.2391748014152975e-11
116.56381931877915 5.3227978058421637e-11
116.66817367806185 7.119189278273291e-11
116.77252803734454 2.573617628694959e-11
116.87688239662725 6.25041340949413e-11
116.98123675590995 8.779814016448111e-11
117.08559111519266 2.522770797189367e-11
117.18994547447538 7.340311326104828e-11
117.29429983375809 9.501265146256661e-11
117.39865419304078 2.8398008519910325e-11
117.5030085523235 8.973784115337415e-11
117.60736291160619 9.718737065886052e-11
117.71171727088888 3.493251807049662e-11
117.81607163017159 1.0701597975611592e-10
117.92042598945429 9.958490298404158e-11
118.024780348737 4.797411744580053e-11
118.12913470801969 1.1576755788348173e-10
118.2334890673024 1.0089995929215613e-10
118.3378434265851 7.041615568067291e-11
118.4421977858678 1.1674124877466733e-10
118.5465521451505 1.028288020540136e-10
118.65090650443321 9.990775442057417e-11
118.7552608637159 1.1494312845809573e-10
118.85961522299861 1.1158523586476551e-10
118.96396958228131 1.288469946990407e-10
119.06832394156402 1.1199549535654433e-10
119.17267830084671 1.3143122095419408e-10
119.27703266012942 1.5112152946513711e-10
119.38138701941214 1.0823100297412067e-10
119.48574137869484 1.6071323595733784e-10
119.59009573797755 1.6485763713729648e-10
119.69445009726024 1.080435883002011e-10
119.79880445654295 1.9343963226123576e-10
119.90315881582565 1.6928498057663747e-10
120.00751317510836 1.165593316936321e-10
120.11186753439105 2.2262596660973858e-10
120.21622189367376 1.6667745036465472e-10
120.32057625295646 1.3486517363835166e-10
120.42493061223917 2.430128780094776e-10
120.52928497152186 1.6357287637244582e-10
120.63363933080457 1.6035730668552594e-10
120.73799369008727 2.49719586165913e-10
120.84234804936997 1.663537636551643e-10
120.94670240865267 1.8865940578467543e-10
121.05105676793538 2.443345450286385e-10
121.15541112721807 1.7959367519922098e-10
121.25976548650077 2.1335548290526017e-10
121.36411984578348 2.3357132890782606e-10
121.46847420506617 2.041338172294721e-10
121.57282856434888 2.2804241620097852e-10
121.6771829236316 2.252074090147372e-10
121.78153728291431 2.384642001970523e-10
121.88589164219701 2.298308119759977e-10
121.99024600147972 2.2504681305091695e-10
122.09460036076241 2.757716748146837e-10
122.19895472004512 2.21695813530005e-10
122.30330907932782 2.3506407064359413e-10
122.40766343861051 3.05832830586966e-10
122.51201779789322 2.0922567830310515e-10
122.61637215717592 2.539844974866362e-10
122.72072651645863 3.195335787104344e-10
122.82508087574132 1.9754543702716477e-10
122.92943523502403 2.779948982637236e-10
123.03378959430673 3.1666375617601917e-10
123.13814395358943 1.9236185449283674e-10
123.24249831287213 2.9793523403596207e-10
123.34685267215484 3.0315716135486273e-10
123.45120703143753 1.9787013956950803e-10
123.55556139072024 3.0408962219951527e-10
123.65991575000294 2.8290745100637954e-10
123.76427010928565 2.1456994077079614e-10
123.86862446856834 2.9433711898516274e-10
123.97297882785107 2.6199056242445056e-10
124.07733318713377 2.3617493719898266e-10
124.18168754641647 2.7460200417401244e-10
124.28604190569918 2.499246578095147e-10
124.39039626498187 2.5316265807782317e-10
124.49475062426458 2.507074104050313e-10
124.59910498354728 2.526924833315808e-10
124.70345934282999 2.588163363263645e-10
124.80781370211268 2.257770695945105e-10
124.91216806139539 2.684026019870323e-10
125.01652242067809 2.526747815840878e-10
125.1208767799608 2.0535257644820914e-10
125.22523113924349 2.865063742396203e-10
125.3295854985262 2.378171508767444e-10
125.4339398578089 1.9501625444671595e-10
125.5382942170916 2.961076531162273e-10
125.6426485763743 2.161040504986464e-10
125.74700293565701 1.9719914604659574e-10
125.8513572949397 2.937866161576847e-10
125.9557116542224 1.9134859573717593e-10
126.06006601350511 2.056089657114774e-10
126.1644203727878 2.808987822630591e-10
126.26877473207054 1.717633370426435e-10
126.37312909135323 2.0957193092923756e-10
126.47748345063594 2.578787726104071e-10
126.58183780991864 1.6325052217430483e-10
126.68619216920135 2.0363098983232983e-10
126.79054652848404 2.248886764769978e-10
126.89490088776674 1.6504389348605562e-10
126.99925524704945 1.896714612715391e-10
127.10360960633214 1.905160838030468e-10
127.20796396561485 1.7051732267943262e-10
127.31231832489755 1.7041233967124763e-10
127.41667268418026 1.6493850984147428e-10
127.52102704346295 1.7286637609247731e-10
127.62538140274566 1.4570108137900996e-10
127.72973576202835 1.5216449926730994e-10
127.83409012131106 1.6978043057817178e-10
127.93844448059376 1.1755882152090194e-10
128.04279883987647 1.485676816799643e-10
128.14715319915916 1.61083991683662e-10
128.25150755844186 9.283079705007254e-11
128.35586191772458 1.4761603992096723e-10
128.4602162770073 1.470233851116142e-10
128.56457063629 7.670166777731896e-11
128.6689249955727 1.445325946531139e-10
128.7732793548554 1.2710389005730835e-10
128.8776337141381 6.93268349693439e-11
128.9819880734208 1.3767057050157671e-10
129.0863424327035 1.0539834728393012e-10
129.1906967919862 6.684744945273646e-11
129.29505115126892 1.2523842456118548e-10
129.39940551055162 8.727001603867798e-11
129.5037598698343 6.592209685374448e-11
129.608114229117 1.0659282940656303e-10
129.71246858839973 7.543047395228024e-11
129.81682294768243 6.589128436206158e-11
129.92117730696512 8.445909338595907e-11
130.02553166624782 6.933698379199374e-11
130.12988602553054 6.554476975104525e-11
130.23424038481323 6.452368359774872e-11
130.33859474409593 6.723295260625209e-11
130.44294910337862 6.243251839767476e-11
130.54730346266132 4.933439304161126e-11
130.65165782194404 6.802720400199215e-11
130.75601218122677 5.584275383066954e-11
130.86036654050946 3.8712584441954246e-11
130.96472089979216 7.072798049497523e-11
131.06907525907488 4.886273472100958e-11
131.17342961835757 3.2280890821825847e-11
131.27778397764027 7.203758771351232e-11
131.38213833692296 4.3225677364139195e-11
131.4864926962057 2.9918855689289007e-11
131.59084705548838 6.964438021819899e-11
131.69520141477108 3.8004457363036154e-11
131.79955577405377 3.150333416079886e-11
131.90391013333647 6.46760236887372e-11
132.0082644926192 3.35251614153178e-11
132.11261885190189 3.5348043798379684e-11
132.21697321118458 5.963889890550984e-11
132.32132757046728 3.207289727539076e-11
132.42568192975 3.941603791782995e-11
132.5300362890327 5.438909286786842e-11
132.6343906483154 3.547509399769514e-11
132.73874500759808 4.3376371590424094e-11
132.8430993668808 4.872656326407587e-11
132.9474537261635 4.3957730545810194e-11
133.05180808544623 4.79636018489645e-11
133.15616244472892 4.4758237358947756e-11
133.26051680401162 5.64215181185764e-11
133.36487116329434 5.241539259789974e-11
133.46922552257703 4.434711149270994e-11
133.57357988185973 7.152599468258413e-11
133.67793424114242 5.5238893248575066e-11
133.78228860042515 4.862354413769355e-11
133.88664295970784 8.749599203277359e-11
133.99099731899054 5.674697575663826e-11
134.09535167827323 5.7609446137169873e-11
134.19970603755596 1.0203698471165027e-10
134.30406039683865 5.860161983267051e-11
134.40841475612135 7.050083992380812e-11
134.51276911540404 1.1256171152902076e-10
134.61712347468676 6.257518822649262e-11
134.72147783396946 8.52155667999301e-11
134.82583219325215 1.1715225941183994e-10
134.93018655253485 7.037743642584598e-11
135.03454091181757 9.94419778434299e-11
135.13889527110027 1.1722130897081754e-10
135.24324963038296 8.294379461667839e-11
135.34760398966569 1.1121768749419157e-10
135.45195834894838 1.1656518758289545e-10
135.5563127082311 1.003111891442476e-10
135.6606670675138 1.1789472415337953e-10
135.7650214267965 1.188933840316753e-10
135.8693757860792 1.2084244784248856e-10
135.9737301453619 1.183132937420283e-10
136.0780845046446 1.2567532434321408e-10
136.1824388639273 1.4126078206452452e-10
136.28679322321 1.1507175699569227e-10
136.3911475824927 1.3801700192800767e-10
136.49550194177542 1.5781091916330553e-10
136.5998563010581 1.1215180027319965e-10
136.7042106603408 1.5617927161489042e-10
136.8085650196235 1.6766777126310515e-10
136.91291937890622 1.1264505702434434e-10
137.01727373818892 1.7679089887722577e-10
137.1216280974716 1.7113420174877573e-10
137.2259824567543 1.183128338655835e-10
137.33033681603703 1.941904189566256e-10
137.43469117531973 1.6990768975082462e-10
137.53904553460242 1.3042365613558603e-10
137.64339989388515 2.0460094896561655e-10
137.74775425316784 1.6756166680220811e-10
137.85210861245056 1.4783487432066518e-10
137.95646297173326 2.0734222943495542e-10
138.06081733101595 1.6870059447932717e-10
138.16517169029865 1.6607927318169107e-10
138.26952604958137 2.0291152212166944e-10
138.37388040886407 1.7612873447628002e-10
138.47823476814676 1.8094459370298987e-10
138.58258912742946 1.934047299437934e-10
138.68694348671218 1.8949590053876866e-10
138.79129784599488 1.8924997949023925e-10
138.89565220527757 1.8418128680126536e-10
139.00000656456027 2.0548123645353753e-10
139.104360923843 1.8905830419043522e-10
139.20871528312568 1.801888271120484e-10
139.31306964240838 2.2067584650799945e-10
139.41742400169107 1.8054778840917257e-10
139.5217783609738 1.8257954007824503e-10
139.6261327202565 2.3188923863175762e-10
139.7304870795392 1.678465406026743e-10
139.8348414388219 1.8916145252249017e-10
139.9391957981046 2.350594960746071e-10
140.04355015738733 1.569141418621739e-10
140.14790451667002 1.9663699310134161e-10
140.25225887595272 2.2804036307491685e-10
140.35661323523541 1.510657415145427e-10
140.46096759451814 2.0274243564127702e-10
140.56532195380083 2.1368878975047595e-10
140.66967631308353 1.5145840404894112e-10
140.77403067236622 2.0413916359351392e-10
140.87838503164892 1.9753107942011097e-10
140.98273939093164 1.5689261834146697e-10
141.08709375021434 1.97695166053773e-10
141.19144810949703 1.8383786356540253e-10
141.29580246877973 1.6448711075361106e-10
141.40015682806245 1.839785781008805e-10
141.50451118734514 1.7559344295386776e-10
141.60886554662784 1.7064057422832496e-10
141.71321990591053 1.6643713328922573e-10
141.81757426519326 1.7450539071712784e-10
141.92192862447595 1.719923729296853e-10
142.02628298375865 1.4885135238564056e-10
142.13063734304137 1.7794589977371852e-10
142.23499170232407 1.6661912417263187e-10
142.3393460616068 1.3403652792220358e-10
142.44370042088948 1.8112876096763408e-10
142.54805478017218 1.5444382910911913e-10
142.65240913945487 1.2457293758527337e-10
142.7567634987376 1.8068872468698155e-10
142.8611178580203 1.3763975116813756e-10
142.965472217303 1.2063214497167642e-10
143.06982657658568 1.7543974143902323e-10
143.1741809358684 1.2058338934798366e-10
143.2785352951511 1.1877687067476128e-10
143.3828896544338 1.6380906039649553e-10
143.4872440137165 1.0674558961564315e-10
143.59159837299921 1.1565421344428563e-10
143.6959527322819 1.4552315643347825e-10
143.8003070915646 9.80739440856047e-11
143.9046614508473 1.1032989318388268e-10
144.00901581013002 1.2438442430077436e-10
144.11337016941272 9.41076238964403e-11
144.2177245286954 1.0223721676703998e-10
144.3220788879781 1.0529788143509095e-10
144.42643324726083 9.31300304467374e-11
144.53078760654356 9.047704464218473e-11
144.63514196582625 9.0825995571025e-11
144.73949632510895 9.319841768901967e-11
144.84385068439164 7.590713882774239e-11
144.94820504367436 8.127273600193606e-11
145.05255940295706 9.241011592727024e-11
145.15691376223975 6.186071887677315e-11
145.26126812152245 7.607262260024474e-11
145.36562248080517 8.886826865442727e-11
145.46997684008787 5.0134088913344224e-11
145.57433119937056 7.381670958859129e-11
145.67868555865326 8.217374244110562e-11
145.78303991793595 4.133542300504551e-11
145.88739427721868 7.20061850352918e-11
145.99174863650137 7.346971695452227e-11
146.09610299578407 3.5865143507013114e-11
146.20045735506676 6.835500252391948e-11
146.30481171434948 6.405489055857752e-11
146.40916607363218 3.3567149389197314e-11
146.51352043291487 6.236883235716152e-11
146.61787479219757 5.543952742612672e-11
146.7222291514803 3.3499572206630795e-11
146.82658351076302 5.439121489669519e-11
146.9309378700457 4.9370675942794123e-11
147.0352922293284 3.4751694735997603e-11
147.1396465886111 4.495631349761319e-11
147.24400094789382 4.659059906645074e-11
147.34835530717652 3.742384501003591e-11
147.4527096664592 3.519980971290949e-11
147.5570640257419 4.6289060744163825e-11
147.66141838502463 4.102367081799938e-11
147.76577274430733 2.7434891680118858e-11
147.87012710359002 4.85389176006668e-11
147.97448146287272 4.450789883154257e-11
148.07883582215544 2.2022341024076636e-11
148.18319018143814 5.282288607482478e-11
148.28754454072083 4.799739574425459e-11
148.39189890000353 1.9087089075128584e-11
148.49625325928625 5.7619414456103856e-11
148.60060761856894 5.0932133078050497e-11
148.70496197785164 1.8369447482095868e-11
148.80931633713433 6.124947533899634e-11
148.91367069641706 5.380554419142135e-11
149.01802505569978 2.0061192364660243e-11
149.12237941498248 6.194673351372574e-11
149.22673377426517 5.675116325056596e-11
149.33108813354787 2.502470967539078e-11
149.4354424928306 6.021309471946603e-11
149.53979685211328 6.086825925733307e-11
149.64415121139598 3.280861226280642e-11
149.74850557067867 5.6461511743987386e-11
149.8528599299614 6.794059895593601e-11
149.9572142892441 4.3137536082241507e-11
150.0615686485268 5.136863058866989e-11
150.16592300780948 7.843396719634611e-11
150.27027736709218 5.5753759273295304e-11
150.3746317263749 4.6875305045825665e-11
150.4789860856576 9.178564547343385e-11
150.5833404449403 6.957296321125965e-11
150.68769480422299 4.513255506533648e-11
150.7920491635057 1.0489086778078895e-10
150.8964035227884 8.135850385563957e-11
151.0007578820711 4.721884867464192e-11
151.1051122413538 1.1547666281940551e-10
151.20946660063652 8.921388065536076e-11
151.31382095991924 5.312286779627814e-11
151.41817531920194 1.2247094471787936e-10
151.52252967848463 9.452570866267675e-11
151.62688403776733 6.253574632182895e-11
151.73123839705005 1.2513373386404957e-10
151.83559275633274 1.0038426374073127e-10
151.93994711561544 7.452312884097416e-11
152.04430147489813 1.2238475825343562e-10
152.14865583418086 1.0744051533187147e-10
152.25301019346355 8.777045588138424e-11
152.35736455274625 1.170851432446997e-10
152.46171891202894 1.1707625485408784e-10
152.56607327131167 9.961518619233852e-11
152.67042763059436 1.1255744436111471e-10
152.77478198987706 1.3023965221927577e-10
152.87913634915975 1.0797809650869802e-10
152.98349070844247 1.106250984682088e-10
153.08784506772517 1.457483331749208e-10
153.19219942700786 1.12715092344286e-10
153.29655378629056 1.1191208192619417e-10
153.40090814557328 1.5981863730252425e-10
153.505262504856 1.1482633094551019e-10
153.6096168641387 1.172106516336444e-10
153.7139712234214 1.6927488646744518e-10
153.8183255827041 1.1640821605593051e-10
153.92267994198681 1.2593171903397558e-10
154.0270343012695 1.7269043202757799e-10
154.1313886605522 1.1953176920637526e-10
154.2357430198349 1.3581744599136916e-10
154.34009737911762 1.7000954021137813e-10
154.44445173840032 1.2582091048842477e-10
154.548806097683 1.4439817328831994e-10
154.6531604569657 1.631415132876341e-10
154.7575148162484 1.3560151504397934e-10
154.86186917553113 1.4976260755165923e-10
154.96622353481382 1.5525722310981003e-10
155.07057789409652 1.470149886832528e-10
155.1749322533792 1.510167971328648e-10
155.27928661266193 1.5012714125751585e-10
155.38364097194463 1.5761046384807708e-10
155.48799533122732 1.476935731907769e-10
155.59234969051002 1.4930864821960572e-10
155.69670404979274 1.6449092189310805e-10
155.80105840907547 1.410081848419378e-10
155.90541276835816 1.5255266640134918e-10
156.00976712764086 1.660828713774622e-10
156.11412148692355 1.333271777687873e-10
156.21847584620627 1.5746954330007298e-10
156.32283020548897 1.622552555471509e-10
156.42718456477166 1.2825914718065607e-10
156.53153892405436 1.6185261627492782e-10
156.63589328333708 1.5388264248877084e-10
156.74024764261978 1.2715603477885029e-10
156.84460200190247 1.631854601436387e-10
156.94895636118517 1.429154179433884e-10
157.0533107204679 1.2882332315808209e-10
157.1576650797506 1.5989659114568668e-10
157.26201943903328 1.3265615472840119e-10
157.36637379831598 1.3161150559751703e-10
157.4707281575987 1.5184676662326294e-10
157.5750825168814 1.2623674151531183e-10
157.6794368761641 1.3413739939884552e-10
157.78379123544678 1.4034538377176648e-10
157.8881455947295 1.2389786745073157e-10
157.9924999540122 1.3407658234036478e-10
158.09685431329493 1.2754328688644692e-10
158.20120867257762 1.236112623616544e-10
158.30556303186032 1.29455687358677e-10
158.40991739114304 1.1649620377075808e-10
158.51427175042573 1.2417249277532268e-10
158.61862610970843 1.2062161920537427e-10
158.72298046899112 1.0945200533702197e-10
158.82733482827385 1.2406379018107895e-10
158.93168918755654 1.0877226063065833e-10
159.03604354683924 1.0582156431306406e-10
159.14039790612193 1.2111996529888725e-10
159.24475226540463 9.574876947259247e-11
159.34910662468735 1.0370625795492697e-10
159.45346098397005 1.1400286026645494e-10
159.55781534325274 8.400859486107617e-11
159.66216970253544 1.0220357781494126e-10
159.76652406181816 1.0425408821925337e-10
159.87087842110085 7.558898332288162e-11
159.97523278038355 9.935887875707473e-11
160.07958713966624 9.293521831896863e-11
160.18394149894897 7.003468604520111e-11
160.28829585823166 9.315207935998784e-11
160.3926502175144 8.14878100180195e-11
160.49700457679708 6.669281129661802e-11
160.60135893607978 8.341426822334601e-11
160.7057132953625 7.164492428780305e-11
160.8100676546452 6.499096955595729e-11
160.9144220139279 7.195276374358191e-11
161.01877637321059 6.476666004473488e-11
161.1231307324933 6.369910947771233e-11
161.227485091776 6.042976714549539e-11
161.3318394510587 6.027791259208193e-11
161.4361938103414 6.092641224695269e-11
161.54054816962412 5.0172083155609857e-11
161.6449025289068 5.769205766057069e-11
161.7492568881895 5.63509707323201e-11
161.8536112474722 4.2410925080228994e-11
161.95796560675493 5.6406779309565304e-11
162.06231996603762 5.068282996581951e-11
162.16667432532032 3.7573823413761606e-11
162.271028684603 5.5161548243091524e-11
162.37538304388573 4.4442258690092695e-11
162.47973740316843 3.5122930313135957e-11
162.58409176245115 5.28416049646997e-11
162.68844612173385 3.8243429882197394e-11
162.79280048101654 3.448599240747974e-11
162.89715484029927 4.974029539994883e-11
163.00150919958196 3.3264994544051336e-11
163.10586355886466 3.4843256810783145e-11
163.21021791814735 4.6363516629291244e-11
163.31457227743007 3.043454625276491e-11
163.41892663671277 3.521487275585619e-11
163.52328099599546 4.262714790191042e-11
163.62763535527816 2.998364160156126e-11
163.73198971456088 3.5026617827094495e-11
163.83634407384358 3.860172835790742e-11
163.94069843312627 3.1718431954410956e-11
164.04505279240897 3.4572127500889904e-11
164.14940715169166 3.52026785122138e-11
164.25376151097439 3.528600760392574e-11
164.35811587025708 3.4107985997278446e-11
164.46247022953978 3.32824831622512e-11
164.56682458882247 4.013721164175412e-11
164.6711789481052 3.374511319707166e-11
164.7755333073879 3.329962122734797e-11
164.8798876666706 4.536031528497264e-11
164.9842420259533 3.351438082636299e-11
165.088596385236 3.5233678249258206e-11
165.19295074451873 4.9979534845038195e-11
165.29730510380142 3.3823224366952305e-11
165.40165946308412 3.912424177972553e-11
165.5060138223668 5.3386392175564976e-11
165.61036818164953 3.527856042857857e-11
165.71472254093223 4.476545575162634e-11
165.81907690021492 5.562892239673634e-11
165.92343125949762 3.8455871522035245e-11
166.02778561878034 5.131387878860055e-11
166.13213997806304 5.704440946413467e-11
166.23649433734573 4.359836653897269e-11
166.34084869662843 5.7267339142438086e-11
166.44520305591115 5.821020927405786e-11
166.54955741519385 5.1036810562625446e-11
166.65391177447654 6.199662632948802e-11
166.75826613375924 6.04212138537376e-11
166.86262049304196 6.059336978640563e-11
166.96697485232465 6.542251744302368e-11
167.07132921160735 6.462569130318128e-11
167.17568357089007 7.087269299008294e-11
167.28003793017277 6.732850462402458e-11
167.3843922894555 7.099196432167532e-11
167.48874664873819 7.995532452563946e-11
167.59310100802088 6.810479363701255e-11
167.69745536730358 7.955454341698189e-11
167.8018097265863 8.73044536301544e-11
167.906164085869 6.95915029989642e-11
168.0105184451517 8.973756168663727e-11
168.11487280443438 9.268083671557472e-11
168.2192271637171 7.288150559969957e-11
168.3235815229998 9.910549726099766e-11
168.4279358822825 9.526199214739056e-11
168.5322902415652 7.812605510040109e-11
168.6366446008479 1.0587322172827378e-10
168.7409989601306 9.610192015255238e-11
168.8453533194133 8.56892015346893e-11
168.949707678696 1.1008393397953499e-10
169.0540620379787 9.781562155180069e-11
169.15841639726142 9.513829938790193e-11
169.2627707565441 1.1150146583197389e-10
169.3671251158268 1.013084459062703e-10
169.47147947510953 1.0388155862851044e-10
169.57583383439223 1.0989253909256564e-10
169.68018819367495 1.0668042914591745e-10
169.78454255295765 1.1040285822376974e-10
169.88889691224034 1.0780983731754773e-10
169.99325127152304 1.1492527973506577e-10
170.09760563080576 1.1475386385097648e-10
170.20195999008845 1.0753206298681723e-10
170.30631434937115 1.2468594034746807e-10
170.41066870865384 1.159840316901753e-10
170.51502306793657 1.0896314591942069e-10
170.61937742721926 1.3256965300330297e-10
170.72373178650196 1.14053064536572e-10
170.82808614578465 1.125005091002795e-10
170.93244050506738 1.374896614527702e-10
171.03679486435007 1.1168465077714551e-10
171.14114922363277 1.1881892948790106e-10
171.24550358291546 1.396517301848303e-10
171.34985794219818 1.1044570908083643e-10
171.45421230148088 1.2494972881112154e-10
171.55856666076357 1.3767857498985832e-10
171.6629210200463 1.1023251306380953e-10
171.767275379329 1.2783045892929899e-10
171.87162973861172 1.3239485649243926e-10
171.9759840978944 1.1242258093307434e-10
172.0803384571771 1.2777722641231054e-10
172.1846928164598 1.2698687722142102e-10
172.28904717574252 1.1716799507625743e-10
172.39340153502522 1.2461596785114084e-10
172.49775589430791 1.2245750128210455e-10
172.6021102535906 1.2129363943698136e-10
172.70646461287333 1.1755175243828886e-10
172.81081897215603 1.189694439964981e-10
172.91517333143872 1.2287366558902466e-10
173.01952769072142 1.0916048531375447e-10
173.1238820500041 1.1840546718954364e-10
173.22823640928684 1.2231724812778158e-10
173.33259076856953 1.0204276114640533e-10
173.43694512785223 1.1987605089487026e-10
173.54129948713492 1.1841837456467197e-10
173.64565384641764 9.60755475421116e-11
173.75000820570034 1.201599807791711e-10
173.85436256498303 1.1099402603012838e-10
173.95871692426576 9.203633011534814e-11
174.06307128354848 1.1854711509810493e-10
174.16742564283118 1.0298009332955924e-10
174.27178000211387 9.099258890665607e-11
174.37613436139657 1.1494765502192408e-10
174.48048872067926 9.59783803800989e-11
174.58484307996198 9.091074305079466e-11
174.68919743924468 1.0776041605471058e-10
174.79355179852737 8.97248912666136e-11
174.89790615781007 8.950085875304889e-11
175.0022605170928 9.799669853498341e-11
175.1066148763755 8.570780116594446e-11
175.21096923565818 8.685258063385106e-11
175.31532359494088 8.838598060184124e-11
175.4196779542236 8.433596773536585e-11
175.5240323135063 8.224606708073585e-11
175.628386672789 7.939641707571865e-11
175.7327410320717 8.319561288702154e-11
175.8370953913544 7.478318599328102e-11
175.9414497506371 7.143253161957652e-11
176.0458041099198 8.10984764097758e-11
176.1501584692025 6.616040987995053e-11
176.25451282848522 6.60302824466652e-11
176.35886718776794 7.82291506148853e-11
176.46322154705064 5.8161609388380324e-11
176.56757590633333 6.268196522951908e-11
176.67193026561603 7.335459237112184e-11
176.77628462489875 5.085086567808707e-11
176.88063898418145 5.947097990495205e-11
176.98499334346414 6.614114394096575e-11
177.08934770274684 4.505952258017618e-11
177.19370206202956 5.6223653812447844e-11
177.29805642131225 5.844570143242059e-11
177.40241078059495 4.182689083156926e-11
177.50676513987764 5.2867358216613e-11
177.61111949916037 5.12826919311684e-11
177.71547385844306 4.025235706181901e-11
177.81982821772576 4.8271165441122967e-11
177.92418257700845 4.4819802963314303e-11
178.02853693629115 3.9252355206885564e-11
178.13289129557387 4.269971871234571e-11
178.23724565485657 4.017967113905482e-11
178.34160001413926 3.893468365140808e-11
178.44595437342196 3.7410329992784555e-11
178.5503087327047 3.792789413585752e-11
178.6546630919874 3.881027924330906e-11
178.7590174512701 3.254942136010144e-11
178.8633718105528 3.701899846458548e-11
178.9677261698355 3.799083491247041e-11
179.0720805291182 2.835952746751863e-11
179.1764348884009 3.6859055707188914e-11
179.2807892476836 3.6719158030483876e-11
179.3851436069663 2.5826529667166742e-11
179.48949796624902 3.741311589787973e-11
179.5938523255317 3.5395655414278463e-11
179.6982066848144 2.5132737978424947e-11
179.8025610440971 3.794548886019537e-11
179.90691540337983 3.387048609008634e-11
180.01126976266252 2.5703818257989916e-11
180.11562412194522 3.7844751178398454e-11
180.2199784812279 3.244112988049274e-11
180.32433284051064 2.7421792076688853e-11
180.42868719979333 3.7377022829614544e-11
180.53304155907603 3.219221613539448e-11
180.63739591835872 3.0467425246814e-11
180.74175027764144 3.674373563802137e-11
180.84610463692417 3.3397156689899e-11
180.95045899620686 3.4059097707986134e-11
181.05481335548956 3.5674473771803005e-11
181.15916771477225 3.570965801196956e-11
181.26352207405498 3.750295307752905e-11
181.36787643333767 3.4925242265758464e-11
181.47223079262037 3.972986470913353e-11
181.57658515190306 4.086228083104811e-11
181.68093951118578 3.53442146553868e-11
181.78529387046848 4.5237850108213684e-11
181.88964822975117 4.3646349701051484e-11
181.99400258903387 3.698203407630007e-11
182.0983569483166 5.122065252265639e-11
182.2027113075993 4.566494720155317e-11
182.30706566688198 4.005175639371449e-11
182.41142002616468 5.6951527590385975e-11
182.51577438544737 4.7573122462977134e-11
182.6201287447301 4.483875057074544e-11
182.7244831040128 6.194010335912439e-11
182.82883746329549 5.0334534587958276e-11
182.93319182257818 5.1144179903431504e-11
183.03754618186093 6.554029948606784e-11
183.14190054114363 5.405857422459817e-11
183.24625490042632 5.768284685450746e-11
183.35060925970902 6.742516914450648e-11
183.4549636189917 5.911822058481631e-11
183.55931797827444 6.39311629196901e-11
183.66367233755713 6.906224575376114e-11
183.76802669683983 6.625958958283933e-11
183.87238105612252 6.9125784973386e-11
183.97673541540524 7.09562701385024e-11
184.08108977468794 7.438915721079566e-11
184.18544413397063 7.217698704889157e-11
184.28979849325333 7.350576270001895e-11
184.39415285253605 8.26404326726898e-11
184.49850721181875 7.375067556560606e-11
184.60286157110144 7.766270291507911e-11
184.70721593038414 8.995100260102365e-11
184.81157028966686 7.460043317969336e-11
184.91592464894956 8.340023389782682e-11
185.02027900823225 9.530528270070496e-11
185.12463336751495 7.556222054165906e-11
185.22898772679767 8.9818808234178e-11
185.3333420860804 9.807984559405183e-11
185.4376964453631 7.736480621179204e-11
185.54205080464578 9.571321920847564e-11
185.64640516392848 9.889428186310322e-11
185.7507595232112 8.112708233288208e-11
185.8551138824939 1.0047902266101769e-10
185.9594682417766 9.898797321266727e-11
186.0638226010593 8.652438964012973e-11
186.168176960342 1.027042655062472e-10
186.2725313196247 9.89427181639515e-11
186.3768856789074 9.257866254394043e-11
186.4812400381901 1.025211614835533e-10
186.58559439747282 1.0031744840697317e-10
186.6899487567555 9.85201238426837e-11
186.7943031160382 1.008094944224113e-10
186.8986574753209 1.0354277953325649e-10
187.0030118346036 1.0288226112791834e-10
187.10736619388632 9.833508367129228e-11
187.21172055316902 1.0796839999892126e-10
187.3160749124517 1.0467250172620315e-10
187.4204292717344 9.620767023433094e-11
187.52478363101713 1.1255833459121016e-10
187.62913799029985 1.0382805522283104e-10
187.73349234958255 9.549744386064849e-11
187.83784670886524 1.162633448539399e-10
187.94220106814797 1.0116829232150076e-10
188.04655542743066 9.626022104557003e-11
188.15090978671336 1.1760077597150386e-10
188.25526414599605 9.743916671082924e-11
188.35961850527875 9.764385068103391e-11
188.46397286456147 1.1593282894379674e-10
188.56832722384416 9.413111445287779e-11
188.67268158312686 9.891234795192374e-11
188.77703594240955 1.1173750212426237e-10
188.88139030169228 9.23650751424482e-11
188.98574466097497 9.896101267153915e-11
189.09009902025767 1.0567853186632687e-10
189.19445337954036 9.20740732576681e-11
189.2988077388231 9.695497455404038e-11
189.40316209810578 9.906926784458921e-11
189.50751645738848 9.271962949075389e-11
189.61187081667117 9.281227014491261e-11
189.7162251759539 9.347807836242805e-11
189.8205795352366 9.34863442588431e-11
189.9249338945193 8.705986077486058e-11
190.029288253802 8.964919171847367e-11
190.1336426130847 9.318866279808069e-11
190.23799697236743 8.034866567841076e-11
190.34235133165012 8.738281073162906e-11
190.44670569093282 9.107070172838813e-11
190.5510600502155 7.380385604481023e-11
190.65541440949823 8.602936695740532e-11
190.75976876878093 8.709630234845783e-11
190.86412312806362 6.849537920814629e-11
190.96847748734632 8.441339515519654e-11
191.07283184662904 8.14658650826838e-11
191.17718620591174 6.476770570122861e-11
191.28154056519443 8.152994012634196e-11
191.38589492447713 7.484700454961607e-11
191.49024928375985 6.239377940692196e-11
191.59460364304255 7.697698044570381e-11
191.69895800232524 6.8354957126563e-11
191.80331236160794 6.072302569186935e-11
191.90766672089063 7.090944027640989e-11
192.01202108017335 6.295876634262828e-11
192.11637543945605 5.880576491850498e-11
192.22072979873877 6.363472718442431e-11
192.32508415802147 5.906895642405298e-11
192.4294385173042 5.608825796231435e-11
192.5337928765869 5.591783907810058e-11
192.63814723586958 5.6594590071939544e-11
192.74250159515228 5.255058640601564e-11
192.84685595443497 4.8796052947105624e-11
192.9512103137177 5.485252874707119e-11
193.0555646730004 4.824706661773683e-11
193.15991903228309 4.298197660918757e-11
193.26427339156578 5.310692287220076e-11
193.3686277508485 4.3441758564683674e-11
193.4729821101312 3.872179291541286e-11
193.5773364694139 5.087608410376434e-11
193.6816908286966 3.875455942113648e-11
193.7860451879793 3.58529497182314e-11
193.890399547262 4.794557837653771e-11
193.9947539065447 3.485424169496626e-11
194.0991082658274 3.3848911655584964e-11
194.20346262511012 4.4191998764262096e-11
194.30781698439282 3.215400967827443e-11
194.41217134367554 3.230952755383329e-11
194.51652570295823 3.9874758275124356e-11
194.62088006224093 3.0799280758522836e-11
194.72523442152365 3.100505656947059e-11
194.82958878080635 3.564943364833458e-11
194.93394314008904 3.069411522358968e-11
195.03829749937174 2.9697716107104623e-11
195.14265185865446 3.211179634856873e-11
195.24700621793716 3.1647956077816206e-11
195.35136057721985 2.825777446491636e-11
195.45571493650255 2.957890377475568e-11
195.56006929578527 3.3355460602707076e-11
195.66442365506796 2.681203665706277e-11
195.76877801435066 2.820306513369e-11
195.87313237363335 3.546655039627338e-11
195.97748673291608 2.5668318366615607e-11
196.08184109219877 2.7901120147561905e-11
196.18619545148147 3.7486106910728593e-11
196.29054981076416 2.5106541111834707e-11
196.39490417004686 2.852355464327957e-11
196.49925852932958 3.900314367271188e-11
196.60361288861228 2.5354161036647345e-11
196.707967247895 2.982746379271201e-11
196.8123216071777 3.991284607582443e-11
196.91667596646042 2.6648798537154708e-11
197.0210303257431 3.145949506821201e-11
197.1253846850258 4.0319649247957955e-11
197.2297390443085 2.9244664785177355e-11
197.3340934035912 3.309826173615056e-11
197.43844776287392 4.047760995610425e-11
197.54280212215662 3.3247042998260414e-11
197.6471564814393 3.456002897979906e-11
197.751510840722 4.0824968679758616e-11
197.85586520000473 3.854236660188249e-11
197.96021955928742 3.589880465852308e-11
198.06457391857012 4.179180783077839e-11
198.1689282778528 4.459329594864806e-11
198.27328263713554 3.72898495547382e-11
198.37763699641823 4.3777797444134103e-11
198.48199135570093 5.060735243630596e-11
198.58634571498362 3.89837053333986e-11
198.69070007426635 4.694970892098649e-11
198.79505443354904 5.5859395783827296e-11
198.89940879283174 4.1306939550288553e-11
199.00376315211446 5.107510179140805e-11
199.10811751139715 5.98499146483877e-11
199.21247187067988 4.46429642553543e-11
199.31682622996257 5.566000776186961e-11
199.42118058924527 6.247913378558441e-11
199.52553494852796 4.9285161257310695e-11
199.62988930781069 6.009700378323233e-11
199.73424366709338 6.413549160816115e-11
199.83859802637608 5.52723925962152e-11
199.94295238565877 6.392482805452568e-11
