0.0 0.0
0.10435435928270291 7.756517564375907e-11
0.20870871856540582 1.8497458768444348e-09
0.3130630778481087 2.7072557543002617e-09
0.41741743713081164 3.017543241699864e-07
0.5217717964135146 3.1068527284891275e-06
0.6261261556962174 0.0004115033868095379
0.7304805149789203 0.003668100432859091
0.8348348742616233 0.008838749596391311
0.9391892335443263 0.006770093978838025
1.0435435928270291 0.001195901613255828
1.1478979521097321 1.9635908078641685e-07
1.2522523113924349 1.1517725407661511e-05
1.3566066706751378 4.300783494032379e-06
1.4609610299578406 7.351812358861399e-08
1.5653153892405436 1.2999210958667786e-06
1.6696697485232466 3.665440175423081e-07
1.7740241078059495 9.385359128789991e-08
1.8783784670886525 3.2921211437845433e-07
1.9827328263713553 1.251066373726458e-07
2.0870871856540583 4.3504255651167446e-07
2.1914415449367612 2.478645327950453e-07
2.2957959042194642 2.539414155068418e-06
2.400150263502167 5.389115836746703e-06
2.5045046227848697 3.997551232602879e-06
2.6088589820675727 3.6819014962952526e-06
2.7132133413502757 2.2910512753525016e-06
2.8175677006329787 2.5240341119538164e-07
2.921922059915681 3.3841067291823215e-08
3.026276419198384 6.272650903523331e-08
3.130630778481087 5.135250583745401e-09
3.23498513776379 4.819556233167273e-09
3.339339497046493 3.3256197224403694e-08
3.4436938563291957 1.0350846135829182e-10
3.548048215611899 4.72638511870213e-09
3.6524025748946016 3.173681684784471e-08
3.756756934177305 5.422241209326261e-09
3.8611112934600076 6.713774762107841e-10
3.9654656527427106 4.297154675333497e-08
4.0698200120254135 2.505835840058887e-08
4.1741743713081165 5.052141017907453e-10
4.2785287305908195 3.034958138785236e-08
4.3828830898735225 2.0584042918544618e-08
4.4872374491562255 2.4808918007541698e-09
4.5915918084389284 5.118533897111477e-09
4.6959461677216305 7.768015827442227e-09
4.800300527004334 9.011542369771091e-09
4.9046548862870365 4.519607396445025e-11
5.0090092455697395 2.5184806401975466e-09
5.1133636048524425 1.5593828544113837e-08
5.217717964135145 6.173970959251718e-09
5.322072323417848 5.394697887282868e-11
5.426426682700551 2.8132354094525873e-08
5.530781041983254 2.723040314191081e-08
5.635135401265957 6.087128299782467e-09
5.73948976054866 4.893545066409898e-08
5.843844119831362 6.649230335030614e-08
5.948198479114066 2.7005937742132397e-08
6.052552838396768 7.774200851362523e-08
6.156907197679472 1.1748395203969083e-07
6.261261556962174 5.590624241383895e-08
6.365615916244878 9.27741208153113e-08
6.46997027552758 1.3984734829813144e-07
6.574324634810284 5.920540424041089e-08
6.678678994092986 6.158154862443747e-08
6.783033353375689 8.977331449148284e-08
6.887387712658391 1.753112491632055e-08
6.991742071941095 3.3967864287743585e-09
7.096096431223798 3.5949531682171223e-09
7.200450790506501 2.739081826617994e-08
7.304805149789203 1.1784198617043885e-07
7.409159509071906 1.7999988171478603e-07
7.51351386835461 5.364404085449134e-07
7.617868227637313 1.0719547655592283e-06
7.722222586920015 1.539551089887622e-06
7.826576946202718 2.755379638886457e-06
7.930931305485421 4.46783787479688e-06
8.035285664768125 6.189686564730146e-06
8.139640024050827 9.31304658438316e-06
8.24399438333353 1.3581269154356559e-05
8.348348742616233 1.8229585935458797e-05
8.452703101898935 2.504946471713873e-05
8.557057461181639 3.410871258176223e-05
8.661411820464341 4.447777532131852e-05
8.765766179747045 5.775533590238931e-05
8.870120539029747 7.49598415765075e-05
8.974474898312451 9.526037597962015e-05
9.078829257595153 0.00011887632542716441
9.183183616877857 0.00014873912732040097
9.287537976160559 0.0001844522648402554
9.391892335443261 0.00022314649306695393
9.496246694725965 0.0002711679891992032
9.600601054008669 0.00032885118611608073
9.704955413291371 0.00038808259733712116
9.809309772574073 0.0004604597493746328
9.913664131856777 0.0005468983175836768
10.018018491139479 0.0006319004214527444
10.122372850422183 0.0007344035922033008
10.226727209704885 0.0008550644916806865
10.331081568987589 0.0009696750979554616
10.43543592827029 0.0011066658217451352
10.539790287552993 0.0012647202611732328
10.644144646835697 0.0014109052440839658
10.7484990061184 0.0015841075763973567
10.852853365401103 0.0017779037104545745
10.957207724683805 0.0019530188901216723
11.061562083966509 0.0021589694958576455
11.165916443249213 0.0023810655375211547
11.270270802531915 0.002579037218837971
11.374625161814617 0.0028105318352414387
11.47897952109732 0.0030484297648880037
11.583333880380025 0.0032585419033886527
11.687688239662725 0.003501178979675455
11.792042598945429 0.003734370041000382
11.896396958228133 0.00394058497421189
12.000751317510835 0.00417617730587735
12.105105676793537 0.004384221999966661
12.20946003607624 0.004572760896873942
12.313814395358945 0.004782159381040276
12.418168754641647 0.0049413266830216325
12.522523113924349 0.005091715315634589
12.626877473207053 0.005248608888487605
12.731231832489756 0.005335937775419863
12.835586191772459 0.0054350088341281345
12.93994055105516 0.0055255608120707705
13.044294910337864 0.005532304325459602
13.148649269620568 0.0055701858935432134
13.253003628903269 0.005573903584621006
13.357357988185973 0.005482804069945373
13.461712347468676 0.0054451559655699444
13.566066706751378 0.0053564311512081355
13.67042106603408 0.00518364700075715
13.774775425316783 0.005088958113427492
13.879129784599488 0.004922637691391218
13.98348414388219 0.004681299985586263
14.087838503164894 0.0045264383052832525
14.192192862447596 0.004283666064263665
14.296547221730298 0.0039940261477177975
14.400901581013002 0.003805987510519916
14.505255940295704 0.0035320866006735866
14.609610299578407 0.0032441378286934986
14.71396465886111 0.0030489584742815095
14.818319018143812 0.0027549672430194623
14.922673377426518 0.002462916297871048
15.02702773670922 0.002250241690146177
15.131382095991922 0.0019593568853653234
15.235736455274626 0.001711999015010465
15.340090814557328 0.0015357144372536043
15.44444517384003 0.0012888143039887846
15.548799533122734 0.0010863149047984464
15.653153892405436 0.000928439612368736
15.757508251688138 0.0007213354295334109
15.861862610970842 0.0005751170616126801
15.966216970253544 0.0004687892126224876
16.07057132953625 0.00033539967272063495
16.174925688818952 0.00025888168169654863
16.279280048101654 0.00021135197480913462
16.38363440738436 0.00014306937825320606
16.48798876666706 0.0001077800723187077
16.59234312594976 9.072052611781534e-05
16.696697485232466 5.6185505170318423e-05
16.801051844515168 4.012706869816084e-05
16.90540620379787 5.2500680649238525e-05
17.009760563080576 5.6099512146668085e-05
17.114114922363278 6.917976208690393e-05
17.21846928164598 0.00011339157657463687
17.322823640928682 0.00011579677798281657
17.427178000211384 9.116257953026707e-05
17.53153235949409 0.00011228120224729257
17.635886718776792 0.00011542750927244995
17.740241078059494 0.00011293951412899218
17.8445954373422 0.0001525173608797094
17.948949796624902 0.0001252460198960796
18.053304155907604 8.793231709714041e-05
18.157658515190306 0.00015238699047597683
18.262012874473008 0.00018014106052913962
18.366367233755714 0.0001507274960382529
18.470721593038416 0.0001458001714883405
18.575075952321118 8.132203649282527e-05
18.679430311603824 7.61279320975595e-06
18.783784670886522 4.813381782973882e-05
18.888139030169224 0.00010968926823832642
18.99249338945193 0.00012971114015022041
19.096847748734632 0.00018280836077869505
19.201202108017338 0.00019531302218275083
19.30555646730004 7.619910873191825e-05
19.409910826582742 1.1732080558055419e-05
19.514265185865444 0.00010702869668630541
19.618619545148146 0.00013028685164783208
19.722973904430848 0.00015113091949053563
19.827328263713554 0.000279678792889167
19.931682622996256 0.0001495661673667557
20.036036982278958 2.4970603875035774e-05
20.140391341561664 0.0005615272827671503
20.244745700844366 0.0010167742645135294
20.349100060127068 0.0005489241232400376
20.45345441940977 0.0001664813013107386
20.557808778692472 0.00047962568970367185
20.662163137975178 0.0006801135344373552
20.76651749725788 0.0002985169075097275
20.87087185654058 2.6774670116055597e-05
20.975226215823287 0.00012278059451442083
21.079580575105986 0.00017966223166126618
21.18393493438869 8.819543435226319e-05
21.288289293671394 7.965168726040652e-05
21.392643652954096 0.00010686341958793258
21.4969980122368 0.00010512864059959748
21.601352371519503 0.00022129597303949602
21.705706730802206 0.0003583911398965284
21.810061090084908 0.0003465241105834569
21.91441544936761 0.000283122940621676
22.018769808650312 0.00018037706180889628
22.123124167933018 2.8427063765856074e-05
22.22747852721572 3.890273552616759e-05
22.331832886498425 0.00025236880393115124
22.436187245781127 0.0003427084885512904
22.54054160506383 0.00015594691074470064
22.64489596434653 4.984572217503567e-05
22.749250323629234 0.00033193083321137476
22.853604682911936 0.0005928481480726929
22.95795904219464 0.00035699912040814286
23.062313401477343 2.637271408825651e-05
23.16666776076005 0.0001893457864744713
23.27102212004275 0.0005857197625620449
23.37537647932545 0.0005663522243431546
23.479730838608155 0.00018519870059247772
23.584085197890857 6.5899812501782725e-06
23.68843955717356 9.392878667449354e-05
23.792793916456265 0.00010583252961864759
23.897148275738967 5.228449172665738e-05
24.00150263502167 0.0001498084460712451
24.10585699430437 0.00032176457055727844
24.210211353587074 0.00036716104858518483
24.31456571286978 0.0002742872524139333
24.41892007215248 0.00014561280026269895
24.523274431435183 5.26066982430521e-05
24.62762879071789 3.973688530216488e-05
24.73198315000059 0.00011979195803488514
24.836337509283293 0.0001808403050906786
24.940691868565995 0.00011738488091577732
25.045046227848697 2.83064100298536e-05
25.1494005871314 2.229766182249113e-05
25.253754946414105 5.2838375380400386e-05
25.358109305696807 7.271258185760349e-05
25.462463664979513 8.434281853608612e-05
25.566818024262215 6.541746614524293e-05
25.671172383544917 2.570284471509829e-05
25.77552674282762 5.0982819823617085e-06
25.87988110211032 1.0653611965830258e-06
25.984235461393023 6.954922761077698e-06
26.08858982067573 4.712106196746406e-05
26.19294417995843 9.440852575334232e-05
26.297298539241137 9.127804431183982e-05
26.401652898523835 4.675368314980968e-05
26.506007257806537 1.1907539538643419e-05
26.610361617089243 2.6518595637554275e-06
26.714715976371945 1.722989677110662e-05
26.819070335654647 4.04018572319945e-05
26.923424694937353 4.233419657121945e-05
27.027779054220055 2.4930627378536312e-05
27.132133413502757 2.7765940103944503e-05
27.23648777278546 7.496806320078088e-05
27.34084213206816 0.0001426664199049395
27.445196491350863 0.0001919998345522084
27.549550850633565 0.00018576035237329245
27.653905209916275 0.00011900659260591095
27.758259569198977 4.7870655558379405e-05
27.86261392848168 4.455050618732986e-05
27.96696828776438 8.471110666045314e-05
28.07132264704708 9.678513281537724e-05
28.17567700632979 6.705546147375435e-05
28.28003136561249 3.099106726093715e-05
28.384385724895193 1.9498353739450362e-05
28.488740084177895 4.720268246423572e-05
28.593094443460597 8.81689275056772e-05
28.6974488027433 9.307472778198616e-05
28.801803162026005 5.958481043845369e-05
28.906157521308707 3.3159231097803856e-05
29.01051188059141 4.9961744335458834e-05
29.11486623987411 0.00010288630807667198
29.219220599156813 0.00015817631211839292
29.323574958439522 0.00016864333228882594
29.42792931772222 0.00011838122242397835
29.532283677004923 4.863433863425834e-05
29.636638036287625 1.0891652847852809e-05
29.740992395570327 4.492012446907243e-06
29.845346754853036 6.552855890752279e-06
29.94970111413574 7.633781069597537e-06
30.05405547341844 5.472991297358849e-06
30.158409832701143 4.444194720817532e-06
30.262764191983845 1.5903327019406102e-05
30.367118551266543 3.675092739881612e-05
30.471472910549252 4.66962093139871e-05
30.575827269831954 3.7275157153646594e-05
30.680181629114657 2.0195851672176822e-05
30.78453598839736 6.5173333299665895e-06
30.88889034768006 1.8383713618835403e-06
30.993244706962766 1.0811269860271902e-05
31.09759906624547 2.4251688308887136e-05
31.20195342552817 2.8224433348525537e-05
31.306307784810873 2.6117327401358517e-05
31.410662144093575 2.5938728278825326e-05
31.515016503376277 2.4076259685820107e-05
31.619370862658986 1.802926318466775e-05
31.723725221941685 1.1550521783582346e-05
31.828079581224387 6.064654980927108e-06
31.93243394050709 1.2108663437617167e-06
32.03678829978979 2.307237067124284e-06
32.1411426590725 1.0492052854015758e-05
32.2454970183552 1.807974578248684e-05
32.349851377637904 2.1089029108657993e-05
32.454205736920606 2.183612807708745e-05
32.55856009620331 1.913696476575727e-05
32.66291445548601 1.39216440358175e-05
32.76726881476872 1.1467296139412279e-05
32.87162317405142 1.1041329858293581e-05
32.97597753333412 8.80865224565155e-06
33.08033189261682 5.9423992461729e-06
33.18468625189952 5.078062733061321e-06
33.28904061118223 5.26409483943463e-06
33.39339497046493 5.5811258691191466e-06
33.497749329747634 6.7726905339328135e-06
33.602103689030336 7.2549632278584015e-06
33.70645804831304 5.676810588625346e-06
33.81081240759574 5.0297458821950875e-06
33.91516676687845 6.787715240226342e-06
34.01952112616115 8.948325576817391e-06
34.123875485443854 1.13025445445049e-05
34.228229844726556 1.3926455091582337e-05
34.33258420400926 1.4607515105430116e-05
34.43693856329196 1.3086437615279429e-05
34.54129292257466 1.144309573147397e-05
34.645647281857364 1.0472800281514193e-05
34.75000164114007 8.815867920459987e-06
34.85435600042277 6.828881167433683e-06
34.95871035970548 5.718027260274871e-06
35.06306471898818 4.634889276333771e-06
35.16741907827088 3.696419338992822e-06
35.271773437553584 4.187476013156822e-06
35.376127796836286 5.454689917869843e-06
35.48048215611899 6.542229351784097e-06
35.5848365154017 7.92550315766836e-06
35.6891908746844 9.400260104706968e-06
35.7935452339671 1.0337479911059893e-05
35.897899593249804 1.0877356863593127e-05
36.002253952532506 1.1367865732445008e-05
36.10660831181521 1.1408163828788507e-05
36.21096267109791 1.0345158846048294e-05
36.31531703038061 8.821526969061728e-06
36.419671389663314 7.240727567622947e-06
36.524025748946016 5.570804546116572e-06
36.62838010822872 4.311894807451994e-06
36.73273446751143 3.4981796251978757e-06
36.83708882679413 2.968632317313486e-06
36.94144318607683 2.8477359443469445e-06
37.045797545359534 3.070807071227806e-06
37.150151904642236 3.6091387375348794e-06
37.254506263924945 4.69183636213255e-06
37.35886062320765 6.188246496941226e-06
37.46321498249035 7.698161858251372e-06
37.567569341773044 8.970710321188476e-06
37.671923701055746 9.949145437570233e-06
37.77627806033845 1.0316463289039254e-05
37.88063241962116 9.683114139345696e-06
37.98498677890386 8.734514882244699e-06
38.08934113818656 7.702377852152404e-06
38.193695497469264 6.268773659181914e-06
38.298049856751966 4.9942078377505e-06
38.402404216034675 4.201664021803829e-06
38.50675857531738 3.546750960229516e-06
38.61111293460008 2.9818703563023825e-06
38.71546729388278 2.8493638016249312e-06
38.819821653165484 3.0278186213948903e-06
38.924176012448186 3.247073033057336e-06
39.02853037173089 3.890794767631913e-06
39.13288473101359 5.019052676205869e-06
39.23723909029629 5.930289023907603e-06
39.341593449578994 6.744432677744277e-06
39.445947808861696 7.885603563002708e-06
39.550302168144405 8.50021854424885e-06
39.65465652742711 8.345751081120042e-06
39.75901088670981 8.171876336134727e-06
39.86336524599251 7.896084603301597e-06
39.967719605275214 6.886172913648895e-06
40.072073964557916 5.473717518522692e-06
40.176428323840625 4.585044951197103e-06
40.28078268312333 3.7760438898689827e-06
40.38513704240603 2.691103080554788e-06
40.48949140168873 2.2076225049990654e-06
40.59384576097143 2.2516885322106447e-06
40.698200120254135 2.1381615600831363e-06
40.80255447953684 2.3867380457998102e-06
40.90690883881954 3.3275343596538727e-06
41.01126319810224 4.1900238388834215e-06
41.115617557384944 4.98083357016852e-06
41.21997191666765 6.367564954399275e-06
41.324326275950355 7.792332049748563e-06
41.42868063523306 8.188527704330185e-06
41.53303499451576 8.19096734805088e-06
41.63738935379846 8.427193579849532e-06
41.74174371308116 7.74797077994306e-06
41.84609807236387 6.199747763768211e-06
41.950452431646575 5.03574704225377e-06
42.05480679092928 4.173776206316258e-06
42.15916115021197 3.0106708100506395e-06
42.263515509494674 2.0299371191940056e-06
42.36786986877738 1.7538935588235972e-06
42.472224228060085 1.5862156209388222e-06
42.57657858734279 1.4141467408165877e-06
42.68093294662549 1.8901999246620063e-06
42.78528730590819 2.6347244117072205e-06
42.889641665190894 3.1170949046002367e-06
42.9939960244736 4.041421638453454e-06
43.098350383756305 5.342842843224146e-06
43.20270474303901 5.994700578727441e-06
43.30705910232171 6.334986045504554e-06
43.41141346160441 7.0838398759474146e-06
43.51576782088712 7.567151610552028e-06
43.620122180169815 7.017767106062246e-06
43.72447653945252 6.355718813355736e-06
43.82883089873522 6.1274125419203695e-06
43.93318525801792 5.2907150525216384e-06
44.037539617300624 3.9945614802684754e-06
44.14189397658333 3.2692494810170798e-06
44.246248335866035 2.7774305397271717e-06
44.35060269514874 1.9787288545652052e-06
44.45495705443144 1.4609644592959025e-06
44.55931141371414 1.4734450061736758e-06
44.66366577299685 1.4158441023897736e-06
44.76802013227955 1.4151255037837715e-06
44.872374491562255 2.032425441835387e-06
44.97672885084496 2.7919420851995423e-06
45.08108321012766 3.298643966580991e-06
45.18543756941036 4.2777075830793854e-06
45.28979192869306 5.606683735596562e-06
45.394146287975765 6.243931466266468e-06
45.49850064725847 6.421869237564939e-06
45.60285500654117 6.830278656853509e-06
45.70720936582387 6.970271741605703e-06
45.81156372510658 6.242022029397165e-06
45.91591808438928 5.424290081312512e-06
46.020272443671985 4.99570927159284e-06
46.12462680295469 4.1889871961116395e-06
46.22898116223739 3.065248017499703e-06
46.3333355215201 2.35152498265802e-06
46.4376898808028 1.885693889084318e-06
46.5420442400855 1.2954048348351845e-06
46.646398599368204 9.97523555381981e-07
46.7507529586509 1.1740635238682088e-06
46.8551073179336 1.3773795916833833e-06
46.95946167721631 1.7213257999926293e-06
47.06381603649901 2.5446591257266287e-06
47.168170395781715 3.3765053719048958e-06
47.27252475506442 3.887090567408979e-06
47.37687911434712 4.6376034837498185e-06
47.48123347362983 5.530468302360652e-06
47.58558783291253 5.848927815176313e-06
47.68994219219523 5.7799401461870825e-06
47.794296551477935 5.882207245729244e-06
47.89865091076064 5.858817653612078e-06
48.00300527004334 5.227744139049126e-06
48.10735962932605 4.570857914713742e-06
48.21171398860874 4.272507413356784e-06
48.316068347891445 3.760457344862966e-06
48.42042270717415 2.9955316815537194e-06
48.52477706645685 2.451717189711384e-06
48.62913142573956 2.059699635470608e-06
48.73348578502226 1.5029136232670051e-06
48.83784014430496 1.0143870182352025e-06
48.942194503587665 8.914292058525575e-07
49.04654886287037 9.220737297952355e-07
49.15090322215307 1.1159105815205377e-06
49.25525758143578 1.7441672093023072e-06
49.35961194071848 2.5673093786892755e-06
49.46396630000118 3.2735555403842366e-06
49.568320659283884 4.106358600472094e-06
49.672675018566586 5.025324167499779e-06
49.77702937784929 5.621736544144549e-06
49.88138373713199 5.8680032797771994e-06
49.98573809641469 6.021702640367684e-06
50.090092455697395 6.015422206317632e-06
50.1944468149801 5.543742119197266e-06
50.2988011742628 4.906599816403901e-06
50.40315553354551 4.4066767473058925e-06
50.50750989282821 3.8304922148649815e-06
50.61186425211091 3.1598778063855984e-06
50.716218611393614 2.608825615680294e-06
50.82057297067632 2.2061372670722012e-06
50.924927329959026 1.776888046820944e-06
51.02928168924173 1.340371820166793e-06
51.13363604852443 1.0619614716945933e-06
51.23799040780713 8.740331075434879e-07
51.342344767089834 7.649643723950294e-07
51.446699126372536 9.021523620986715e-07
51.55105348565524 1.2729978667749447e-06
51.65540784493794 1.7633389095248855e-06
51.75976220422064 2.4160267889378463e-06
51.864116563503345 3.1908295132989144e-06
51.96847092278605 3.939773710460125e-06
52.072825282068756 4.574631230242287e-06
52.17717964135146 5.1202781490108574e-06
52.28153400063416 5.575208226609769e-06
52.38588835991686 5.7578589471437e-06
52.490242719199564 5.6902287110399976e-06
52.59459707848227 5.457061381607489e-06
52.698951437764975 5.07521949331426e-06
52.80330579704767 4.592196817203807e-06
52.90766015633037 4.001167554156218e-06
53.012014515613075 3.4013243182357486e-06
53.11636887489578 2.848898241562265e-06
53.220723234178486 2.325381903083848e-06
53.32507759346119 1.8332441623021246e-06
53.42943195274389 1.3793227712016986e-06
53.53378631202659 1.0338677532233187e-06
53.638140671309294 7.942777964310588e-07
53.742495030592 6.537408467030265e-07
53.846849389874706 7.019974278879553e-07
53.95120374915741 9.369271135374532e-07
54.05555810844011 1.2711503922034785e-06
54.15991246772281 1.742276941681204e-06
54.264266827005514 2.356125365025306e-06
54.368621186288216 2.9812032773747776e-06
54.47297554557092 3.5700962023382435e-06
54.57732990485362 4.178366346294334e-06
54.68168426413632 4.783988323371115e-06
54.786038623419024 5.156992322518671e-06
54.89039298270173 5.3157983461709445e-06
54.99474734198443 5.458187891230151e-06
55.09910170126713 5.4391770546549135e-06
55.20345606054985 5.145076668984962e-06
55.30781041983255 4.734311383982869e-06
55.41216477911525 4.366168506045784e-06
55.51651913839795 3.9139566972811625e-06
55.620873497680655 3.2954036488155165e-06
55.72522785696336 2.7527276343143932e-06
55.82958221624606 2.289624927427814e-06
55.93393657552876 1.7383591651589802e-06
56.03829093481146 1.2127108113884326e-06
56.14264529409416 8.747335390014054e-07
56.24699965337686 6.509807536732684e-07
56.35135401265958 4.87685320625342e-07
56.45570837194228 5.240706883318338e-07
56.56006273122498 7.392184752952143e-07
56.66441709050768 9.813727490283584e-07
56.768771449790385 1.3449819832138589e-06
56.87312580907309 1.9322367486410195e-06
56.97748016835579 2.4981196747576755e-06
57.08183452763849 2.9642770527756098e-06
57.186188886921194 3.568706063250306e-06
57.290543246203896 4.224149599502093e-06
57.3948976054866 4.618423984235125e-06
57.49925196476931 4.8232083145976725e-06
57.60360632405201 5.159826655434128e-06
57.70796068333471 5.4151811325958115e-06
57.81231504261741 5.267852975990738e-06
57.916669401900116 5.049452454019916e-06
58.02102376118282 4.9716552580768525e-06
58.12537812046552 4.714276518594241e-06
58.22973247974822 4.128273152174093e-06
58.334086839030924 3.5637410539390114e-06
58.438441198313626 3.142909257558672e-06
58.54279555759633 2.5529447064989857e-06
58.647149916879044 1.8817708533061304e-06
58.75150427616175 1.4258861873282612e-06
58.85585863544444 1.0808623342177993e-06
58.960212994727144 7.073576590036585e-07
59.064567354009846 4.6534086067936305e-07
59.16892171329255 4.322634766809973e-07
59.27327607257525 4.4941006227085754e-07
59.37763043185795 5.48442780888887e-07
59.481984791140654 8.72967885301007e-07
59.586339150423356 1.2659997276330536e-06
59.69069350970607 1.5993540460504404e-06
59.795047868988775 2.1021660874388294e-06
59.89940222827148 2.7507557780968187e-06
60.00375658755418 3.2172766106251757e-06
60.10811094683688 3.590544149303546e-06
60.21246530611958 4.146296149818932e-06
60.316819665402285 4.7006912901448826e-06
60.42117402468499 4.919414962520534e-06
60.52552838396769 5.056918310494503e-06
60.629882743250384 5.379368053148162e-06
60.734237102533086 5.477231022499741e-06
60.8385914618158 5.178279336405658e-06
60.942945821098505 4.886836941960647e-06
61.04730018038121 4.731521987325802e-06
61.15165453966391 4.356294251307719e-06
61.25600889894661 3.7356834615652104e-06
61.36036325822931 3.2814635562547504e-06
61.464717617512015 2.9392944267654894e-06
61.56907197679472 2.4065666059474697e-06
61.67342633607742 1.8270030825061456e-06
61.77778069536012 1.43600576372891e-06
61.88213505464282 1.109485938022016e-06
61.98648941392553 7.257117222202184e-07
62.090843773208235 4.739880956212979e-07
62.19519813249094 4.052304943297733e-07
62.29955249177364 3.62051818946175e-07
62.40390685105634 4.033105587180769e-07
62.50826121033904 6.395686476555512e-07
62.612615569621745 9.248404639118951e-07
62.71696992890445 1.209017252315605e-06
62.82132428818715 1.662809522058085e-06
62.92567864746985 2.219628225858723e-06
63.030033006752554 2.657293044216542e-06
63.13438736603527 3.0546613049469976e-06
63.23874172531797 3.610139757545325e-06
63.343096084600674 4.121943232214387e-06
63.44745044388337 4.389675403477477e-06
63.55180480316607 4.684495281933085e-06
63.65615916244877 5.105592255529238e-06
63.760513521731475 5.356792086325245e-06
63.86486788101418 5.345646114356203e-06
63.96922224029688 5.358695936368501e-06
64.07357659957958 5.432501831162335e-06
64.17793095886229 5.228849792385251e-06
64.282285318145 4.81939569135704e-06
64.3866396774277 4.509389098242958e-06
64.4909940367104 4.213748045328242e-06
64.5953483959931 3.731139477720634e-06
64.69970275527581 3.1795568589719275e-06
64.8040571145585 2.7717898649583987e-06
64.90841147384121 2.372579918385951e-06
65.01276583312391 1.8588733033715346e-06
65.11712019240662 1.405062643259817e-06
65.22147455168931 1.081238956069381e-06
65.32582891097202 7.808850138819158e-07
65.43018327025473 5.030791476390612e-07
65.53453762953744 3.5047322303812017e-07
65.63889198882013 3.0206350806374046e-07
65.74324634810284 2.929258000812801e-07
65.84760070738554 3.805980174511377e-07
65.95195506666823 5.912069363549525e-07
66.05630942595094 8.397343954321049e-07
66.16066378523364 1.1367266764689645e-06
66.26501814451635 1.5539911735925863e-06
66.36937250379904 2.009757474234347e-06
66.47372686308175 2.427558841119416e-06
66.57808122236446 2.8664482278144124e-06
66.68243558164717 3.3695386196229365e-06
66.78678994092986 3.834047559717648e-06
66.89114430021257 4.204114444668159e-06
66.99549865949527 4.603128440876497e-06
67.09985301877798 5.0102340470847595e-06
67.20420737806067 5.297338614302342e-06
67.30856173734338 5.4692946919143956e-06
67.41291609662608 5.604394206476181e-06
67.51727045590879 5.6975096240359035e-06
67.62162481519148 5.64423404635393e-06
67.72597917447419 5.504485732801856e-06
67.8303335337569 5.374238340261288e-06
67.9346878930396 5.198661084671238e-06
68.0390422523223 4.935930707601366e-06
68.143396611605 4.604571291533426e-06
68.24775097088771 4.262662380768581e-06
68.3521053301704 3.880384420634003e-06
68.45645968945311 3.42045940548046e-06
68.5608140487358 2.9494242384569422e-06
68.66516840801852 2.5006758162817045e-06
68.76952276730121 2.078299931953741e-06
68.87387712658392 1.6709911983902222e-06
68.97823148586663 1.2936842717439518e-06
69.08258584514932 9.819638286477688e-07
69.18694020443203 7.20694552911299e-07
69.29129456371473 5.018869331798295e-07
69.39564892299744 3.4226485474030174e-07
69.50000328228013 2.57295438524247e-07
69.60435764156284 2.394904933710687e-07
69.70871200084554 2.773262495657701e-07
69.81306636012825 3.8756674750435563e-07
69.91742071941096 5.741158769436284e-07
70.02177507869366 8.008669650071546e-07
70.12612943797636 1.0734892236494652e-06
70.23048379725907 1.428841320886225e-06
70.33483815654176 1.8243349618819948e-06
70.43919251582446 2.214412026660234e-06
70.54354687510717 2.624451371522098e-06
70.64790123438986 3.0890730686989486e-06
70.75225559367257 3.5382078066250222e-06
70.85660995295527 3.903532389102444e-06
70.96096431223798 4.287775243669684e-06
71.06531867152069 4.7161558058718065e-06
71.1696730308034 5.076381694308694e-06
71.27402739008609 5.349839601529919e-06
71.3783817493688 5.6436935539846255e-06
71.4827361086515 5.971193571468764e-06
71.5870904679342 6.157803651108394e-06
71.6914448272169 6.2221971507111675e-06
71.79579918649961 6.32738071017234e-06
71.9001535457823 6.408820750000994e-06
72.00450790506501 6.331888138159526e-06
72.1088622643477 6.166329049596127e-06
72.21321662363042 6.0809092109809665e-06
72.31757098291313 5.9685475103507185e-06
72.42192534219582 5.6702209798195225e-06
72.52627970147853 5.340428847536088e-06
72.63063406076122 5.0877028455775186e-06
72.73498842004393 4.771380206875205e-06
72.83934277932663 4.305484799076217e-06
72.94369713860934 3.864692371664424e-06
73.04805149789203 3.540570941051601e-06
73.15240585717474 3.1550512653172077e-06
73.25676021645744 2.689997636441862e-06
73.36111457574015 2.310483052141602e-06
73.46546893502286 2.0179051177987347e-06
73.56982329430555 1.6749463356287734e-06
73.67417765358826 1.29922506576053e-06
73.77853201287095 1.0292176168418675e-06
73.88288637215366 8.211525105722846e-07
73.98724073143636 5.835160605385081e-07
74.09159509071907 3.871526608828563e-07
74.19594945000176 2.855010873542971e-07
74.30030380928447 2.1304970181231023e-07
74.40465816856717 1.5345497391626606e-07
74.50901252784989 1.722269393436488e-07
74.61336688713259 2.4894068752904784e-07
74.7177212464153 3.269215856832522e-07
74.82207560569799 4.629186683011711e-07
74.9264299649807 6.902157321649235e-07
75.0307843242634 9.059503434395928e-07
75.13513868354609 1.1077038675335733e-06
75.2394930428288 1.415615966064118e-06
75.34384740211149 1.7880448192280222e-06
75.4482017613942 2.0996094072542803e-06
75.5525561206769 2.415904528998435e-06
75.65691047995962 2.8782036791465538e-06
75.76126483924232 3.361626909473201e-06
75.86561919852502 3.704794306917188e-06
75.96997355780772 4.0771782905780275e-06
76.07432791709043 4.5880264917104e-06
76.17868227637312 5.032752404095496e-06
76.28303663565583 5.3122417772336066e-06
76.38739099493853 5.664665656681098e-06
76.49174535422124 6.176667430942029e-06
76.59609971350393 6.555093505620219e-06
76.70045407278664 6.77186422229322e-06
76.80480843206935 7.117743051296876e-06
76.90916279135205 7.573220801195236e-06
77.01351715063475 7.841419676279209e-06
77.11787150991745 7.95690115589336e-06
77.22222586920016 8.252729523190482e-06
77.32658022848285 8.628453949652568e-06
77.43093458776556 8.765062145744102e-06
77.53528894704826 8.810729014296828e-06
77.63964330633097 9.03804914979706e-06
77.74399766561366 9.278393508392622e-06
77.84835202489637 9.242583501252006e-06
77.95270638417908 9.147433411427692e-06
78.05706074346178 9.25525544931341e-06
78.16141510274448 9.310793881485594e-06
78.26576946202718 9.13433596315907e-06
78.37012382130989 8.984625443647533e-06
78.47447818059258 9.03375386230277e-06
78.5788325398753 9.007240451769983e-06
78.68318689915799 8.756602726288686e-06
78.7875412584407 8.581943945711353e-06
78.89189561772339 8.55130797761444e-06
78.9962499770061 8.388706192976365e-06
79.10060433628881 8.062896457841236e-06
79.20495869557152 7.848395714785358e-06
79.30931305485421 7.77166436570335e-06
79.41366741413692 7.553164313452643e-06
79.51802177341962 7.229895370372011e-06
79.62237613270231 7.043455268567096e-06
79.72673049198502 6.918637361664794e-06
79.83108485126772 6.641080843198007e-06
79.93543921055043 6.287472845666066e-06
80.03979356983312 6.077985129890817e-06
80.14414792911583 5.906076131068061e-06
80.24850228839854 5.596382670163793e-06
80.35285664768125 5.284757795656307e-06
80.45721100696395 5.103935580951984e-06
80.56156536624665 4.92930826133162e-06
80.66591972552935 4.630000177818668e-06
80.77027408481206 4.3429906953174065e-06
80.87462844409475 4.176565899506196e-06
80.97898280337746 3.986961241987182e-06
81.08333716266016 3.7150786820209016e-06
81.18769152194287 3.4866199966728083e-06
81.29204588122558 3.3547576297730116e-06
81.39640024050827 3.195615394631744e-06
81.50075459979098 2.9611946098472912e-06
81.60510895907368 2.775281286447993e-06
81.70946331835638 2.650060732345946e-06
81.81381767763908 2.486042206882928e-06
81.91817203692179 2.2822498922907484e-06
82.02252639620448 2.1279639684426716e-06
82.12688075548719 2.028557879986129e-06
82.23123511476989 1.895960489579525e-06
82.3355894740526 1.74312286992491e-06
82.4399438333353 1.6351610635625245e-06
82.544298192618 1.549354974184829e-06
82.64865255190071 1.4333254604272158e-06
82.7530069111834 1.3011732882685785e-06
82.85736127046611 1.205734145642926e-06
82.96171562974881 1.1257265349967826e-06
83.06606998903152 1.0246189247430793e-06
83.17042434831421 9.297233979632566e-07
83.27477870759692 8.640604932732947e-07
83.37913306687962 8.102184973790105e-07
83.48348742616233 7.421904166348843e-07
83.58784178544504 6.770397621017539e-07
83.69219614472775 6.338563161922513e-07
83.79655050401044 5.913928668461907e-07
83.90090486329315 5.403298761341127e-07
84.00525922257584 4.929462320353132e-07
84.10961358185855 4.596969027337993e-07
84.21396794114125 4.2838136611168585e-07
84.31832230042394 3.86680804206011e-07
84.42267665970665 3.479547721365902e-07
84.52703101898935 3.167555724777205e-07
84.63138537827206 2.86083756079906e-07
84.73573973755477 2.5194081457595086e-07
84.84009409683748 2.2066539898575964e-07
84.94444845612017 2.0091262420629006e-07
85.04880281540288 1.8531089466781395e-07
85.15315717468557 1.685800364815764e-07
85.25751153396828 1.532389998251471e-07
85.36186589325098 1.4312471554838465e-07
85.46622025253369 1.3580578943992583e-07
85.57057461181638 1.2249046867593098e-07
85.67492897109909 1.0760959206008147e-07
85.77928333038179 9.803187437264741e-08
85.8836376896645 9.077842394780514e-08
85.9879920489472 8.039097673587323e-08
86.0923464082299 6.848019962357992e-08
86.19670076751261 6.282941734929552e-08
86.3010551267953 5.950623589122699e-08
86.40540948607801 5.152270508788897e-08
86.50976384536071 4.293658157954902e-08
86.61411820464342 3.917428077614539e-08
86.71847256392611 3.759256460245366e-08
86.82282692320882 3.19249519815068e-08
86.92718128249152 2.606342229931915e-08
87.03153564177424 2.5446939071970355e-08
87.13589000105694 2.523441273196849e-08
87.24024436033963 2.104877792346428e-08
87.34459871962234 1.6597017265728528e-08
87.44895307890503 1.6322694973691132e-08
87.55330743818774 1.5806619047409888e-08
87.65766179747044 1.1685395627126472e-08
87.76201615675315 9.092785891599945e-09
87.86637051603584 1.0110779441922697e-08
87.97072487531855 1.0768271934327185e-08
88.07507923460125 8.417655253927247e-09
88.17943359388397 7.032814080732366e-09
88.28378795316667 8.844552059477979e-09
88.38814231244938 8.368768075497265e-09
88.49249667173207 5.1122090524752885e-09
88.59685103101478 4.141621410934936e-09
88.70120539029747 4.913787911209469e-09
88.80555974958018 3.769687783152989e-09
88.90991410886288 1.6214748336967905e-09
89.01426846814557 1.5897113640192137e-09
89.11862282742828 2.5884149776801836e-09
89.22297718671098 2.0449366795698233e-09
89.3273315459937 7.7937665190689e-10
89.4316859052764 9.544585565315122e-10
89.5360402645591 2.0474873130903167e-09
89.6403946238418 1.7415223793867987e-09
89.74474898312451 6.41284225730119e-10
89.8491033424072 1.2063051896445185e-09
89.95345770168991 2.4117235335518344e-09
90.05781206097261 1.5879120207182488e-09
90.16216642025532 4.988457773210887e-10
90.26652077953801 1.3626229029877758e-09
90.37087513882072 1.5147476814111296e-09
90.47522949810343 2.896173392952682e-10
90.57958385738613 1.1544496605596164e-10
90.68393821666884 5.081043416431481e-10
90.78829257595153 4.6411019463927155e-10
90.89264693523424 1.934172971014458e-10
90.99700129451693 1.2421829313414545e-11
91.10135565379964 3.7116685877483337e-10
91.20571001308234 5.885022244707554e-10
91.31006437236505 1.9028583568622648e-10
91.41441873164774 4.013787576992847e-11
91.51877309093047 3.893361949610278e-10
91.62312745021316 5.295924013909908e-10
91.72748180949586 1.4457055138366734e-10
91.83183616877857 6.150348668118209e-11
91.93619052806126 5.78226032987536e-10
92.04054488734397 4.966963625951162e-10
92.14489924662666 1.3872291182477414e-11
92.24925360590937 3.001316263034212e-10
92.35360796519207 5.176712335891338e-10
92.45796232447478 1.3637449412030356e-10
92.56231668375747 1.0434662134408222e-10
92.6666710430402 3.00744864178357e-10
92.77102540232289 2.2597712765769167e-10
92.8753797616056 1.4142951197490608e-10
92.9797341208883 2.0187989553374602e-10
93.084088480171 1.9760051315536497e-10
93.1884428394537 1.4102250368498214e-10
93.29279719873641 3.020621126769665e-10
93.3971515580191 2.377219958994493e-10
93.5015059173018 4.441090508397018e-11
93.60586027658451 4.5942450357000134e-10
93.7102146358672 4.504598744809146e-10
93.81456899514993 2.2185541246242343e-12
93.91892335443262 4.956542078942385e-10
94.02327771371533 6.157787302196256e-10
94.12763207299803 2.342054820289177e-11
94.23198643228073 3.847478986786739e-10
94.33634079156343 5.787869263494586e-10
94.44069515084614 4.56936748203937e-11
94.54504951012883 2.7055271654428e-10
94.64940386941154 4.821433130142295e-10
94.75375822869424 6.404490869718004e-11
94.85811258797695 1.9738648428455537e-10
94.96246694725966 4.555414812269732e-10
95.06682130654235 1.0635611214503786e-10
95.17117566582506 1.2796226272095609e-10
95.27553002510776 5.004058895193074e-10
95.37988438439046 2.0292485895273252e-10
95.48423874367316 7.134058715289517e-11
95.58859310295587 5.590729177565456e-10
95.69294746223856 3.2475897801595873e-10
95.79730182152127 4.6138630593518154e-11
95.90165618080397 5.737635112898807e-10
96.00601054008668 3.9641930834093547e-10
96.11036489936939 3.487261153694139e-11
96.2147192586521 5.321920015988872e-10
96.31907361793479 4.0014031818818045e-10
96.42342797721749 2.218168191753733e-11
96.5277823365002 4.504885831038353e-10
96.63213669578289 3.7237764230563153e-10
96.7364910550656 8.461528459264608e-12
96.8408454143483 3.454256876481311e-10
96.945199773631 3.4929782916205815e-10
97.0495541329137 4.546645637054824e-12
97.15390849219641 2.341091307990659e-10
97.25826285147912 3.442381833290069e-10
97.36261721076183 2.559505010798833e-11
97.46697157004452 1.4843166439705828e-10
97.57132592932723 3.5823022114267646e-10
97.67568028860993 6.988692987056676e-11
97.78003464789263 1.0196836678779176e-10
97.88438900717533 3.718030375249143e-10
97.98874336645804 1.1523211327717764e-10
98.09309772574073 8.085461226252436e-11
98.19745208502343 3.603120454769529e-10
98.30180644430614 1.393306456978395e-10
98.40616080358885 6.380800389252238e-11
98.51051516287156 3.0848532871878607e-10
98.61486952215425 1.3357657647660734e-10
98.71922388143696 4.0740920382843054e-11
98.82357824071966 2.2711118932488383e-10
98.92793260000236 1.0969044602909456e-10
99.03228695928506 1.7160477718183475e-11
99.13664131856777 1.4371415729839535e-10
99.24099567785046 8.871153096181972e-11
99.34535003713317 4.210808737981606e-12
99.44970439641587 8.074060898364193e-11
99.55405875569858 8.345081968994087e-11
99.65841311498129 8.197781740701311e-12
99.76276747426398 4.7246184056633915e-11
99.86712183354669 9.28145484136965e-11
99.97147619282939 2.6050780860949858e-11
100.0758305521121 3.4953963541998044e-11
100.18018491139479 1.0250760071638044e-10
100.2845392706775 4.4870569794812507e-11
100.3888936299602 2.8616329966968192e-11
100.4932479892429 9.760806916841347e-11
100.5976023485256 5.195234572643689e-11
100.70195670780832 1.867982314198993e-11
100.80631106709102 7.670682033899845e-11
100.91066542637373 4.631435433141568e-11
101.01501978565642 6.8205041940700455e-12
101.11937414493912 4.9880178542367774e-11
101.22372850422182 3.669226542171237e-11
101.32808286350452 1.3562190465339212e-13
101.43243722278723 2.5492557101740805e-11
101.53679158206992 3.0308634172946467e-11
101.64114594135263 4.6999097430179124e-12
101.74550030063534 9.301766001903344e-12
101.84985465991805 3.152145890790855e-11
101.95420901920075 2.1329264223166496e-11
102.05856337848346 2.147612630734064e-12
102.16291773776615 3.917494957691715e-11
102.26727209704886 4.2678487177534325e-11
102.37162645633155 8.953973576208858e-13
102.47598081561426 4.749867326940192e-11
102.58033517489696 5.741819397709743e-11
102.68468953417967 1.8796456928757308e-12
102.78904389346236 5.244346748690797e-11
102.89339825274507 5.908890023576665e-11
102.99775261202778 5.4090568196836276e-12
103.10210697131048 5.381635318435945e-11
103.20646133059319 5.188574979471067e-11
103.31081568987588 1.4590760510369007e-11
103.41517004915859 5.1755653175927806e-11
103.51952440844128 4.3429801836897814e-11
103.623878767724 3.1231750730421846e-11
103.72823312700669 4.71172242569478e-11
103.8325874862894 4.125127976926526e-11
103.9369418455721 5.3180540606412905e-11
104.0412962048548 4.035676007423904e-11
104.14565056413751 4.9261095849122003e-11
104.2500049234202 7.53663661328051e-11
104.35435928270292 3.4315741938936185e-11
104.45871364198561 6.411752328059106e-11
104.56306800126832 9.106398705831123e-11
104.66742236055102 3.3606672226866974e-11
104.77177671983372 7.892465406873209e-11
104.87613107911642 9.297855351968737e-11
104.98048543839913 4.1482674531378855e-11
105.08483979768182 9.053153864126765e-11
105.18919415696455 8.55053215557125e-11
105.29354851624724 5.913471325255518e-11
105.39790287552995 9.590364084432713e-11
105.50225723481265 7.890987239537056e-11
105.60661159409534 8.486973185066616e-11
105.71096595337805 9.274613178494482e-11
105.81532031266075 8.02324503082264e-11
105.91967467194345 1.1361799168767596e-10
106.02402903122615 8.299074537198908e-11
106.12838339050886 9.261703141812081e-11
106.23273774979155 1.3789857753496785e-10
106.33709210907428 7.174556949994987e-11
106.44144646835697 1.1210826134973346e-10
106.54580082763968 1.5146177262158896e-10
106.65015518692238 6.544824299333691e-11
106.75450954620509 1.2911621082927768e-10
106.85886390548778 1.4956481548744026e-10
106.96321826477049 6.902134907199428e-11
107.06757262405318 1.3739221466035346e-10
107.1719269833359 1.3513919175652937e-10
107.27628134261859 8.255640029588857e-11
107.38063570190128 1.3532294347266662e-10
107.484990061184 1.2055390930648798e-10
107.5893444204667 1.0201678952347383e-10
107.69369877974941 1.230680671305745e-10
107.7980531390321 1.1561205542456874e-10
107.90240749831482 1.208147783217013e-10
108.00676185759751 1.0488503918832058e-10
108.11111621688022 1.2413486272457958e-10
108.21547057616291 1.3224587471560756e-10
108.31982493544562 8.717916696183768e-11
108.42417929472832 1.438866135839782e-10
108.52853365401103 1.3420298495457333e-10
108.63288801329374 7.627762616982247e-11
108.73724237257643 1.6520628140383845e-10
108.84159673185914 1.2886008481810285e-10
108.94595109114184 7.608995853548856e-11
109.05030545042455 1.7613383560844822e-10
109.15465980970724 1.1842935331276279e-10
109.25901416898995 8.585326530932853e-11
109.36336852827264 1.7157705445734067e-10
109.46772288755535 1.0800820478894834e-10
109.57207724683805 1.0039267947509765e-10
109.67643160612076 1.5470817467723768e-10
109.78078596540345 1.0449361804903076e-10
109.88514032468616 1.1105115249041953e-10
109.98949468396886 1.3213117274926456e-10
110.09384904325157 1.1080233743985975e-10
110.19820340253426 1.1170069604481145e-10
110.30255776181698 1.1048402649718084e-10
110.4069121210997 1.2479250133433056e-10
110.51126648038239 1.0157354960798365e-10
110.6156208396651 9.545751663003584e-11
110.7199751989478 1.4023775675028295e-10
110.8243295582305 8.609434163116249e-11
110.9286839175132 8.890925005597922e-11
111.0330382767959 1.4693626716061636e-10
111.1373926360786 7.084832649752389e-11
111.24174699536131 8.924849717841227e-11
111.346101354644 1.38667501413452e-10
111.45045571392671 5.8117492037457926e-11
111.55481007320941 9.291071261826957e-11
111.65916443249212 1.193319907833302e-10
111.76351879177481 5.1396190133399355e-11
111.86787315105752 9.324046669324941e-11
111.97222751034022 9.716519080241736e-11
112.07658186962291 5.242408592601752e-11
112.18093622890562 8.582398200023867e-11
112.28529058818832 7.860084946899796e-11
112.38964494747103 5.92867200123638e-11
112.49399930675372 7.083060688747274e-11
112.59835366603646 6.736765199245341e-11
112.70270802531915 6.817607913218019e-11
112.80706238460186 5.319517593514157e-11
112.91141674388456 6.368271560977243e-11
113.01577110316725 7.27654415382787e-11
113.12012546244996 3.908134372691438e-11
113.22447982173266 6.506772295590698e-11
113.32883418101537 6.814573190531585e-11
113.43318854029806 2.9220579145726065e-11
113.53754289958077 6.936662896388717e-11
113.64189725886347 5.780207781814807e-11
113.74625161814618 2.30093795790796e-11
113.85060597742887 7.004993516071472e-11
113.95496033671158 4.754141625176804e-11
114.05931469599427 2.0586893379741487e-11
114.16366905527698 5.968331464198037e-11
114.26802341455968 3.702107155397887e-11
114.37237777384239 2.2347004798498676e-11
114.47673213312508 4.219660228792916e-11
114.58108649240779 2.6295712969834092e-11
114.68544085169049 2.6320464351183347e-11
114.7897952109732 2.7916141588366708e-11
114.89414957025592 1.9517396087474053e-11
114.99850392953861 2.5506327919788436e-11
115.10285828882132 1.8368584275836255e-11
115.20721264810402 1.9172571527796046e-11
115.31156700738673 1.9752238818881282e-11
115.41592136666942 1.0302682814592567e-11
115.52027572595213 2.369438693695168e-11
115.62463008523483 1.6677487855854655e-11
115.72898444451754 5.220418228700205e-12
115.83333880380023 2.6287925262344136e-11
115.93769316308294 1.5532315493331974e-11
116.04204752236564 3.5317179458832257e-12
116.14640188164834 2.331797876106465e-11
116.25075624093104 1.2021763833601561e-11
116.35511060021375 3.676651382307242e-12
116.45946495949644 1.9024507781979948e-11
116.56381931877915 8.332380096931292e-12
116.66817367806185 4.2977296926469374e-12
116.77252803734454 1.50405100072012e-11
116.87688239662725 6.732011537315957e-12
116.98123675590995 4.9692667989013346e-12
117.08559111519266 1.088612211944094e-11
117.18994547447538 7.322032783418826e-12
117.29429983375809 6.824558846991175e-12
117.39865419304078 7.407537562703149e-12
117.5030085523235 1.0534757005834681e-11
117.60736291160619 1.0210015849984531e-11
117.71171727088888 4.978598816000791e-12
117.81607163017159 1.6671433357304678e-11
117.92042598945429 1.492744456246654e-11
118.024780348737 3.821495586974655e-12
118.12913470801969 2.427017474600617e-11
118.2334890673024 1.9646009379359596e-11
118.3378434265851 4.3968930908903646e-12
118.4421977858678 3.063304893536917e-11
118.5465521451505 2.179505373849336e-11
118.65090650443321 7.497442869415162e-12
118.7552608637159 3.473602831165623e-11
118.85961522299861 2.118793742963294e-11
118.96396958228131 1.3356244487867968e-11
119.06832394156402 3.725357220293333e-11
119.17267830084671 2.0831808422877794e-11
119.27703266012942 2.0516900261349396e-11
119.38138701941214 3.688613827359227e-11
119.48574137869484 2.3983286690555748e-11
119.59009573797755 2.772288957954566e-11
119.69445009726024 3.2864960201558936e-11
119.79880445654295 3.201004753217939e-11
119.90315881582565 3.4896354359647415e-11
120.00751317510836 2.8399964149337823e-11
120.11186753439105 4.391972218919979e-11
120.21622189367376 4.069344017056284e-11
120.32057625295646 2.7159209606846017e-11
120.42493061223917 5.63981846648042e-11
120.52928497152186 4.286520423178788e-11
120.63363933080457 3.1359415574538406e-11
120.73799369008727 6.600130508999327e-11
120.84234804936997 4.1022627939858964e-11
120.94670240865267 4.0992462040339283e-11
121.05105676793538 7.261009045941794e-11
121.15541112721807 3.905868390970528e-11
121.25976548650077 5.238180542640995e-11
121.36411984578348 7.591557452915855e-11
121.46847420506617 4.2474253072956466e-11
121.57282856434888 6.075772188798928e-11
121.6771829236316 7.347257019172536e-11
121.78153728291431 5.3592393874933876e-11
121.88589164219701 6.571763708873772e-11
121.99024600147972 6.775329565151271e-11
122.09460036076241 6.941137739902687e-11
122.19895472004512 6.82006420059378e-11
122.30330907932782 6.542389350089658e-11
122.40766343861051 8.499348513134874e-11
122.51201779789322 6.650635598611446e-11
122.61637215717592 7.024359856270291e-11
122.72072651645863 9.710131125331036e-11
122.82508087574132 6.116135575174581e-11
122.92943523502403 8.0798737397432e-11
123.03378959430673 1.0408045411492396e-10
123.13814395358943 5.631856818319024e-11
123.24249831287213 9.137816140184935e-11
123.34685267215484 1.0425667172371982e-10
123.45120703143753 5.62236332314733e-11
123.55556139072024 9.75049120507936e-11
123.65991575000294 9.747816809932692e-11
123.76427010928565 6.222894498906284e-11
123.86862446856834 9.794186913087468e-11
123.97297882785107 8.877643938489241e-11
124.07733318713377 7.211071734636084e-11
124.18168754641647 9.28096807590943e-11
124.28604190569918 8.414591475058129e-11
124.39039626498187 8.21066720046357e-11
124.49475062426458 8.325970536071146e-11
124.59910498354728 8.625699028858609e-11
124.70345934282999 8.895565629923519e-11
124.80781370211268 7.27249955662636e-11
124.91216806139539 9.45479418759798e-11
125.01652242067809 9.019435154636683e-11
125.1208767799608 6.544417067104774e-11
125.22523113924349 1.0534732781786708e-10
125.3295854985262 8.632203897663414e-11
125.4339398578089 6.334102985543181e-11
125.5382942170916 1.1313934066612575e-10
125.6426485763743 7.950279617760547e-11
125.74700293565701 6.650938953773595e-11
125.8513572949397 1.1366159258204777e-10
125.9557116542224 7.239254013233763e-11
126.06006601350511 7.218622904281364e-11
126.1644203727878 1.0653338095360507e-10
126.26877473207054 6.845703535828287e-11
126.37312909135323 7.600309557885428e-11
126.47748345063594 9.409735519160094e-11
126.58183780991864 6.93770873074338e-11
126.68619216920135 7.53978506620015e-11
126.79054652848404 8.008935019492195e-11
126.89490088776674 7.463040145325129e-11
126.99925524704945 6.984023602544226e-11
127.10360960633214 6.875485919069619e-11
127.20796396561485 8.041740938576729e-11
127.31231832489755 6.052651496427127e-11
127.41667268418026 6.255689636572092e-11
127.52102704346295 8.262494087569556e-11
127.62538140274566 4.949069037889085e-11
127.72973576202835 6.125359405162454e-11
127.83409012131106 7.958754755085695e-11
127.93844448059376 3.9755261609362074e-11
128.04279883987647 6.248022341817695e-11
128.14715319915916 7.177930290301549e-11
128.25150755844186 3.3848076451511955e-11
128.35586191772458 6.214859385610012e-11
128.4602162770073 6.127684722966326e-11
128.56457063629 3.237310588473374e-11
128.6689249955727 5.7840558294408886e-11
128.7732793548554 5.0207869868633184e-11
128.8776337141381 3.390787100833018e-11
128.9819880734208 4.978221874385204e-11
129.0863424327035 4.201374436697662e-11
129.1906967919862 3.6316209097054096e-11
129.29505115126892 3.954334418311525e-11
129.39940551055162 3.824013052807184e-11
129.5037598698343 3.746283858377111e-11
129.608114229117 2.953599959153767e-11
129.71246858839973 3.7890176584841324e-11
129.81682294768243 3.592289802895898e-11
129.92117730696512 2.1390418428702714e-11
130.02553166624782 3.8787500619743703e-11
130.12988602553054 3.1647869813305284e-11
130.23424038481323 1.612426077322968e-11
130.33859474409593 3.822739801330507e-11
130.44294910337862 2.5874455577255868e-11
130.54730346266132 1.358651567420139e-11
130.65165782194404 3.451839033588007e-11
130.75601218122677 1.977098425561133e-11
130.86036654050946 1.2835778072345562e-11
130.96472089979216 2.7986511186196505e-11
131.06907525907488 1.4606589377974346e-11
131.17342961835757 1.261802049117978e-11
131.27778397764027 2.0226482969570843e-11
131.38213833692296 1.1462389662713406e-11
131.4864926962057 1.2024071674627289e-11
131.59084705548838 1.3010897767300883e-11
131.69520141477108 1.0415108494619337e-11
131.79955577405377 1.1126521664856383e-11
131.90391013333647 7.467236716377062e-12
132.0082644926192 1.081754678393053e-11
132.11261885190189 1.0200575430956374e-11
132.21697321118458 4.2764793925780586e-12
132.32132757046728 1.1720009033224664e-11
132.42568192975 9.135704422899798e-12
132.5300362890327 3.0061544670853156e-12
132.6343906483154 1.2608064717038155e-11
132.73874500759808 8.044175407608585e-12
132.8430993668808 2.826215686146521e-12
132.9474537261635 1.3204037798770545e-11
133.05180808544623 7.1956938771939066e-12
133.15616244472892 3.2431041588026066e-12
133.26051680401162 1.3077629558880446e-11
133.36487116329434 6.847700912549027e-12
133.46922552257703 4.269309664656069e-12
133.57357988185973 1.2203091954210732e-11
133.67793424114242 7.306256701811022e-12
133.78228860042515 6.304800129096796e-12
133.88664295970784 1.0975962055764466e-11
133.99099731899054 9.29080402660809e-12
134.09535167827323 9.278462360520028e-12
134.19970603755596 9.716585266673508e-12
134.30406039683865 1.3239945330358323e-11
134.40841475612135 1.2781673659910281e-11
134.51276911540404 8.884332287893048e-12
134.61712347468676 1.8903567931313457e-11
134.72147783396946 1.6108447315159838e-11
134.82583219325215 9.22616891526895e-12
134.93018655253485 2.546279123018365e-11
135.03454091181757 1.8419959704968168e-11
135.13889527110027 1.1267362429570052e-11
135.24324963038296 3.1334961750624133e-11
135.34760398966569 1.9710726116036613e-11
135.45195834894838 1.4975695373074343e-11
135.5563127082311 3.4818791109821573e-11
135.6606670675138 2.066150503105815e-11
135.7650214267965 2.0169626916762435e-11
135.8693757860792 3.529867023839779e-11
135.9737301453619 2.265353454042572e-11
136.0780845046446 2.6193841311565578e-11
136.1824388639273 3.383569346942078e-11
136.28679322321 2.7094061000037568e-11
136.3911475824927 3.158970357850969e-11
136.49550194177542 3.20287294186335e-11
136.5998563010581 3.422721663420766e-11
136.7042106603408 3.507932888119807e-11
136.8085650196235 3.147105346603713e-11
136.91291937890622 4.301619563660987e-11
137.01727373818892 3.6296542944357255e-11
137.1216280974716 3.3785540820090884e-11
137.2259824567543 5.1311478152954105e-11
137.33033681603703 3.6057560865019585e-11
137.43469117531973 3.9442674986637506e-11
137.53904553460242 5.72695277348119e-11
137.64339989388515 3.5839871744247005e-11
137.74775425316784 4.7229749873976e-11
137.85210861245056 5.998526233958406e-11
137.95646297173326 3.7529557122524e-11
138.06081733101595 5.481078349626895e-11
138.16517169029865 5.970606481988697e-11
138.26952604958137 4.244451518703695e-11
138.37388040886407 5.973781682777472e-11
138.47823476814676 5.819423694711942e-11
138.58258912742946 5.033410644593138e-11
138.68694348671218 6.0924868226425e-11
138.79129784599488 5.776106165190094e-11
138.89565220527757 5.967309263703013e-11
139.00000656456027 5.854790060003976e-11
139.104360923843 6.023842056990218e-11
139.20871528312568 6.802582540095044e-11
139.31306964240838 5.4077149598863006e-11
139.41742400169107 6.548208234913708e-11
139.5217783609738 7.317410674600528e-11
139.6261327202565 4.9892575451211187e-11
139.7304870795392 7.157814378223859e-11
139.8348414388219 7.39638472511151e-11
139.9391957981046 4.830935645918398e-11
140.04355015738733 7.647417545907421e-11
140.14790451667002 7.091540893781372e-11
140.25225887595272 5.021408541256306e-11
140.35661323523541 7.805870911417623e-11
140.46096759451814 6.661206328263738e-11
140.56532195380083 5.4532001409199706e-11
140.66967631308353 7.508051937260418e-11
140.77403067236622 6.362400285411224e-11
140.87838503164892 5.962788350457428e-11
140.98273939093164 6.85183934760349e-11
141.08709375021434 6.384311957740878e-11
141.19144810949703 6.374387765005383e-11
141.29580246877973 6.118188943755122e-11
141.40015682806245 6.758472724805369e-11
141.50451118734514 6.497489842503115e-11
141.60886554662784 5.5545742954928237e-11
141.71321990591053 7.280138553943039e-11
141.81757426519326 6.247151972628201e-11
141.92192862447595 5.28337197165491e-11
142.02628298375865 7.690538327784117e-11
142.13063734304137 5.712281898713165e-11
142.23499170232407 5.331501243274676e-11
142.3393460616068 7.796954207226703e-11
142.44370042088948 5.1376690541440347e-11
142.54805478017218 5.552707131026796e-11
142.65240913945487 7.501758706216614e-11
142.7567634987376 4.7270854653827135e-11
142.8611178580203 5.6917973036681164e-11
142.965472217303 6.826947945229737e-11
143.06982657658568 4.562183366320923e-11
143.1741809358684 5.5596641835129e-11
143.2785352951511 5.970636506436572e-11
143.3828896544338 4.641601830372562e-11
143.4872440137165 5.09965860903964e-11
143.59159837299921 5.211773981949906e-11
143.6959527322819 4.831104389712665e-11
143.8003070915646 4.391899579152564e-11
143.9046614508473 4.7222105521408303e-11
144.00901581013002 4.933031931021124e-11
144.11337016941272 3.565274837672195e-11
144.2177245286954 4.522999345760978e-11
144.3220788879781 4.831042405580478e-11
144.42643324726083 2.808200010312402e-11
144.53078760654356 4.482582417741701e-11
144.63514196582625 4.499148970047606e-11
144.73949632510895 2.2909416744396213e-11
144.84385068439164 4.39663008247513e-11
144.94820504367436 3.964327976422233e-11
145.05255940295706 2.0454720811273553e-11
145.15691376223975 4.128895228124556e-11
145.26126812152245 3.345087311629776e-11
145.36562248080517 1.9907121439835036e-11
145.46997684008787 3.6246754348596475e-11
145.57433119937056 2.819083523082963e-11
145.67868555865326 2.014244797126865e-11
145.78303991793595 2.940458862404734e-11
145.88739427721868 2.4764999625086098e-11
145.99174863650137 2.0156037931170684e-11
146.09610299578407 2.2372383788096414e-11
146.20045735506676 2.325937271949102e-11
146.30481171434948 1.916117255165253e-11
146.40916607363218 1.643367209407503e-11
146.51352043291487 2.2957620089780268e-11
146.61787479219757 1.697354486939743e-11
146.7222291514803 1.2254113488505832e-11
146.82658351076302 2.2476798912959057e-11
146.9309378700457 1.3797539563560623e-11
147.0352922293284 9.88879121574248e-12
147.1396465886111 2.1227630065566193e-11
147.24400094789382 1.0329846730714525e-11
147.34835530717652 8.687295847557388e-12
147.4527096664592 1.9222337825323884e-11
147.5570640257419 7.672073478065703e-12
147.66141838502463 7.796015593706274e-12
147.76577274430733 1.6247378086673743e-11
147.87012710359002 6.135387146091853e-12
147.97448146287272 6.7257359571447245e-12
148.07883582215544 1.2608563739257158e-11
148.18319018143814 5.665076140560745e-12
148.28754454072083 5.50255234406761e-12
148.39189890000353 8.996134998466303e-12
148.49625325928625 6.3616599284150876e-12
148.60060761856894 4.7181555017925085e-12
148.70496197785164 6.098112825390985e-12
148.80931633713433 7.95831830470668e-12
148.91367069641706 4.8406308609232466e-12
149.01802505569978 4.421143206197992e-12
149.12237941498248 9.91549109331353e-12
149.22673377426517 5.2816700136673934e-12
149.33108813354787 3.9724140694931545e-12
149.4354424928306 1.20921625149238e-11
149.53979685211328 5.5404121828250234e-12
149.64415121139598 4.481096330473874e-12
149.74850557067867 1.466525566920731e-11
149.8528599299614 5.927288500634571e-12
149.9572142892441 5.460580714510945e-12
150.0615686485268 1.7454595746735794e-11
150.16592300780948 7.26486536732305e-12
150.27027736709218 5.9546207600747016e-12
150.3746317263749 1.8737120389042322e-11
150.4789860856576 1.0533187519061653e-11
150.5833404449403 6.2702794641580624e-12
150.68769480422299 1.667652019291631e-11
150.7920491635057 1.5358794737816046e-11
150.8964035227884 9.119847141024097e-12
151.0007578820711 1.3682450450021714e-11
151.1051122413538 1.97295327033966e-11
151.20946660063652 1.3681067476797764e-11
151.31382095991924 1.3817368574272575e-11
151.41817531920194 2.3363582881604192e-11
151.52252967848463 1.532162271481585e-11
151.62688403776733 1.6984894037045888e-11
151.73123839705005 2.949829020904505e-11
151.83559275633274 1.483449352174593e-11
151.93994711561544 1.9711696603399036e-11
152.04430147489813 3.703280456566102e-11
152.14865583418086 1.6609174162871733e-11
152.25301019346355 2.0980643703257038e-11
152.35736455274625 3.9339356576072954e-11
152.46171891202894 2.0506523859521825e-11
152.56607327131167 2.4104227977058292e-11
152.67042763059436 3.6473272106700883e-11
152.77478198987706 2.3850093560203962e-11
152.87913634915975 2.9847183730424186e-11
152.98349070844247 3.4822622762918234e-11
153.08784506772517 2.666446982125658e-11
153.19219942700786 3.344402262211606e-11
153.29655378629056 3.659731834568804e-11
153.40090814557328 3.127620713346771e-11
153.505262504856 3.2725774042108446e-11
153.6096168641387 4.038418469987911e-11
153.7139712234214 3.834780562437825e-11
153.8183255827041 3.017838454923407e-11
153.92267994198681 4.519433917749974e-11
154.0270343012695 4.613245378750324e-11
154.1313886605522 2.8355171319615115e-11
154.2357430198349 4.9804697833646136e-11
154.34009737911762 5.202465232380933e-11
154.44445173840032 2.9063330620700338e-11
154.548806097683 5.2902607376039414e-11
154.6531604569657 5.4040102945441167e-11
154.7575148162484 3.280981013981291e-11
154.86186917553113 5.458576314028329e-11
154.96622353481382 5.312374108037359e-11
155.07057789409652 3.860002232166052e-11
155.1749322533792 5.4817991673427545e-11
155.27928661266193 5.175506816426442e-11
155.38364097194463 4.484829895905012e-11
155.48799533122732 5.300117648249344e-11
155.59234969051002 5.183868884002881e-11
155.69670404979274 5.010153726572498e-11
155.80105840907547 4.981153901770941e-11
155.90541276835816 5.4112931117659094e-11
156.00976712764086 5.323721507206844e-11
156.11412148692355 4.668034029420867e-11
156.21847584620627 5.800723300686359e-11
156.32283020548897 5.375537053006288e-11
156.42718456477166 4.455907054266637e-11
156.53153892405436 6.128507608553167e-11
156.63589328333708 5.183240745517358e-11
156.74024764261978 4.4648730859546806e-11
156.84460200190247 6.259663975186758e-11
156.94895636118517 4.8453120802387763e-11
157.0533107204679 4.6738681288012934e-11
157.1576650797506 6.2050524526167e-11
157.26201943903328 4.588653186158575e-11
157.36637379831598 4.9109389200582453e-11
157.4707281575987 5.893234110499185e-11
157.5750825168814 4.531723111016356e-11
157.6794368761641 5.034887219074771e-11
157.78379123544678 5.396238955743054e-11
157.8881455947295 4.6723841787170974e-11
157.9924999540122 4.980757522156777e-11
158.09685431329493 4.9457458538104934e-11
158.20120867257762 4.9530969344450905e-11
158.30556303186032 4.7145709926642546e-11
158.40991739114304 4.6827885887664636e-11
158.51427175042573 5.2489864553065304e-11
158.61862610970843 4.243145515090365e-11
158.72298046899112 4.560491615790527e-11
158.82733482827385 5.400774308217491e-11
158.93168918755654 3.7367998118720655e-11
159.03604354683924 4.5074718697040095e-11
159.14039790612193 5.3053916699970134e-11
159.24475226540463 3.383667901111381e-11
159.34910662468735 4.4303194372271834e-11
159.45346098397005 4.922195915240547e-11
159.55781534325274 3.2364740368321595e-11
159.66216970253544 4.239094544960424e-11
159.76652406181816 4.305059316911005e-11
159.87087842110085 3.1934655702249837e-11
159.97523278038355 3.8981507284703665e-11
160.07958713966624 3.707729557980176e-11
160.18394149894897 3.2057593613798895e-11
160.28829585823166 3.404298890351569e-11
160.3926502175144 3.288448234692752e-11
160.49700457679708 3.224262663308357e-11
160.60135893607978 2.8209712233179223e-11
160.7057132953625 3.0298785983341705e-11
160.8100676546452 3.1492923299737807e-11
160.9144220139279 2.2859072695397583e-11
161.01877637321059 2.8627025963580163e-11
161.1231307324933 2.883784752459081e-11
161.227485091776 1.899273930871574e-11
161.3318394510587 2.7571617856797014e-11
161.4361938103414 2.480695419861088e-11
161.54054816962412 1.67261394481167e-11
161.6449025289068 2.638639494965614e-11
161.7492568881895 2.0419774768588787e-11
161.8536112474722 1.5487411298204144e-11
161.95796560675493 2.4208803170710116e-11
162.06231996603762 1.6651953802557338e-11
162.16667432532032 1.4576155122635452e-11
162.271028684603 2.0727209960294708e-11
162.37538304388573 1.4165045053045602e-11
162.47973740316843 1.3658299654617015e-11
162.58409176245115 1.6505565311325032e-11
162.68844612173385 1.2916218306276921e-11
162.79280048101654 1.2483221640890545e-11
162.89715484029927 1.243022178096463e-11
163.00150919958196 1.2426083357732215e-11
163.10586355886466 1.0871660915089837e-11
163.21021791814735 9.185251218275103e-12
163.31457227743007 1.2230167527894247e-11
163.41892663671277 8.977313849042874e-12
163.52328099599546 6.94766703723616e-12
163.62763535527816 1.1903697775763538e-11
163.73198971456088 7.238324069290577e-12
163.83634407384358 5.680468845948404e-12
163.94069843312627 1.1106737817961343e-11
164.04505279240897 5.840913065247685e-12
164.14940715169166 5.0554561985170855e-12
164.25376151097439 9.796908000973569e-12
164.35811587025708 4.917742916408283e-12
164.46247022953978 4.808221751494409e-12
164.56682458882247 8.15222455449179e-12
164.6711789481052 4.501297016933995e-12
164.7755333073879 4.8804252146999956e-12
164.8798876666706 6.529763269350562e-12
164.9842420259533 4.710513096908457e-12
165.088596385236 5.328153192525971e-12
165.19295074451873 5.304636680840024e-12
165.29730510380142 5.609675488959259e-12
165.40165946308412 6.042689932930902e-12
165.5060138223668 4.589249052026995e-12
165.61036818164953 7.102411653865776e-12
165.71472254093223 6.844134787759113e-12
165.81907690021492 4.470199477396821e-12
165.92343125949762 8.983509026758806e-12
166.02778561878034 7.524316433939304e-12
166.13213997806304 5.088519101651717e-12
166.23649433734573 1.1137405715147698e-11
166.34084869662843 8.21802895576758e-12
166.44520305591115 6.547498357094893e-12
166.54955741519385 1.3156087755367854e-11
166.65391177447654 9.06750355530137e-12
166.75826613375924 8.709015198430646e-12
166.86262049304196 1.455175528197926e-11
166.96697485232465 1.029236396030578e-11
167.07132921160735 1.130854079396875e-11
167.17568357089007 1.540103380668584e-11
167.28003793017277 1.2438484412370902e-11
167.3843922894555 1.4025112890382698e-11
167.48874664873819 1.605460821887031e-11
167.59310100802088 1.5922358204206313e-11
167.69745536730358 1.6391589432772777e-11
167.8018097265863 1.6725773764888177e-11
167.906164085869 2.025134573379361e-11
168.0105184451517 1.7916311679111507e-11
168.11487280443438 1.7790786435751285e-11
168.2192271637171 2.4687333628954898e-11
168.3235815229998 1.8867523071221443e-11
168.4279358822825 1.9972759082025514e-11
168.5322902415652 2.865676903187704e-11
168.6366446008479 1.975480961918425e-11
168.7409989601306 2.3231499113608914e-11
168.8453533194133 3.1310458730442395e-11
168.949707678696 2.0857360294797167e-11
169.0540620379787 2.66689819096244e-11
169.15841639726142 3.2238739212383895e-11
169.2627707565441 2.2748943176076447e-11
169.3671251158268 2.973976084161965e-11
169.47147947510953 3.237464358411582e-11
169.57583383439223 2.62371143320742e-11
169.68018819367495 3.2149279390866185e-11
169.78454255295765 3.274491403728649e-11
169.88889691224034 3.076519317288068e-11
169.99325127152304 3.311783678182152e-11
170.09760563080576 3.3804769860431375e-11
170.20195999008845 3.5196947286187374e-11
170.30631434937115 3.27860406723093e-11
170.41066870865384 3.626217855518639e-11
170.51502306793657 3.9182638876694796e-11
170.61937742721926 3.2442473429390354e-11
170.72373178650196 4.0203242758884133e-11
170.82808614578465 4.201523657567217e-11
170.93244050506738 3.2774622911626343e-11
171.03679486435007 4.416081000594983e-11
171.14114922363277 4.272669904032008e-11
171.24550358291546 3.389367587197507e-11
171.34985794219818 4.695928833453513e-11
171.45421230148088 4.223222103632501e-11
171.55856666076357 3.637006076281756e-11
171.6629210200463 4.831280130200622e-11
171.767275379329 4.197440110736132e-11
171.87162973861172 3.9771815134702217e-11
171.9759840978944 4.755935863343335e-11
172.0803384571771 4.214788542995436e-11
172.1846928164598 4.2563533115258536e-11
172.28904717574252 4.4869834160011844e-11
172.39340153502522 4.310105286738184e-11
172.49775589430791 4.407208515254773e-11
172.6021102535906 4.2037006061645204e-11
172.70646461287333 4.5373101348315294e-11
172.81081897215603 4.421722351245304e-11
172.91517333143872 4.0183402494274056e-11
173.01952769072142 4.77327638622871e-11
173.1238820500041 4.247312377572981e-11
173.22823640928684 3.924157329549991e-11
173.33259076856953 4.875023908015816e-11
173.43694512785223 3.960670234916332e-11
173.54129948713492 3.952981058642138e-11
173.64565384641764 4.8457447074683636e-11
173.75000820570034 3.738868303798717e-11
173.85436256498303 4.071904549154649e-11
173.95871692426576 4.6661488361877175e-11
174.06307128354848 3.633255715295086e-11
174.16742564283118 4.1201079222465986e-11
174.27178000211387 4.317126339521452e-11
174.37613436139657 3.6261059137254095e-11
174.48048872067926 4.02317700000541e-11
174.58484307996198 3.9493992685292604e-11
174.68919743924468 3.736673217217582e-11
174.79355179852737 3.8154342520470944e-11
174.89790615781007 3.686655746282681e-11
175.0022605170928 3.87165818318146e-11
175.1066148763755 3.484472760515455e-11
175.21096923565818 3.506450358310475e-11
175.31532359494088 3.877126646523133e-11
175.4196779542236 3.0753892336022254e-11
175.5240323135063 3.4017250552486266e-11
175.628386672789 3.7290613722125986e-11
175.7327410320717 2.7270464686975065e-11
175.8370953913544 3.352261386223754e-11
175.9414497506371 3.458948276889564e-11
176.0458041099198 2.4873757911687072e-11
176.1501584692025 3.228256142377766e-11
176.25451282848522 3.066356969152081e-11
176.35886718776794 2.325177547568171e-11
176.46322154705064 2.962915955752726e-11
176.56757590633333 2.6454719107314765e-11
176.67193026561603 2.2417690956172003e-11
176.77628462489875 2.6152298114211945e-11
176.88063898418145 2.319512304545548e-11
176.98499334346414 2.1870914453661205e-11
177.08934770274684 2.21521347341336e-11
177.19370206202956 2.1001079865788532e-11
177.29805642131225 2.065334733324759e-11
177.40241078059495 1.7952397185670425e-11
177.50676513987764 1.9604694952062878e-11
177.61111949916037 1.8659662728937217e-11
177.71547385844306 1.4533571403766548e-11
177.81982821772576 1.8847242927688326e-11
177.92418257700845 1.6281297332333056e-11
178.02853693629115 1.22616049529778e-11
178.13289129557387 1.803915447391385e-11
178.23724565485657 1.3597316780344032e-11
178.34160001413926 1.0720356745030291e-11
178.44595437342196 1.6508411693889255e-11
178.5503087327047 1.1017074928476908e-11
178.6546630919874 9.688137489606007e-12
178.7590174512701 1.4373723247625136e-11
178.8633718105528 9.163857948605973e-12
178.9677261698355 8.93234175275773e-12
179.0720805291182 1.1919677739683343e-11
179.1764348884009 8.098768883874044e-12
179.2807892476836 8.028879416043518e-12
179.3851436069663 9.258425299988949e-12
179.48949796624902 7.561240237505495e-12
179.5938523255317 6.991670826794895e-12
179.6982066848144 6.895880546912416e-12
179.8025610440971 7.415874544804202e-12
179.90691540337983 6.109719364229102e-12
180.01126976266252 5.312624528513229e-12
180.11562412194522 7.438743164276527e-12
180.2199784812279 5.3385403704044376e-12
180.32433284051064 4.434202507285507e-12
180.42868719979333 7.371801574395257e-12
180.53304155907603 4.62532009331988e-12
180.63739591835872 4.062869322088877e-12
180.74175027764144 7.206836498757603e-12
180.84610463692417 4.153205353452729e-12
180.95045899620686 4.1596610753204354e-12
181.05481335548956 7.028036714924074e-12
181.15916771477225 4.074475592242648e-12
181.26352207405498 4.648256483199425e-12
181.36787643333767 6.784771560216273e-12
181.47223079262037 4.4124013387150625e-12
181.57658515190306 5.372937246879423e-12
181.68093951118578 6.466157264508387e-12
181.78529387046848 5.228417204706383e-12
181.88964822975117 6.297662434130324e-12
181.99400258903387 6.3107549549502656e-12
182.0983569483166 6.68455645730391e-12
182.2027113075993 7.365155857476044e-12
182.30706566688198 6.573748101526075e-12
182.41142002616468 8.738115370585832e-12
182.51577438544737 8.314236303897846e-12
182.6201287447301 7.316623650696484e-12
182.7244831040128 1.1117049895487414e-11
182.82883746329549 9.088726238770247e-12
182.93319182257818 8.64525568929332e-12
183.03754618186093 1.3553307435715068e-11
183.14190054114363 1.0024419175710311e-11
183.24625490042632 1.0624220581830241e-11
183.35060925970902 1.560286916812354e-11
183.4549636189917 1.1386702688529206e-11
183.55931797827444 1.3038373446702319e-11
183.66367233755713 1.6880396520214126e-11
183.76802669683983 1.3296030573180882e-11
183.87238105612252 1.556899015796292e-11
183.97673541540524 1.7588653582456636e-11
184.08108977468794 1.594995251121544e-11
184.18544413397063 1.7881723445350597e-11
184.28979849325333 1.8310746167194848e-11
184.39415285253605 1.9342779145649732e-11
184.49850721181875 1.9581919472816397e-11
184.60286157110144 1.9389018573075532e-11
184.70721593038414 2.291112537228292e-11
184.81157028966686 2.0524317907120518e-11
184.91592464894956 2.1092079298081952e-11
185.02027900823225 2.60734768137579e-11
185.12463336751495 2.1117990934837736e-11
185.22898772679767 2.366718306297995e-11
185.3333420860804 2.8455451784044176e-11
185.4376964453631 2.1849079375741584e-11
185.54205080464578 2.6690030426421498e-11
185.64640516392848 2.982447503618403e-11
185.7507595232112 2.3137049990402637e-11
185.8551138824939 2.939899970890463e-11
185.9594682417766 3.041790744538113e-11
186.0638226010593 2.539455531551097e-11
186.168176960342 3.131156434672278e-11
186.2725313196247 3.087061130203807e-11
186.3768856789074 2.8577559393583075e-11
186.4812400381901 3.217917443247923e-11
186.58559439747282 3.179101822719472e-11
186.6899487567555 3.204159024477166e-11
186.7943031160382 3.2039381298351973e-11
186.8986574753209 3.351374583006192e-11
187.0030118346036 3.5066023124081783e-11
187.10736619388632 3.1480441728973556e-11
187.21172055316902 3.608079008941811e-11
187.3160749124517 3.712377002906009e-11
187.4204292717344 3.1201074713778906e-11
187.52478363101713 3.892280547663347e-11
187.62913799029985 3.788923424586752e-11
187.73349234958255 3.1553978538546096e-11
187.83784670886524 4.110335643557759e-11
187.94220106814797 3.7630379592236964e-11
188.04655542743066 3.2705828700163196e-11
188.15090978671336 4.199924239462532e-11
188.25526414599605 3.704763174315849e-11
188.35961850527875 3.443785856318211e-11
188.46397286456147 4.135982353791361e-11
188.56832722384416 3.673619873062965e-11
188.67268158312686 3.60331245455945e-11
188.77703594240955 3.946673032719333e-11
188.88139030169228 3.707504919902162e-11
188.98574466097497 3.675919644105918e-11
189.09009902025767 3.7141616068322265e-11
189.19445337954036 3.818467783550014e-11
189.2988077388231 3.622369653482517e-11
189.40316209810578 3.5134945592806286e-11
189.50751645738848 3.968563794134542e-11
189.61187081667117 3.449843296704804e-11
189.7162251759539 3.378037564507443e-11
189.8205795352366 4.078113682433914e-11
189.9249338945193 3.223653002627606e-11
190.029288253802 3.3138400669298835e-11
190.1336426130847 4.0736421638752464e-11
190.23799697236743 3.023492707933072e-11
190.34235133165012 3.301197652406091e-11
190.44670569093282 3.9188103519320816e-11
190.5510600502155 2.884489768968596e-11
190.65541440949823 3.2907744692861315e-11
190.75976876878093 3.655094226377173e-11
190.86412312806362 2.802220346956236e-11
190.96847748734632 3.21253274673292e-11
191.07283184662904 3.3885518142092604e-11
191.17718620591174 2.769824738660738e-11
191.28154056519443 2.9995442313050075e-11
191.38589492447713 3.1847755002932253e-11
191.49024928375985 2.7821882666368825e-11
191.59460364304255 2.6535125307327324e-11
191.69895800232524 3.031973320953172e-11
191.80331236160794 2.7978293159232753e-11
191.90766672089063 2.2721263571956224e-11
192.01202108017335 2.9007258305190612e-11
192.11637543945605 2.7367209236852415e-11
192.22072979873877 1.952012286786956e-11
192.32508415802147 2.7769406266740158e-11
192.4294385173042 2.5471267397360863e-11
192.5337928765869 1.715265176462505e-11
192.63814723586958 2.6439609793601683e-11
192.74250159515228 2.2615174476461033e-11
192.84685595443497 1.5409784996598915e-11
192.9512103137177 2.469898753032603e-11
193.0555646730004 1.966488014709502e-11
193.15991903228309 1.402024134354976e-11
193.26427339156578 2.2249137197841104e-11
193.3686277508485 1.727057085635698e-11
193.4729821101312 1.2747211033819697e-11
193.5773364694139 1.9129376433817933e-11
193.6816908286966 1.563995386673915e-11
193.7860451879793 1.1390577661806754e-11
193.890399547262 1.5830694577043918e-11
193.9947539065447 1.4733824446946776e-11
194.0991082658274 9.833655523057867e-12
194.20346262511012 1.2933201047033726e-11
194.30781698439282 1.4372636218662039e-11
194.41217134367554 8.110944472843379e-12
194.51652570295823 1.0694308678611802e-11
194.62088006224093 1.4261737159691053e-11
194.72523442152365 6.4357067222919415e-12
194.82958878080635 9.058367087433848e-12
194.93394314008904 1.4050858835076057e-11
195.03829749937174 5.091099795949742e-12
195.14265185865446 7.783552054237725e-12
195.24700621793716 1.3440838254234835e-11
195.35136057721985 4.217924630144516e-12
195.45571493650255 6.608139619715216e-12
195.56006929578527 1.2331218721489379e-11
195.66442365506796 3.8042152979016676e-12
195.76877801435066 5.394883852620982e-12
195.87313237363335 1.0900824549681503e-11
195.97748673291608 3.827586513746443e-12
196.08184109219877 4.155168044324267e-12
196.18619545148147 9.473084597941586e-12
196.29054981076416 4.304646445511443e-12
196.39490417004686 3.01000804638894e-12
196.49925852932958 8.315353220187315e-12
196.60361288861228 5.266214036097544e-12
196.707967247895 2.1094012732177055e-12
196.8123216071777 7.578122885779996e-12
196.91667596646042 6.700733260333573e-12
197.0210303257431 1.5680166400524486e-12
197.1253846850258 7.282299848530584e-12
197.2297390443085 8.507642729262803e-12
197.3340934035912 1.416565265488764e-12
197.43844776287392 7.332468443922247e-12
197.54280212215662 1.04799128922784e-11
197.6471564814393 1.6137529761763344e-12
197.751510840722 7.543571093251427e-12
197.85586520000473 1.2362532260418556e-11
197.96021955928742 2.1459521862672143e-12
198.06457391857012 7.684813863314023e-12
198.1689282778528 1.3988962626510816e-11
198.27328263713554 3.1243293540564674e-12
198.37763699641823 7.551324661428634e-12
198.48199135570093 1.53353774433473e-11
198.58634571498362 4.804524314052269e-12
198.69070007426635 7.0639548655585585e-12
198.79505443354904 1.6512081645646724e-11
198.89940879283174 7.44232050101369e-12
199.00376315211446 6.394437158308274e-12
199.10811751139715 1.7718568723916834e-11
199.21247187067988 1.1029009939665385e-11
199.31682622996257 5.889096097992178e-12
199.42118058924527 1.9130933743300387e-11
199.52553494852796 1.5134425704254192e-11
199.62988930781069 5.821504445864361e-12
199.73424366709338 2.073797582076947e-11
199.83859802637608 1.9050778554469932e-11
199.94295238565877 6.343906866397434e-12
