0.0 0.0
0.10435435928270291 8.878480969003879e-10
0.20870871856540582 1.4004088925469465e-09
0.3130630778481087 5.021929654227685e-11
0.41741743713081164 3.012337006080831e-07
0.5217717964135146 3.1214526111318198e-06
0.6261261556962174 0.00040902514245440757
0.7304805149789203 0.003652139832786451
0.8348348742616233 0.008811136967367772
0.9391892335443263 0.006752439500559309
1.0435435928270291 0.0011915287398675482
1.1478979521097321 2.4818199515618724e-07
1.2522523113924349 1.1825392902355934e-05
1.3566066706751378 4.07097788464082e-06
1.4609610299578406 5.7180009513215654e-08
1.5653153892405436 1.37754342672123e-06
1.6696697485232466 3.770669839012527e-07
1.7740241078059495 1.1763079819735035e-07
1.8783784670886525 2.918606258591347e-07
1.9827328263713553 1.4638499876397617e-07
2.0870871856540583 4.5784090598036994e-07
2.1914415449367612 2.5325168412072066e-07
2.2957959042194642 2.4870263076679773e-06
2.400150263502167 5.269770843373328e-06
2.5045046227848697 3.869103723798715e-06
2.6088589820675727 3.5295739394006822e-06
2.7132133413502757 2.206325221519689e-06
2.8175677006329787 2.3397868309877097e-07
2.921922059915681 2.8159069779003294e-08
3.026276419198384 5.980000373843617e-08
3.130630778481087 8.232559753934929e-09
3.23498513776379 7.82267153357532e-09
3.339339497046493 3.305050245391168e-08
3.4436938563291957 7.545827794895071e-10
3.548048215611899 6.82448627511346e-09
3.6524025748946016 2.4847107562879e-08
3.756756934177305 9.851555926665085e-10
3.8611112934600076 5.225856053357208e-09
3.9654656527427106 2.611826793994285e-08
4.0698200120254135 1.1728390191088252e-08
4.1741743713081165 1.5270986406942888e-09
4.2785287305908195 1.905230000562966e-08
4.3828830898735225 1.1525594331115115e-08
4.4872374491562255 5.083490012644752e-09
4.5915918084389284 4.16494032008869e-09
4.6959461677216305 6.28764873022636e-09
4.800300527004334 8.444232614746199e-09
4.9046548862870365 4.1276768380770294e-10
5.0090092455697395 7.024707929130123e-09
5.1133636048524425 5.125095087990768e-09
5.217717964135145 1.949561538375045e-10
5.322072323417848 4.7096891973717914e-09
5.426426682700551 5.510598888348413e-09
5.530781041983254 1.956261653937866e-09
5.635135401265957 5.249071886053694e-09
5.73948976054866 1.7936743701480292e-09
5.843844119831362 2.160651209270763e-09
5.948198479114066 5.1338544356430965e-09
6.052552838396768 3.9412057787685834e-10
6.156907197679472 3.472190344976105e-09
6.261261556962174 3.0965976055965707e-09
6.365615916244878 6.864176721383374e-11
6.46997027552758 5.658538992408461e-09
6.574324634810284 1.4279720799680129e-09
6.678678994092986 1.6547083921030555e-10
6.783033353375689 5.3564055235878306e-09
6.887387712658391 4.786486101216337e-10
6.991742071941095 3.0958770117084335e-10
7.096096431223798 6.366775719709513e-09
7.200450790506501 2.5696209404370723e-10
7.304805149789203 1.626339143151346e-09
7.409159509071906 3.752963726413652e-09
7.51351386835461 4.2855741314395575e-11
7.617868227637313 2.153335066621969e-09
7.722222586920015 2.874336750848118e-09
7.826576946202718 2.542618903631593e-10
7.930931305485421 2.4977519472822247e-09
8.035285664768125 1.8480086715908906e-09
8.139640024050827 8.801163858807189e-10
8.24399438333353 2.651405986043531e-09
8.348348742616233 5.985673083938076e-10
8.452703101898935 1.0214987258327993e-09
8.557057461181639 2.47697113472183e-09
8.661411820464341 1.8242724802559607e-10
8.765766179747045 1.491224336194243e-09
8.870120539029747 2.6779267690402e-09
8.974474898312451 4.717252660440467e-10
9.078829257595153 8.974010752492753e-10
9.183183616877857 2.415973766622729e-09
9.287537976160559 1.3211622315396613e-09
9.391892335443261 7.735082734927782e-10
9.496246694725965 1.7978960303564417e-09
9.600601054008669 2.9810524170093746e-09
9.704955413291371 3.7909847299286335e-10
9.809309772574073 1.6577565718637327e-09
9.913664131856777 5.941066997905716e-09
10.018018491139479 7.416635294737502e-11
10.122372850422183 2.145526072062326e-09
10.226727209704885 9.54123645201924e-09
10.331081568987589 3.6867597574533385e-10
10.43543592827029 2.198295500413429e-09
10.539790287552993 1.3778197187030552e-08
10.644144646835697 2.0275226690422652e-09
10.7484990061184 2.4974210186770684e-09
10.852853365401103 1.5748981715278744e-08
10.957207724683805 3.450766604910515e-09
11.061562083966509 2.0871132220471154e-09
11.165916443249213 1.596213835170604e-08
11.270270802531915 5.292521389300331e-09
11.374625161814617 2.5167547217127233e-09
11.47897952109732 1.7980431353604298e-08
11.583333880380025 1.1029705946294115e-08
11.687688239662725 6.05978527964494e-09
11.792042598945429 2.4586163255017574e-08
11.896396958228133 2.2036563311548228e-08
12.000751317510835 1.2847157461492363e-08
12.105105676793537 3.4900672431173245e-08
12.20946003607624 4.051825842127522e-08
12.313814395358945 2.3898958657996274e-08
12.418168754641647 4.2718980794594435e-08
12.522523113924349 5.118804513861688e-08
12.626877473207053 2.7116585393608628e-08
12.731231832489756 3.5312550798320766e-08
12.835586191772459 4.458427872684209e-08
12.93994055105516 1.9951645698358963e-08
13.044294910337864 1.7772569925762547e-08
13.148649269620568 2.7424106045479947e-08
13.253003628903269 9.761654062183366e-09
13.357357988185973 7.509775846981214e-09
13.461712347468676 2.9649611520334645e-08
13.566066706751378 2.435508155423117e-08
13.67042106603408 3.216930090053392e-08
13.774775425316783 8.759274903448623e-08
13.879129784599488 8.75142079841542e-08
13.98348414388219 8.480826463882384e-08
14.087838503164894 1.5582135800764834e-07
14.192192862447596 1.4690400926107097e-07
14.296547221730298 1.2197106407461685e-07
14.400901581013002 1.9014644530061336e-07
14.505255940295704 1.7192065004630832e-07
14.609610299578407 1.204270460641828e-07
14.71396465886111 1.395238065801878e-07
14.818319018143812 9.932951758349557e-08
14.922673377426518 6.031084854363275e-08
15.02702773670922 4.717554944612675e-08
15.131382095991922 2.757562620792383e-08
15.235736455274626 4.671551506215053e-08
15.340090814557328 4.546252225395896e-08
15.44444517384003 7.942980409026259e-08
15.548799533122734 1.1840181386323015e-07
15.653153892405436 1.1648729857432882e-07
15.757508251688138 2.0930760006225193e-07
15.861862610970842 2.6699703759622214e-07
15.966216970253544 2.39345111237793e-07
16.07057132953625 3.441658579720597e-07
16.174925688818952 3.603430969868322e-07
16.279280048101654 2.546998976532398e-07
16.38363440738436 2.2004427090898643e-07
16.48798876666706 2.690835719098303e-07
16.59234312594976 3.449052761816154e-07
16.696697485232466 2.6182378365809596e-07
16.801051844515168 3.5866069725311483e-07
16.90540620379787 7.544945956113987e-07
17.009760563080576 6.560336497736296e-07
17.114114922363278 5.926456049935733e-07
17.21846928164598 1.2777895091356684e-06
17.322823640928682 1.433544411569193e-06
17.427178000211384 1.07475290555898e-06
17.53153235949409 1.3435058445652979e-06
17.635886718776792 1.2069906493314289e-06
17.740241078059494 4.0270755032618687e-07
17.8445954373422 6.372081375140092e-07
17.948949796624902 1.090023491098376e-06
18.053304155907604 4.77685482096009e-07
18.157658515190306 2.0349799939005394e-07
18.262012874473008 1.4936384786393722e-07
18.366367233755714 3.2429248592176104e-08
18.470721593038416 7.101917414912111e-07
18.575075952321118 4.691959990534028e-07
18.679430311603824 3.24306263163667e-07
18.783784670886522 2.98439220665785e-06
18.888139030169224 4.0577634917819285e-06
18.99249338945193 3.496652111281655e-06
19.096847748734632 4.621304598310237e-06
19.201202108017338 1.5664877977513583e-06
19.30555646730004 8.504050471005258e-07
19.409910826582742 8.310380641243904e-06
19.514265185865444 9.826245581811067e-06
19.618619545148146 3.025506224559437e-06
19.722973904430848 2.196896265019852e-06
19.827328263713554 9.88798390123722e-07
19.931682622996256 2.8754733005787005e-06
20.036036982278958 1.2907155827562364e-05
20.140391341561664 1.5503892364276708e-05
20.244745700844366 7.308211681235966e-06
20.349100060127068 2.243892008304968e-05
20.45345441940977 2.8182791509643776e-05
20.557808778692472 6.830414525422681e-06
20.662163137975178 1.1997241507555101e-05
20.76651749725788 3.597847757638795e-05
20.87087185654058 2.8850807393410084e-05
20.975226215823287 4.450785648643059e-06
21.079580575105986 8.031165171754483e-06
21.18393493438869 1.9219862300561318e-05
21.288289293671394 2.0701665790905677e-05
21.392643652954096 1.8233738882668635e-05
21.4969980122368 1.1378184264528769e-05
21.601352371519503 8.837916736555564e-06
21.705706730802206 1.7781596192642894e-05
21.810061090084908 1.9530054406182617e-05
21.91441544936761 8.537829233540874e-06
22.018769808650312 1.2448491206925416e-05
22.123124167933018 3.393058444010152e-05
22.22747852721572 3.822563312017085e-05
22.331832886498425 2.36970561946875e-05
22.436187245781127 2.563135909956597e-05
22.54054160506383 3.924422298611542e-05
22.64489596434653 2.931964959089434e-05
22.749250323629234 8.755595327089847e-06
22.853604682911936 1.0987202614430457e-05
22.95795904219464 2.2091216999581592e-05
23.062313401477343 1.8906406758557112e-05
23.16666776076005 8.511587069161436e-06
23.27102212004275 5.2459674596251375e-06
23.37537647932545 9.447116783368545e-06
23.479730838608155 1.383396870356092e-05
23.584085197890857 9.8846411007891e-06
23.68843955717356 7.741837844667878e-06
23.792793916456265 2.3165884873470656e-05
23.897148275738967 4.082736912051043e-05
24.00150263502167 3.517371245375207e-05
24.10585699430437 1.5450982858461955e-05
24.210211353587074 4.851008027812267e-06
24.31456571286978 8.71628355807179e-06
24.41892007215248 1.4818977219034326e-05
24.523274431435183 1.586142852779531e-05
24.62762879071789 1.5907313441537115e-05
24.73198315000059 1.924580340441943e-05
24.836337509283293 2.4369319223809953e-05
24.940691868565995 2.8902532766260276e-05
25.045046227848697 3.452684352613903e-05
25.1494005871314 4.583943765315386e-05
25.253754946414105 6.694812430138071e-05
25.358109305696807 9.960833214810985e-05
25.462463664979513 0.00013164999532752563
25.566818024262215 0.00014610718525872587
25.671172383544917 0.0001534876121223111
25.77552674282762 0.00017729167997554296
25.87988110211032 0.00020898039749980916
25.984235461393023 0.0002151821356207841
26.08858982067573 0.00018147496973438442
26.19294417995843 0.00014020438824357545
26.297298539241137 0.00014171800400697147
26.401652898523835 0.0001733380378345893
26.506007257806537 0.00017009413180038644
26.610361617089243 0.0001212548311103129
26.714715976371945 8.657747014805111e-05
26.819070335654647 9.838038668211862e-05
26.923424694937353 0.00011614193809778871
27.027779054220055 9.289523063012793e-05
27.132133413502757 5.2774825308737184e-05
27.23648777278546 5.2851113265304565e-05
27.34084213206816 8.469648924638225e-05
27.445196491350863 9.036947052487364e-05
27.549550850633565 5.610589138924283e-05
27.653905209916275 2.7691304521848062e-05
27.758259569198977 3.547713923560636e-05
27.86261392848168 5.234694006472188e-05
27.96696828776438 4.544720642818821e-05
28.07132264704708 3.485819984837306e-05
28.17567700632979 5.200717632303622e-05
28.28003136561249 9.101136649268657e-05
28.384385724895193 0.00014140818155637205
28.488740084177895 0.00021826371708363738
28.593094443460597 0.0003335396672531664
28.6974488027433 0.00046324034756241875
28.801803162026005 0.0005688427054523909
28.906157521308707 0.0006714965794575535
29.01051188059141 0.000850568237177116
29.11486623987411 0.0011160052068895148
29.219220599156813 0.0013669618317329847
29.323574958439522 0.001511489008769656
29.42792931772222 0.0015559433149991602
29.532283677004923 0.00157844291046768
29.636638036287625 0.0016428234302679292
29.740992395570327 0.0017318301507980923
29.845346754853036 0.001797155761340876
29.94970111413574 0.0018330755756554664
30.05405547341844 0.0018484959494764657
30.158409832701143 0.0018381822002460895
30.262764191983845 0.0018180552181468114
30.367118551266543 0.0018352403785639384
30.471472910549252 0.0019276721661226418
30.575827269831954 0.002078596709529684
30.680181629114657 0.002222483495744321
30.78453598839736 0.0023107998584159318
30.88889034768006 0.0023581756026776956
30.993244706962766 0.0024157072642262234
31.09759906624547 0.002503458656659093
31.20195342552817 0.0025835223627897774
31.306307784810873 0.002607326463347455
31.410662144093575 0.002558781560443242
31.515016503376277 0.002454435913108445
31.619370862658986 0.0023415541657410104
31.723725221941685 0.0022680968591866093
31.828079581224387 0.002240411912288936
31.93243394050709 0.0022400059459536884
32.03678829978979 0.002251685772734478
32.1411426590725 0.0022706709396621842
32.2454970183552 0.002327462997851402
32.349851377637904 0.002465809564850837
32.454205736920606 0.0026837611918862584
32.55856009620331 0.0029474715671029814
32.66291445548601 0.003220949205731352
32.76726881476872 0.003464196947677501
32.87162317405142 0.003665539035043807
32.97597753333412 0.0038439580035921133
33.08033189261682 0.004001059490146674
33.18468625189952 0.0041289694769493426
33.28904061118223 0.004227409144044854
33.39339497046493 0.004289363807165965
33.497749329747634 0.004326475173635864
33.602103689030336 0.004377222671466841
33.70645804831304 0.004463071947172247
33.81081240759574 0.00458646925220915
33.91516676687845 0.004752292467647344
34.01952112616115 0.0049603596447340016
34.123875485443854 0.005210289963853875
34.228229844726556 0.00550727388771306
34.33258420400926 0.005838067535586441
34.43693856329196 0.006167854121394904
34.54129292257466 0.006467603033734629
34.645647281857364 0.006716663968556452
34.75000164114007 0.006894169158037944
34.85435600042277 0.00699532220928763
34.95871035970548 0.007033191076497208
35.06306471898818 0.007021786398231857
35.16741907827088 0.006984460896915305
35.271773437553584 0.006953485666213606
35.376127796836286 0.006944665135255864
35.48048215611899 0.006966129581055253
35.5848365154017 0.007034710647677672
35.6891908746844 0.00715689650929789
35.7935452339671 0.007333410873873735
35.897899593249804 0.007574333147222836
36.002253952532506 0.007870184674714144
36.10660831181521 0.00818766105474296
36.21096267109791 0.008498012662673218
36.31531703038061 0.008767131515787101
36.419671389663314 0.008960693976057655
36.524025748946016 0.009074723764370483
36.62838010822872 0.009114199347582392
36.73273446751143 0.009080889242568786
36.83708882679413 0.009001869108276524
36.94144318607683 0.008914257130105496
37.045797545359534 0.00884527133115136
37.150151904642236 0.008827128538501552
37.254506263924945 0.008878624411915174
37.35886062320765 0.008989715293431485
37.46321498249035 0.009154340738919324
37.567569341773044 0.009374484437320777
37.671923701055746 0.009638925565323156
37.77627806033845 0.009932907887808607
37.88063241962116 0.010234154430236774
37.98498677890386 0.010497331897546069
38.08934113818656 0.010682881778305698
38.193695497469264 0.010778745447365514
38.298049856751966 0.010782787098515764
38.402404216034675 0.010704964226861366
38.50675857531738 0.010573244915335634
38.61111293460008 0.010413444831218225
38.71546729388278 0.010253634119335147
38.819821653165484 0.010138709145843037
38.924176012448186 0.010104467773407462
39.02853037173089 0.010158895853076028
39.13288473101359 0.010295203562867748
39.23723909029629 0.010489122265388388
39.341593449578994 0.010702105829412186
39.445947808861696 0.010912084685201936
39.550302168144405 0.011108917998821275
39.65465652742711 0.011270031603642934
39.75901088670981 0.011374697788417919
39.86336524599251 0.011407753349134976
39.967719605275214 0.011348359933772164
40.072073964557916 0.011196796993238476
40.176428323840625 0.010981924059574493
40.28078268312333 0.010733635775010466
40.38513704240603 0.010490490444021198
40.48949140168873 0.0103013561478819
40.59384576097143 0.010194400878820486
40.698200120254135 0.010180634361611249
40.80255447953684 0.01026142908094795
40.90690883881954 0.010407685835939146
41.01126319810224 0.010575551008853594
41.115617557384944 0.010733166115699496
41.21997191666765 0.010849763465711556
41.324326275950355 0.010902141126382721
41.42868063523306 0.010887468869349949
41.53303499451576 0.010801619764319247
41.63738935379846 0.010639318770796036
41.74174371308116 0.010412697642092758
41.84609807236387 0.010140323722350974
41.950452431646575 0.009845807984112923
42.05480679092928 0.009568456982582288
42.15916115021197 0.009345927609375039
42.263515509494674 0.009201154423764223
42.36786986877738 0.009147487280121085
42.472224228060085 0.009180658737220678
42.57657858734279 0.009273038354634725
42.68093294662549 0.009387688893762599
42.78528730590819 0.009486978957304227
42.889641665190894 0.009532616208923528
42.9939960244736 0.009497812275987505
43.098350383756305 0.009375871717209817
43.20270474303901 0.00917095241425348
43.30705910232171 0.008898091130244293
43.41141346160441 0.00858828279135379
43.51576782088712 0.008273760702597128
43.620122180169815 0.00798081305249484
43.72447653945252 0.0077363860832047075
43.82883089873522 0.007555852898641012
43.93318525801792 0.007437581615038992
44.037539617300624 0.007379242083115833
44.14189397658333 0.0073729474099629355
44.246248335866035 0.0073980068147810425
44.35060269514874 0.007435572375856989
44.45495705443144 0.007462110597840888
44.55931141371414 0.00744130964093328
44.66366577299685 0.007346923182285314
44.76802013227955 0.007167723437953375
44.872374491562255 0.006903071847546726
44.97672885084496 0.006579728878104893
45.08108321012766 0.006242129468981794
45.18543756941036 0.005927621450184032
45.28979192869306 0.005668189394719355
45.394146287975765 0.005482843790952328
45.49850064725847 0.00536621958667464
45.60285500654117 0.0053050876459719365
45.70720936582387 0.0052854591017861335
45.81156372510658 0.0052855115413879845
45.91591808438928 0.005284868770055085
46.020272443671985 0.005267386992066828
46.12462680295469 0.005213018243354928
46.22898116223739 0.005106169815992936
46.3333355215201 0.004943133700206887
46.4376898808028 0.004726899970896599
46.5420442400855 0.004469923674413251
46.646398599368204 0.0041962171096419296
46.7507529586509 0.0039315445378642205
46.8551073179336 0.0036981219745537753
46.95946167721631 0.0035146490651659077
47.06381603649901 0.003391190838052782
47.168170395781715 0.0033259445807157584
47.27252475506442 0.0033091795506394895
47.37687911434712 0.0033239417989895225
47.48123347362983 0.00334365779288901
47.58558783291253 0.003339660640112409
47.68994219219523 0.0032902510103265063
47.794296551477935 0.0031825603206584127
47.89865091076064 0.0030193840136547305
48.00300527004334 0.002820760314119498
48.10735962932605 0.00261023870890513
48.21171398860874 0.002407660286095539
48.316068347891445 0.0022284263340446612
48.42042270717415 0.002078354315923626
48.52477706645685 0.0019585836507869754
48.62913142573956 0.0018738331066387754
48.73348578502226 0.001826283038601967
48.83784014430496 0.0018111246958744992
48.942194503587665 0.001818637784317207
49.04654886287037 0.0018307147879672713
49.15090322215307 0.0018251998790239305
49.25525758143578 0.0017882753940179743
49.35961194071848 0.0017145745372593197
49.46396630000118 0.0016050931373393005
49.568320659283884 0.0014699049661911776
49.672675018566586 0.0013221566096252898
49.77702937784929 0.001174122742147379
49.88138373713199 0.0010410496194220914
49.98573809641469 0.0009372556061059649
50.090092455697395 0.0008703721093662908
50.1944468149801 0.000841616119969142
50.2988011742628 0.0008437250518274346
50.40315553354551 0.0008609220017607899
50.50750989282821 0.0008766046606684009
50.61186425211091 0.0008785565603864411
50.716218611393614 0.0008593697859635665
50.82057297067632 0.0008182131223248906
50.924927329959026 0.0007592695911735853
51.02928168924173 0.0006870155826476522
51.13363604852443 0.000606366158544054
51.23799040780713 0.0005238160196158282
51.342344767089834 0.0004459628939246341
51.446699126372536 0.00037959965215775537
51.55105348565524 0.00033122182465582397
51.65540784493794 0.00030402118686812874
51.75976220422064 0.0002966395588419562
51.864116563503345 0.00030433271190963203
51.96847092278605 0.00031984232304003925
52.072825282068756 0.00033454232954235695
52.17717964135146 0.00034115677693053164
52.28153400063416 0.00033488401965612994
52.38588835991686 0.000313028146516011
52.490242719199564 0.00027655184810165053
52.59459707848227 0.00023017238292344347
52.698951437764975 0.00018027816816586925
52.80330579704767 0.0001342042222770156
52.90766015633037 9.853325846747809e-05
53.012014515613075 7.650487595946974e-05
53.11636887489578 6.7956257111775e-05
53.220723234178486 7.030677132214664e-05
53.32507759346119 7.901459728214964e-05
53.42943195274389 8.919680043847795e-05
53.53378631202659 9.730938550979504e-05
53.638140671309294 0.00010074586540699865
53.742495030592 9.803684307441346e-05
53.846849389874706 8.956706266282316e-05
53.95120374915741 7.640156568597062e-05
54.05555810844011 6.0039984585603964e-05
54.15991246772281 4.2882487330554946e-05
54.264266827005514 2.7117793249533064e-05
54.368621186288216 1.4414546965121063e-05
54.47297554557092 6.134287772611029e-06
54.57732990485362 2.703812568632237e-06
54.68168426413632 3.588050484685553e-06
54.786038623419024 7.579089036534649e-06
54.89039298270173 1.2964772201171399e-05
54.99474734198443 1.7920867000315506e-05
55.09910170126713 2.103700601459864e-05
55.20345606054985 2.164890115067002e-05
55.30781041983255 1.976673832949773e-05
55.41216477911525 1.6168367764306108e-05
55.51651913839795 1.2076325218202863e-05
55.620873497680655 8.539292508439896e-06
55.72522785696336 6.325013185930676e-06
55.82958221624606 5.618167980047186e-06
55.93393657552876 6.038163144757999e-06
56.03829093481146 6.954408175812461e-06
56.14264529409416 7.606187165652818e-06
56.24699965337686 7.495083962925746e-06
56.35135401265958 6.484651109562288e-06
56.45570837194228 4.775588787131026e-06
56.56006273122498 2.8915395029994617e-06
56.66441709050768 1.424753103968302e-06
56.768771449790385 9.469429838326722e-07
56.87312580907309 1.8187212913547938e-06
56.97748016835579 4.092473561243064e-06
57.08183452763849 7.535599942775045e-06
57.186188886921194 1.1591544718067195e-05
57.290543246203896 1.5617579722192576e-05
57.3948976054866 1.8830948265692752e-05
57.49925196476931 2.0409686715455456e-05
57.60360632405201 1.997966857503951e-05
57.70796068333471 1.7462758362966174e-05
57.81231504261741 1.3179129157807425e-05
57.916669401900116 8.120028664900022e-06
58.02102376118282 3.510018212352338e-06
58.12537812046552 5.560232214782411e-07
58.22973247974822 2.1800176868063187e-07
58.334086839030924 2.843782611928397e-06
58.438441198313626 8.046292824457382e-06
58.54279555759633 1.4754438164845303e-05
58.647149916879044 2.1467768524369113e-05
58.75150427616175 2.654103845210222e-05
58.85585863544444 2.8765101376542225e-05
58.960212994727144 2.768603505425309e-05
59.064567354009846 2.352781825562025e-05
59.16892171329255 1.735338588309419e-05
59.27327607257525 1.0662535842876928e-05
59.37763043185795 4.8732682726721356e-06
59.481984791140654 1.152864556635052e-06
59.586339150423356 8.998677953265237e-08
59.69069350970607 1.6341762568715618e-06
59.795047868988775 5.172655160069002e-06
59.89940222827148 9.748630166065606e-06
60.00375658755418 1.431873103311292e-05
60.10811094683688 1.787092406784233e-05
60.21246530611958 1.9790862762240145e-05
60.316819665402285 1.9840639810177393e-05
60.42117402468499 1.8009988759057303e-05
60.52552838396769 1.4724709177726626e-05
60.629882743250384 1.06308591969157e-05
60.734237102533086 6.4122213063841246e-06
60.8385914618158 2.852757644582967e-06
60.942945821098505 6.244340560660832e-07
61.04730018038121 1.365658556532676e-07
61.15165453966391 1.4553460044812582e-06
61.25600889894661 4.262322480539269e-06
61.36036325822931 7.89653887611353e-06
61.464717617512015 1.1515169857339967e-05
61.56907197679472 1.4329455086986088e-05
61.67342633607742 1.5653906387289517e-05
61.77778069536012 1.5214519052494689e-05
61.88213505464282 1.3262893965710534e-05
61.98648941392553 1.028099568789649e-05
62.090843773208235 7.034514086001103e-06
62.19519813249094 4.336680967857926e-06
62.29955249177364 2.721887294146248e-06
62.40390685105634 2.423739746514023e-06
62.50826121033904 3.275618202387121e-06
62.612615569621745 4.8615767289778805e-06
62.71696992890445 6.629179410531893e-06
62.82132428818715 8.03636032804112e-06
62.92567864746985 8.758692083497448e-06
63.030033006752554 8.668418739523591e-06
63.13438736603527 7.910795971091656e-06
63.23874172531797 6.774510281045897e-06
63.343096084600674 5.560029685691249e-06
63.44745044388337 4.562451743320648e-06
63.55180480316607 3.908505865577164e-06
63.65615916244877 3.617554817130793e-06
63.760513521731475 3.6085926123132586e-06
63.86486788101418 3.707137971843922e-06
63.96922224029688 3.785250497571818e-06
64.07357659957958 3.739451964498065e-06
64.17793095886229 3.5457749153109777e-06
64.282285318145 3.2520609207100104e-06
64.3866396774277 2.941552990963983e-06
64.4909940367104 2.773165070786945e-06
64.5953483959931 2.8561235092782098e-06
64.69970275527581 3.2479616080537673e-06
64.8040571145585 3.957923998346267e-06
64.90841147384121 4.885816906684325e-06
65.01276583312391 5.874975093140634e-06
65.11712019240662 6.667634899647642e-06
65.22147455168931 7.036845191684727e-06
65.32582891097202 6.886280054689105e-06
65.43018327025473 6.173991102240076e-06
65.53453762953744 5.061146792829937e-06
65.63889198882013 3.873485287818659e-06
65.74324634810284 2.9822102783109147e-06
65.84760070738554 2.7356863004523607e-06
65.95195506666823 3.3021243565570884e-06
66.05630942595094 4.670586830593706e-06
66.16066378523364 6.581979520101463e-06
66.26501814451635 8.580150468929865e-06
66.36937250379904 1.0152450212549513e-05
66.47372686308175 1.0839226370401439e-05
66.57808122236446 1.0466301143033664e-05
66.68243558164717 9.09733478235648e-06
66.78678994092986 7.051560720096558e-06
66.89114430021257 4.894660529775519e-06
66.99549865949527 3.1650318242930493e-06
67.09985301877798 2.2938565931052317e-06
67.20420737806067 2.4619589100442068e-06
67.30856173734338 3.5549568290533383e-06
67.41291609662608 5.229496852826681e-06
67.51727045590879 6.962376421442445e-06
67.62162481519148 8.270803781327641e-06
67.72597917447419 8.786849718461068e-06
67.8303335337569 8.373864331521302e-06
67.9346878930396 7.175348344287772e-06
68.0390422523223 5.476690888490247e-06
68.143396611605 3.683679200559283e-06
68.24775097088771 2.178128326534919e-06
68.3521053301704 1.2234150902271085e-06
68.45645968945311 9.466510900836227e-07
68.5608140487358 1.2879456901211451e-06
68.66516840801852 2.077175664929977e-06
68.76952276730121 3.063411447452626e-06
68.87387712658392 3.996681753710266e-06
68.97823148586663 4.68184231754019e-06
69.08258584514932 4.961896186760588e-06
69.18694020443203 4.818699436146384e-06
69.29129456371473 4.314688746682964e-06
69.39564892299744 3.5420600185121436e-06
69.50000328228013 2.6809926019038413e-06
69.60435764156284 1.9202208450722455e-06
69.70871200084554 1.4298224290984066e-06
69.81306636012825 1.32602799888248e-06
69.91742071941096 1.6328408628718053e-06
70.02177507869366 2.307800067237613e-06
70.12612943797636 3.205747861666032e-06
70.23048379725907 4.133545504502531e-06
70.33483815654176 4.8914561953088664e-06
70.43919251582446 5.33304180432814e-06
70.54354687510717 5.428676763459991e-06
70.64790123438986 5.195991506612182e-06
70.75225559367257 4.768536668893843e-06
70.85660995295527 4.347500245535134e-06
70.96096431223798 4.0840427618086875e-06
71.06531867152069 4.0888033395400615e-06
71.1696730308034 4.357724733171158e-06
71.27402739008609 4.825306777601282e-06
71.3783817493688 5.367697748122201e-06
71.4827361086515 5.826842204422653e-06
71.5870904679342 6.128616598382302e-06
71.6914448272169 6.242523086030703e-06
71.79579918649961 6.227879292557771e-06
71.9001535457823 6.17878692958947e-06
72.00450790506501 6.1744988252564996e-06
72.1088622643477 6.286305226226647e-06
72.21321662363042 6.476158447591987e-06
72.31757098291313 6.678421587660625e-06
72.42192534219582 6.796111172449426e-06
72.52627970147853 6.732365775983082e-06
72.63063406076122 6.479720971182213e-06
72.73498842004393 6.081135413138594e-06
72.83934277932663 5.678718037405421e-06
72.94369713860934 5.4111072441913e-06
73.04805149789203 5.3773750760616e-06
73.15240585717474 5.633952186844942e-06
73.25676021645744 6.1029176009145634e-06
73.36111457574015 6.6366704649321106e-06
73.46546893502286 7.017427664774689e-06
73.56982329430555 7.0767813026725584e-06
73.67417765358826 6.759658270176722e-06
73.77853201287095 6.074387379158989e-06
73.88288637215366 5.180675670805349e-06
73.98724073143636 4.3076440521444456e-06
74.09159509071907 3.6853205433898424e-06
74.19594945000176 3.468314639155255e-06
74.30030380928447 3.6665266797372696e-06
74.40465816856717 4.195938660578137e-06
74.50901252784989 4.848849676484275e-06
74.61336688713259 5.379882143528307e-06
74.7177212464153 5.575337645693356e-06
74.82207560569799 5.3252825448877836e-06
74.9264299649807 4.6887317197224285e-06
75.0307843242634 3.8000230951941133e-06
75.13513868354609 2.882129214949243e-06
75.2394930428288 2.1706342266245444e-06
75.34384740211149 1.8154384683268514e-06
75.4482017613942 1.8688053250860956e-06
75.5525561206769 2.242143493822831e-06
75.65691047995962 2.7736305934033515e-06
75.76126483924232 3.255549136485756e-06
75.86561919852502 3.5009053714906734e-06
75.96997355780772 3.4219154486424566e-06
76.07432791709043 3.017645375479208e-06
76.17868227637312 2.398848042811191e-06
76.28303663565583 1.7247429908784499e-06
76.38739099493853 1.158053936040177e-06
76.49174535422124 8.251069714406471e-07
76.59609971350393 7.599727637028295e-07
76.70045407278664 9.29785950411559e-07
76.80480843206935 1.2316748657106435e-06
76.90916279135205 1.5401697780829334e-06
77.01351715063475 1.7390003076109985e-06
77.11787150991745 1.7486869012498598e-06
77.22222586920016 1.5779451790974057e-06
77.32658022848285 1.2736098664666613e-06
77.43093458776556 9.140784867752471e-07
77.53528894704826 5.944739289391526e-07
77.63964330633097 3.803242113308753e-07
77.74399766561366 3.024561166687497e-07
77.84835202489637 3.42039839073145e-07
77.95270638417908 4.544779131680542e-07
78.05706074346178 5.827932150600451e-07
78.16141510274448 6.733843683777694e-07
78.26576946202718 6.946910775704489e-07
78.37012382130989 6.353482113016049e-07
78.47447818059258 5.220476968551997e-07
78.5788325398753 3.8893989930353007e-07
78.68318689915799 2.6433987745422653e-07
78.7875412584407 1.763999098056279e-07
78.89189561772339 1.3264530272101447e-07
78.9962499770061 1.2891238039902532e-07
79.10060433628881 1.4881742793194412e-07
79.20495869557152 1.7321853647539496e-07
79.30931305485421 1.8972123741988775e-07
79.41366741413692 1.8873792395046064e-07
79.51802177341962 1.7289139309978057e-07
79.62237613270231 1.4778123239438933e-07
79.72673049198502 1.2180967520453735e-07
79.83108485126772 1.0263011903947766e-07
79.93543921055043 9.05154775707904e-08
80.03979356983312 8.546931752634865e-08
80.14414792911583 8.171088519961074e-08
80.24850228839854 7.42820055666356e-08
80.35285664768125 6.214646471866405e-08
80.45721100696395 4.530636577272269e-08
80.56156536624665 2.826055730251071e-08
80.66591972552935 1.5292975577850038e-08
80.77027408481206 1.112287437423138e-08
80.87462844409475 1.7273489873178352e-08
80.97898280337746 3.1262643509875e-08
81.08333716266016 4.850880211337337e-08
81.18769152194287 6.188405636194379e-08
81.29204588122558 6.885467459409333e-08
81.39640024050827 6.684214563859927e-08
81.50075459979098 5.432743803128637e-08
81.60510895907368 3.719813424082698e-08
81.70946331835638 2.0525054155927904e-08
81.81381767763908 8.194427664748126e-09
81.91817203692179 4.834776296871748e-09
82.02252639620448 1.1197092263032636e-08
82.12688075548719 2.4054627618564067e-08
82.23123511476989 4.0057157576542e-08
82.3355894740526 5.5206176598233346e-08
82.4399438333353 6.429418692066229e-08
82.544298192618 6.682463190312535e-08
82.64865255190071 6.380479887955491e-08
82.7530069111834 5.489951542493e-08
82.85736127046611 4.410180830853552e-08
82.96171562974881 3.555039393723962e-08
83.06606998903152 3.042314096608448e-08
83.17042434831421 3.0242890111213626e-08
83.27477870759692 3.505473903329749e-08
83.37913306687962 4.218895205073535e-08
83.48348742616233 4.916474646987358e-08
83.58784178544504 5.499260009303309e-08
83.69219614472775 5.8079351197171293e-08
83.79655050401044 5.7316364584765016e-08
83.90090486329315 5.388940758935755e-08
84.00525922257584 4.859063144067982e-08
84.10961358185855 4.197297521380024e-08
84.21396794114125 3.617956030220229e-08
84.31832230042394 3.26200617331671e-08
84.42267665970665 3.0808689434862875e-08
84.52703101898935 3.0727293757159316e-08
84.63138537827206 3.2429451819834594e-08
84.73573973755477 3.407848524961606e-08
84.84009409683748 3.500536081611792e-08
84.94444845612017 3.584535684775985e-08
85.04880281540288 3.5128697427204206e-08
85.15315717468557 3.264520191995797e-08
85.25751153396828 3.005907979328493e-08
85.36186589325098 2.6854159424243365e-08
85.46622025253369 2.3285519831098e-08
85.57057461181638 2.11607917201996e-08
85.67492897109909 1.9753590842040874e-08
85.77928333038179 1.8416932113953513e-08
85.8836376896645 1.8204550446309494e-08
85.9879920489472 1.8110334896885292e-08
86.0923464082299 1.7237451735221345e-08
86.19670076751261 1.6653859258694052e-08
86.3010551267953 1.56117787953035e-08
86.40540948607801 1.3408535378668764e-08
86.50976384536071 1.1354623328055786e-08
86.61411820464342 9.297352889946184e-09
86.71847256392611 6.945949551764487e-09
86.82282692320882 5.336832199785841e-09
86.92718128249152 4.250807211408302e-09
87.03153564177424 3.240976909618716e-09
87.13589000105694 2.713460212632447e-09
87.24024436033963 2.400240241303268e-09
87.34459871962234 1.9539907949387863e-09
87.44895307890503 1.576223682454594e-09
87.55330743818774 1.184159735813592e-09
87.65766179747044 6.97701875381009e-10
87.76201615675315 3.292516763788239e-10
87.86637051603584 1.1439255079800585e-10
87.97072487531855 4.613262996032922e-11
88.07507923460125 1.0737743490667809e-10
88.17943359388397 2.2263002712328536e-10
88.28378795316667 3.857884629915411e-10
88.38814231244938 5.207073776250357e-10
88.49249667173207 6.08807889229413e-10
88.59685103101478 6.901312804212188e-10
88.70120539029747 8.19122123702772e-10
88.80555974958018 1.057050211326204e-09
88.90991410886288 1.3573916946381989e-09
89.01426846814557 1.897448386203251e-09
89.11862282742828 2.618971504707609e-09
89.22297718671098 3.2074006582962155e-09
89.3273315459937 4.005047349419618e-09
89.4316859052764 4.876063938217887e-09
89.5360402645591 5.345031196513088e-09
89.6403946238418 6.070076273371155e-09
89.74474898312451 6.962510961473537e-09
89.8491033424072 7.4210615014451165e-09
89.95345770168991 8.340332243792828e-09
90.05781206097261 9.59152955666701e-09
90.16216642025532 1.0331660935558918e-08
90.26652077953801 1.1510249609123002e-08
90.37087513882072 1.2865992045401204e-08
90.47522949810343 1.3378549210034155e-08
90.57958385738613 1.4135545046556488e-08
90.68393821666884 1.498039792326989e-08
90.78829257595153 1.4989821165925955e-08
90.89264693523424 1.5296325474010865e-08
90.99700129451693 1.5757052715908608e-08
91.10135565379964 1.55372504935741e-08
91.20571001308234 1.5652337909015296e-08
91.31006437236505 1.59590705830899e-08
91.41441873164774 1.5746259149851448e-08
91.51877309093047 1.576357055631556e-08
91.62312745021316 1.5852675527621163e-08
91.72748180949586 1.5526863261710787e-08
91.83183616877857 1.5311366848672126e-08
91.93619052806126 1.5125638206535537e-08
92.04054488734397 1.474941141683443e-08
92.14489924662666 1.4410755038682864e-08
92.24925360590937 1.4107648298808023e-08
92.35360796519207 1.3904294620466835e-08
92.45796232447478 1.3689719965831448e-08
92.56231668375747 1.346492396159313e-08
92.6666710430402 1.346943119530488e-08
92.77102540232289 1.3245359186753471e-08
92.8753797616056 1.2854818589016977e-08
92.9797341208883 1.277168528867234e-08
93.084088480171 1.2337584102780385e-08
93.1884428394537 1.1692042853365438e-08
93.29279719873641 1.1483409237499451e-08
93.3971515580191 1.0914957152334086e-08
93.5015059173018 1.0124961077657965e-08
93.60586027658451 9.817627861712514e-09
93.7102146358672 9.13367742243363e-09
93.81456899514993 8.197157927440426e-09
93.91892335443262 7.731654289320824e-09
94.02327771371533 6.9542778839071655e-09
94.12763207299803 5.963176405751737e-09
94.23198643228073 5.403808324260269e-09
94.33634079156343 4.6375208660447e-09
94.44069515084614 3.7353036102097365e-09
94.54504951012883 3.1994132206830242e-09
94.64940386941154 2.565933488778444e-09
94.75375822869424 1.8833426763298755e-09
94.85811258797695 1.481561255732074e-09
94.96246694725966 1.0681480729339736e-09
95.06682130654235 6.73254281157348e-10
95.17117566582506 4.570184260413985e-10
95.27553002510776 2.6144155639030246e-10
95.37988438439046 1.0636485389076821e-10
95.48423874367316 3.9153534672651487e-11
95.58859310295587 8.2158944168873e-12
95.69294746223856 2.4325278585966994e-11
95.79730182152127 6.094532300778773e-11
95.90165618080397 1.214397964949275e-10
96.00601054008668 2.0753262568444762e-10
96.11036489936939 2.7583162654570523e-10
96.2147192586521 3.482694759612384e-10
96.31907361793479 4.2500504520486577e-10
96.42342797721749 4.937571568420078e-10
96.5277823365002 5.537260813028505e-10
96.63213669578289 6.000467836950634e-10
96.7364910550656 6.73562737679025e-10
96.8408454143483 7.247813942504548e-10
96.945199773631 7.582437544827586e-10
97.0495541329137 8.855855641714122e-10
97.15390849219641 9.827722886240504e-10
97.25826285147912 1.061692642558679e-09
97.36261721076183 1.303272557841177e-09
97.46697157004452 1.493394439141516e-09
97.57132592932723 1.6518464862039117e-09
97.67568028860993 2.0330510142502917e-09
97.78003464789263 2.3467489561660537e-09
97.88438900717533 2.616907954983522e-09
97.98874336645804 3.157404089479167e-09
98.09309772574073 3.60488811897792e-09
98.19745208502343 3.956897422796229e-09
98.30180644430614 4.57313385608107e-09
98.40616080358885 5.070061028044251e-09
98.51051516287156 5.425204246414997e-09
98.61486952215425 6.024342951113645e-09
98.71922388143696 6.500265342267021e-09
98.82357824071966 6.797801397323715e-09
98.92793260000236 7.297379257286621e-09
99.03228695928506 7.678433332142207e-09
99.13664131856777 7.841977155868162e-09
99.24099567785046 8.13937595418591e-09
99.34535003713317 8.345063998668147e-09
99.44970439641587 8.340145136548637e-09
99.55405875569858 8.424782938098559e-09
99.65841311498129 8.472687657332443e-09
99.76276747426398 8.325390410437794e-09
99.86712183354669 8.190843675239381e-09
99.97147619282939 8.061803407579527e-09
100.0758305521121 7.783578660596694e-09
100.18018491139479 7.465324271583641e-09
100.2845392706775 7.208072253337367e-09
100.3888936299602 6.8799729984103804e-09
100.4932479892429 6.476890264335313e-09
100.5976023485256 6.175971426251227e-09
100.70195670780832 5.873485184409424e-09
100.80631106709102 5.4453032114720984e-09
100.91066542637373 5.1210975387430046e-09
101.01501978565642 4.859853284306621e-09
101.11937414493912 4.453394280956286e-09
101.22372850422182 4.151260969932155e-09
101.32808286350452 3.963488652571878e-09
101.43243722278723 3.611177381438929e-09
101.53679158206992 3.3360260679302247e-09
101.64114594135263 3.20004220676632e-09
101.74550030063534 2.897847782286329e-09
101.84985465991805 2.650119446767375e-09
101.95420901920075 2.550726089849366e-09
102.05856337848346 2.2971856805270127e-09
102.16291773776615 2.083078509688202e-09
102.26727209704886 2.008475356254279e-09
102.37162645633155 1.7861116704188838e-09
102.47598081561426 1.582843013862047e-09
102.58033517489696 1.5011250691322794e-09
102.68468953417967 1.2952524747620534e-09
102.78904389346236 1.1060376596727152e-09
102.89339825274507 1.0235234340546377e-09
102.99775261202778 8.482729741538307e-10
103.10210697131048 6.849787338699755e-10
103.20646133059319 6.045983772132835e-10
103.31081568987588 4.662026012215708e-10
103.41517004915859 3.389246615976985e-10
103.51952440844128 2.695150183233182e-10
103.623878767724 1.7763937498054805e-10
103.72823312700669 1.0125865928194373e-10
103.8325874862894 6.007568278952045e-11
103.9369418455721 2.2228561457033347e-11
104.0412962048548 2.2307129065602975e-12
104.14565056413751 1.5566461919900485e-12
104.2500049234202 1.7534743251165316e-11
104.35435928270292 5.229523040983073e-11
104.45871364198561 1.0250425079232579e-10
104.56306800126832 1.6590288325846722e-10
104.66742236055102 2.4113561263573616e-10
104.77177671983372 3.416037723707043e-10
104.87613107911642 4.3950513348215967e-10
104.98048543839913 5.380827447736799e-10
105.08483979768182 6.878378508348647e-10
105.18919415696455 8.104263371306086e-10
105.29354851624724 9.162282797521459e-10
105.39790287552995 1.1031940591815518e-09
105.50225723481265 1.2284528621829211e-09
105.60661159409534 1.3210973813354176e-09
105.71096595337805 1.5333061821959644e-09
105.81532031266075 1.6490741343315017e-09
105.91967467194345 1.7225205256557356e-09
106.02402903122615 1.9548509349131475e-09
106.12838339050886 2.0524636169076835e-09
106.23273774979155 2.0974028562069014e-09
106.33709210907428 2.333753070445158e-09
106.44144646835697 2.404016032635472e-09
106.54580082763968 2.417316821225375e-09
106.65015518692238 2.647704113392883e-09
106.75450954620509 2.6982090742787436e-09
106.85886390548778 2.6888552027955473e-09
106.96321826477049 2.8930988720823503e-09
107.06757262405318 2.913257970468225e-09
107.1719269833359 2.88063989424162e-09
107.27628134261859 3.04092453220582e-09
107.38063570190128 3.0324013802066247e-09
107.484990061184 2.9921871368781305e-09
107.5893444204667 3.107172941133734e-09
107.69369877974941 3.0770043880725645e-09
107.7980531390321 3.0365791918694863e-09
107.90240749831482 3.09530543127294e-09
108.00676185759751 3.035796099313622e-09
108.11111621688022 2.9876670274231153e-09
108.21547057616291 2.983512160272444e-09
108.31982493544562 2.9033769411540427e-09
108.42417929472832 2.8550360714889203e-09
108.52853365401103 2.7909900778384927e-09
108.63288801329374 2.692574244029675e-09
108.73724237257643 2.6402100915529205e-09
108.84159673185914 2.521068453723502e-09
108.94595109114184 2.412779596871976e-09
109.05030545042455 2.3602347629714548e-09
109.15465980970724 2.200268629622563e-09
109.25901416898995 2.0931805360021864e-09
109.36336852827264 2.044853682195802e-09
109.46772288755535 1.854475697948485e-09
109.57207724683805 1.7422531744252603e-09
109.67643160612076 1.6884408803208778e-09
109.78078596540345 1.4809625260711666e-09
109.88514032468616 1.3701558555846728e-09
109.98949468396886 1.3190635270917368e-09
110.09384904325157 1.1207773846436024e-09
110.19820340253426 1.0184443206975563e-09
110.30255776181698 9.675873340643925e-10
110.4069121210997 7.91624470105728e-10
110.51126648038239 7.019631864687502e-10
110.6156208396651 6.506006209187165e-10
110.7199751989478 5.05006071070663e-10
110.8243295582305 4.326783902408813e-10
110.9286839175132 3.8669435405863584e-10
111.0330382767959 2.776365928670202e-10
111.1373926360786 2.2316271764693407e-10
111.24174699536131 1.8528030867404865e-10
111.346101354644 1.1380106603471238e-10
111.45045571392671 7.881930277209415e-11
111.55481007320941 5.564927837571281e-11
111.65916443249212 2.265831891750162e-11
111.76351879177481 8.81515900015993e-12
111.86787315105752 3.1748847747750055e-12
111.97222751034022 1.9792621593273966e-12
112.07658186962291 9.291419169759367e-12
112.18093622890562 2.467999789122811e-11
112.28529058818832 4.770768378969334e-11
112.38964494747103 7.617006371872895e-11
112.49399930675372 1.1515636572360347e-10
112.59835366603646 1.5297150673773764e-10
112.70270802531915 1.9955447368882635e-10
112.80706238460186 2.626090180520351e-10
112.91141674388456 3.0754661169516996e-10
113.01577110316725 3.6979204055373513e-10
113.12012546244996 4.560597441737133e-10
113.22447982173266 5.014594423306142e-10
113.32883418101537 5.746494182699096e-10
113.43318854029806 6.791062314474781e-10
113.53754289958077 7.189920221322915e-10
113.64189725886347 7.986515998297949e-10
113.74625161814618 9.163999961282754e-10
113.85060597742887 9.4801704686861e-10
113.95496033671158 1.030297807836397e-09
114.05931469599427 1.154067316262931e-09
114.16366905527698 1.1708693784992804e-09
114.26802341455968 1.246387839182168e-09
114.37237777384239 1.3701646681318799e-09
114.47673213312508 1.3746742168994445e-09
114.58108649240779 1.4403239892521154e-09
114.68544085169049 1.5614859111866768e-09
114.7897952109732 1.5588806473437403e-09
114.89414957025592 1.6076935424398746e-09
114.99850392953861 1.7126458973662065e-09
115.10285828882132 1.7001333524861166e-09
115.20721264810402 1.7257067869987476e-09
115.31156700738673 1.8048171887987074e-09
115.41592136666942 1.7859090291563303e-09
115.52027572595213 1.7940096378933002e-09
115.62463008523483 1.8463392681276631e-09
115.72898444451754 1.8202906722248578e-09
115.83333880380023 1.8100696383583298e-09
115.93769316308294 1.8340039428663961e-09
116.04204752236564 1.801047101819062e-09
116.14640188164834 1.7730907260436705e-09
116.25075624093104 1.770774345692246e-09
116.35511060021375 1.7359661772614342e-09
116.45946495949644 1.692689790015741e-09
116.56381931877915 1.661249487276975e-09
116.66817367806185 1.6222393918944003e-09
116.77252803734454 1.5650545861883748e-09
116.87688239662725 1.5056191716784393e-09
116.98123675590995 1.4658226338406107e-09
117.08559111519266 1.4050135257146429e-09
117.18994547447538 1.3250002976678854e-09
117.29429983375809 1.2843722587684574e-09
117.39865419304078 1.2231531914536523e-09
117.5030085523235 1.1267445136602746e-09
117.60736291160619 1.0822079593703236e-09
117.71171727088888 1.0211342523536493e-09
117.81607163017159 9.157046537764371e-10
117.92042598945429 8.710751574815014e-10
118.024780348737 8.164837611190255e-10
118.12913470801969 7.126354876167423e-10
118.2334890673024 6.695067915844486e-10
118.3378434265851 6.194603426285617e-10
118.4421977858678 5.211304827956199e-10
118.5465521451505 4.809156419849853e-10
118.65090650443321 4.3672985698087844e-10
118.7552608637159 3.5009539472739324e-10
118.85961522299861 3.1559637464510515e-10
118.96396958228131 2.789671955509526e-10
119.06832394156402 2.082406224708274e-10
119.17267830084671 1.8017853845260086e-10
119.27703266012942 1.5190855463474552e-10
119.38138701941214 1.0072928322776704e-10
119.48574137869484 8.056156702007574e-11
119.59009573797755 6.211611403011655e-11
119.69445009726024 3.3174840960031644e-11
119.79880445654295 2.2019351631502074e-11
119.90315881582565 1.2358900685562031e-11
120.00751317510836 2.9459929753623622e-12
120.11186753439105 9.752101852706206e-13
120.21622189367376 1.1231092449752292e-12
120.32057625295646 8.373297149717966e-12
120.42493061223917 1.598285964211632e-11
120.52928497152186 2.7369434055752795e-11
120.63363933080457 4.6935194615162524e-11
120.73799369008727 6.350724368378732e-11
120.84234804936997 8.662412252259213e-11
120.94670240865267 1.133902861755049e-10
121.05105676793538 1.3892424066032046e-10
121.15541112721807 1.737415437228085e-10
121.25976548650077 2.0083275924715946e-10
121.36411984578348 2.336068203164057e-10
121.46847420506617 2.792722443030776e-10
121.57282856434888 3.007388791288207e-10
121.6771829236316 3.393013029773898e-10
121.78153728291431 3.952951636529126e-10
121.88589164219701 4.0797787580866703e-10
121.99024600147972 4.509628082767338e-10
122.09460036076241 5.142233922067653e-10
122.19895472004512 5.149875836524249e-10
122.30330907932782 5.595821959677966e-10
122.40766343861051 6.251766584917095e-10
122.51201779789322 6.132380771174417e-10
122.61637215717592 6.585866877884893e-10
122.72072651645863 7.227332378431275e-10
122.82508087574132 6.989862424467706e-10
122.92943523502403 7.423274021334043e-10
123.03378959430673 7.984612184346671e-10
123.13814395358943 7.635303415852929e-10
123.24249831287213 8.026339128834104e-10
123.34685267215484 8.4756344902483e-10
123.45120703143753 8.061293316531809e-10
123.55556139072024 8.402782805671336e-10
123.65991575000294 8.720132594485991e-10
123.76427010928565 8.276777333843355e-10
123.86862446856834 8.52129888871588e-10
123.97297882785107 8.662599406039695e-10
124.07733318713377 8.228900907663192e-10
124.18168754641647 8.357098402194708e-10
124.28604190569918 8.311222820793259e-10
124.39039626498187 7.942749956802663e-10
124.49475062426458 7.967500025565072e-10
124.59910498354728 7.726173014229158e-10
124.70345934282999 7.414429952078629e-10
124.80781370211268 7.332641364375138e-10
124.91216806139539 6.931941085160985e-10
125.01652242067809 6.686363487811548e-10
125.1208767799608 6.511920918992827e-10
125.22523113924349 6.01112564552124e-10
125.3295854985262 5.833534549615874e-10
125.4339398578089 5.558976620539198e-10
125.5382942170916 4.992322193815152e-10
125.6426485763743 4.883102229224109e-10
125.74700293565701 4.534322574881379e-10
125.8513572949397 3.937701213864149e-10
125.9557116542224 3.8842315588899146e-10
126.06006601350511 3.5130014950381593e-10
126.1644203727878 2.937398878494862e-10
126.26877473207054 2.907312336263395e-10
126.37312909135323 2.540453641382598e-10
126.47748345063594 2.0252882997953026e-10
126.58183780991864 1.9941555409980384e-10
126.68619216920135 1.6612772285873028e-10
126.79054652848404 1.2480050195082953e-10
126.89490088776674 1.2149178558617604e-10
126.99925524704945 9.395852473452531e-11
127.10360960633214 6.41924400036111e-11
127.20796396561485 6.085945414442827e-11
127.31231832489755 4.129126421714633e-11
127.41667268418026 2.3187708291365053e-11
127.52102704346295 2.028526780440373e-11
127.62538140274566 9.85479462101656e-12
127.72973576202835 2.6570938491579525e-12
127.83409012131106 1.4847958836481595e-12
127.93844448059376 3.140966485279664e-13
128.04279883987647 2.3166726934121167e-12
128.14715319915916 4.697842917444284e-12
128.25150755844186 1.2174662295989486e-11
128.35586191772458 2.1193407414111125e-11
128.4602162770073 2.9038631267040574e-11
128.56457063629 4.3517702596170885e-11
128.6689249955727 5.662647318703291e-11
128.7732793548554 7.161394759978668e-11
128.8776337141381 9.153791721883613e-11
128.9819880734208 1.0598664755551225e-10
129.0863424327035 1.2878601351240333e-10
129.1906967919862 1.5230242351258983e-10
129.29505115126892 1.6574147675301055e-10
129.39940551055162 1.9572181449863936e-10
129.5037598698343 2.204769393596155e-10
129.608114229117 2.3165173062467897e-10
129.71246858839973 2.684781109216334e-10
129.81682294768243 2.9215204879948796e-10
129.92117730696512 2.9922531541461966e-10
130.02553166624782 3.417381760616323e-10
130.12988602553054 3.6300347175470484e-10
130.23424038481323 3.640362881452754e-10
130.33859474409593 4.0973601075543234e-10
130.44294910337862 4.2924428659303227e-10
130.54730346266132 4.2436368793510383e-10
130.65165782194404 4.690315920678057e-10
130.75601218122677 4.858946711267716e-10
130.86036654050946 4.764176262251941e-10
130.96472089979216 5.166367988407655e-10
131.06907525907488 5.287339459985018e-10
131.17342961835757 5.156080402572269e-10
131.27778397764027 5.503116948153766e-10
131.38213833692296 5.571781078525019e-10
131.4864926962057 5.403318862939162e-10
131.59084705548838 5.68161006314185e-10
131.69520141477108 5.705245872563749e-10
131.79955577405377 5.499900464803566e-10
131.90391013333647 5.685242901754326e-10
132.0082644926192 5.672172955149793e-10
132.11261885190189 5.449525193908441e-10
132.21697321118458 5.524637411011293e-10
132.32132757046728 5.466920515833329e-10
132.42568192975 5.250145619634151e-10
132.5300362890327 5.220894289252138e-10
132.6343906483154 5.105473680689983e-10
132.73874500759808 4.898917843963686e-10
132.8430993668808 4.78037627541932e-10
132.9474537261635 4.6127151932757475e-10
133.05180808544623 4.4283574165961547e-10
133.15616244472892 4.245331110757827e-10
133.26051680401162 4.0345707753349847e-10
133.36487116329434 3.8672331604179703e-10
133.46922552257703 3.6257565180300166e-10
133.57357988185973 3.3784043507735464e-10
133.67793424114242 3.234919839584333e-10
133.78228860042515 2.961403238818301e-10
133.88664295970784 2.6984575968926183e-10
133.99099731899054 2.58450618911535e-10
134.09535167827323 2.2968540559766512e-10
134.19970603755596 2.029729133282259e-10
134.30406039683865 1.9447128832362063e-10
134.40841475612135 1.6641594102131707e-10
134.51276911540404 1.4063346165157419e-10
134.61712347468676 1.3478421276329714e-10
134.72147783396946 1.1035481367980901e-10
134.82583219325215 8.773165746033857e-11
134.93018655253485 8.345921564347586e-11
135.03454091181757 6.379507661267874e-11
135.13889527110027 4.601547504357934e-11
135.24324963038296 4.2730104575990475e-11
135.34760398966569 2.872894760670426e-11
135.45195834894838 1.7348862797868384e-11
135.5563127082311 1.5474789174822174e-11
135.6606670675138 7.563366106930793e-12
135.7650214267965 2.381879770453164e-12
135.8693757860792 1.8235304626696866e-12
135.9737301453619 4.3887493605308945e-13
136.0780845046446 1.1993646392883044e-12
136.1824388639273 2.0457137956659786e-12
136.28679322321 6.681181806707008e-12
136.3911475824927 1.2495445642316059e-11
136.49550194177542 1.5500814691201254e-11
136.5998563010581 2.4985835932277252e-11
136.7042106603408 3.3890354100705565e-11
136.8085650196235 4.0088542219371244e-11
136.91291937890622 5.362144995214583e-11
137.01727373818892 6.354022675171211e-11
137.1216280974716 7.31379381766143e-11
137.2259824567543 8.912250555891723e-11
137.33033681603703 9.863002918409986e-11
137.43469117531973 1.1229219595979835e-10
137.53904553460242 1.2859252252899168e-10
137.64339989388515 1.3664993857649918e-10
137.74775425316784 1.5583921982937313e-10
137.85210861245056 1.7029408586485314e-10
137.95646297173326 1.7470398007600389e-10
138.06081733101595 1.9943728801033714e-10
138.16517169029865 2.1071944687518048e-10
138.26952604958137 2.1014086258135738e-10
138.37388040886407 2.3924784940325915e-10
138.47823476814676 2.4721082749467247e-10
138.58258912742946 2.4309246312354906e-10
138.68694348671218 2.753202577546428e-10
138.79129784599488 2.78673738279165e-10
138.89565220527757 2.720027829172315e-10
139.00000656456027 3.055964019703197e-10
139.104360923843 3.033364911968127e-10
139.20871528312568 2.9520777225552983e-10
139.31306964240838 3.2869433558579613e-10
139.41742400169107 3.2090015202469427e-10
139.5217783609738 3.116511875789583e-10
139.6261327202565 3.4225019643193347e-10
139.7304870795392 3.297333989099282e-10
139.8348414388219 3.204445700976626e-10
139.9391957981046 3.460379458521656e-10
140.04355015738733 3.3094936062071274e-10
140.14790451667002 3.2318735828029494e-10
140.25225887595272 3.411963068570302e-10
140.35661323523541 3.2407853829002964e-10
140.46096759451814 3.1806779574893695e-10
140.56532195380083 3.2618923851646963e-10
140.66967631308353 3.071894479398527e-10
140.77403067236622 3.0323942956412134e-10
140.87838503164892 3.017402982484286e-10
140.98273939093164 2.8183782057470843e-10
141.08709375021434 2.793733030791925e-10
141.19144810949703 2.695844893104146e-10
141.29580246877973 2.5034924451890903e-10
141.40015682806245 2.476801781366467e-10
141.50451118734514 2.3005446517255418e-10
141.60886554662784 2.1306566335086032e-10
141.71321990591053 2.1025147274977105e-10
141.81757426519326 1.8612827793324635e-10
141.92192862447595 1.7143742540519544e-10
142.02628298375865 1.6898173222750958e-10
142.13063734304137 1.4131310597256345e-10
142.23499170232407 1.2788763022283775e-10
142.3393460616068 1.2516030391385212e-10
142.44370042088948 9.824451740425758e-11
142.54805478017218 8.683369476721057e-11
142.65240913945487 8.320620080280191e-11
142.7567634987376 6.005125172994621e-11
142.8611178580203 5.191042964722429e-11
142.965472217303 4.787435342325617e-11
143.06982657658568 2.966188928428159e-11
143.1741809358684 2.4381242229294356e-11
143.2785352951511 2.1099593877984173e-11
143.3828896544338 9.46371174138827e-12
143.4872440137165 6.657404421140703e-12
143.59159837299921 4.865666529440246e-12
143.6959527322819 5.851344648350544e-13
143.8003070915646 1.2735011853509967e-13
143.9046614508473 5.387449551991265e-14
144.00901581013002 2.195575991663601e-12
144.11337016941272 3.816326878352307e-12
144.2177245286954 5.9839219434306565e-12
144.3220788879781 1.2753874406115119e-11
144.42643324726083 1.5586255885003556e-11
144.53078760654356 1.9989951544815665e-11
144.63514196582625 2.945032363179887e-11
144.73949632510895 3.314891162244264e-11
144.84385068439164 3.944374800157579e-11
144.94820504367436 4.906181074189252e-11
145.05255940295706 5.320292624910588e-11
145.15691376223975 6.098814034895797e-11
145.26126812152245 6.800684079547633e-11
145.36562248080517 7.172205413661335e-11
145.46997684008787 8.115468900602311e-11
145.57433119937056 8.474508219223062e-11
145.67868555865326 8.788720580641722e-11
145.78303991793595 9.88569821408913e-11
145.88739427721868 9.922246782519815e-11
145.99174863650137 1.0238253267796916e-10
146.09610299578407 1.1441132882362662e-10
146.20045735506676 1.1180876712238925e-10
146.30481171434948 1.1598356981105002e-10
146.40916607363218 1.29256346352482e-10
146.51352043291487 1.2453047029344859e-10
146.61787479219757 1.30889170260333e-10
146.7222291514803 1.4639903044608667e-10
146.82658351076302 1.4117968839246559e-10
146.9309378700457 1.5054041011869087e-10
147.0352922293284 1.6886938663997804e-10
147.1396465886111 1.6440662954428284e-10
147.24400094789382 1.7651457560249779e-10
147.34835530717652 1.9745686242326583e-10
147.4527096664592 1.9457695996558744e-10
147.5570640257419 2.0791930665096725e-10
147.66141838502463 2.2929809602977678e-10
147.76577274430733 2.2759679128051624e-10
147.87012710359002 2.405964871009464e-10
147.97448146287272 2.5989123432357154e-10
148.07883582215544 2.5799059913787544e-10
148.18319018143814 2.6908284679841734e-10
148.28754454072083 2.840402745886927e-10
148.39189890000353 2.7899574557092935e-10
148.49625325928625 2.845296522451858e-10
148.60060761856894 2.927252004868345e-10
148.70496197785164 2.8306347741037714e-10
148.80931633713433 2.801647377554773e-10
148.91367069641706 2.7928425710487075e-10
149.01802505569978 2.657523533047158e-10
149.12237941498248 2.5533059348663414e-10
149.22673377426517 2.442075266602913e-10
149.33108813354787 2.2673206354594668e-10
149.4354424928306 2.1186138209719614e-10
149.53979685211328 1.9323615297762266e-10
149.64415121139598 1.7257845864854027e-10
149.74850557067867 1.558570667470989e-10
149.8528599299614 1.3488012143037532e-10
149.9572142892441 1.1481147511580264e-10
150.0615686485268 9.852128336228838e-11
150.16592300780948 7.8593201556634e-11
150.27027736709218 6.304693148610516e-11
150.3746317263749 5.091744136188111e-11
150.4789860856576 3.520533969275379e-11
150.5833404449403 2.5710785964256927e-11
150.68769480422299 1.9371595839719498e-11
150.7920491635057 1.008258346315207e-11
150.8964035227884 6.691283078328326e-12
151.0007578820711 5.1380006984380315e-12
151.1051122413538 2.1318889471150856e-12
151.20946660063652 3.673114599531275e-12
151.31382095991924 4.461567537947685e-12
151.41817531920194 5.268322857845957e-12
151.52252967848463 8.962182969012955e-12
151.62688403776733 9.294850154066343e-12
151.73123839705005 1.0952958812835685e-11
151.83559275633274 1.4048923432104487e-11
151.93994711561544 1.2124927763830399e-11
152.04430147489813 1.2492019409425259e-11
152.14865583418086 1.3480751709887123e-11
152.25301019346355 9.768247707291173e-12
152.35736455274625 8.791498059365166e-12
152.46171891202894 7.620018343198513e-12
152.56607327131167 3.908855716783712e-12
152.67042763059436 3.2788355740091387e-12
152.77478198987706 1.83657611875501e-12
152.87913634915975 8.312994937543358e-13
152.98349070844247 2.589606293585083e-12
153.08784506772517 3.457036283529578e-12
153.19219942700786 7.67105441328757e-12
153.29655378629056 1.2958652558682678e-11
153.40090814557328 1.789049197699627e-11
153.505262504856 2.8252630773837475e-11
153.6096168641387 3.642504115804492e-11
153.7139712234214 4.584375155862179e-11
153.8183255827041 6.155208043621199e-11
153.92267994198681 6.991762000935784e-11
154.0270343012695 8.247316650370148e-11
154.1313886605522 1.0171464590430969e-10
154.2357430198349 1.0734036072741092e-10
154.34009737911762 1.208625473188627e-10
154.44445173840032 1.4088920596587103e-10
154.548806097683 1.4100252367588291e-10
154.6531604569657 1.5324871694733495e-10
154.7575148162484 1.7144774759669724e-10
154.86186917553113 1.6461682497578852e-10
154.96622353481382 1.7418994071316104e-10
155.07057789409652 1.886284906395935e-10
155.1749322533792 1.749864295919396e-10
155.27928661266193 1.8163022690794382e-10
155.38364097194463 1.9125600830601137e-10
155.48799533122732 1.7186184171068338e-10
155.59234969051002 1.7593682637610047e-10
155.69670404979274 1.8117890433030537e-10
155.80105840907547 1.5873712524286553e-10
155.90541276835816 1.6098302863951563e-10
156.00976712764086 1.626552339907401e-10
156.11412148692355 1.4069707293476856e-10
156.21847584620627 1.4212966806653915e-10
156.32283020548897 1.40266299031781e-10
156.42718456477166 1.2110696839480262e-10
156.53153892405436 1.2302995105332623e-10
156.63589328333708 1.1842135515843438e-10
156.74024764261978 1.0296414359654718e-10
156.84460200190247 1.0549016749683682e-10
156.94895636118517 9.952012143462694e-11
157.0533107204679 8.839968811878514e-11
157.1576650797506 9.033326562825765e-11
157.26201943903328 8.338646413455566e-11
157.36637379831598 7.70082839645567e-11
157.4707281575987 7.748028625661736e-11
157.5750825168814 6.922819568540301e-11
157.6794368761641 6.708609835013351e-11
157.78379123544678 6.635106267943093e-11
157.8881455947295 5.717266900841795e-11
157.9924999540122 5.7509252466321854e-11
158.09685431329493 5.527951678664688e-11
158.20120867257762 4.6113539459990115e-11
158.30556303186032 4.762328700650432e-11
158.40991739114304 4.3528275080983686e-11
158.51427175042573 3.5196540981369216e-11
158.61862610970843 3.761411357453714e-11
158.72298046899112 3.210437925456336e-11
158.82733482827385 2.4497408606720196e-11
158.93168918755654 2.698855638360647e-11
159.03604354683924 2.1304080246206047e-11
159.14039790612193 1.483619843054557e-11
159.24475226540463 1.6523433686158903e-11
159.34910662468735 1.1684523969484234e-11
159.45346098397005 7.153419499093346e-12
159.55781534325274 7.941470230522305e-12
159.66216970253544 4.424502839330797e-12
159.76652406181816 1.930773761042335e-12
159.87087842110085 2.214455194090044e-12
159.97523278038355 6.608274667474668e-13
160.07958713966624 5.513714093546323e-15
160.18394149894897 1.0222616175437039e-13
160.28829585823166 8.551429112665575e-13
160.3926502175144 1.8434287344499343e-12
160.49700457679708 2.2620909065979737e-12
160.60135893607978 5.120940203226818e-12
160.7057132953625 7.26612486856276e-12
160.8100676546452 8.636871753759737e-12
160.9144220139279 1.3266880027154409e-11
161.01877637321059 1.5910407958728957e-11
161.1231307324933 1.8518896909031207e-11
161.227485091776 2.433421884733136e-11
161.3318394510587 2.7027787566426256e-11
161.4361938103414 3.112019085080516e-11
161.54054816962412 3.719777377972224e-11
161.6449025289068 3.938727380312827e-11
161.7492568881895 4.529755818693037e-11
161.8536112474722 5.099299831854983e-11
161.95796560675493 5.194217895654566e-11
162.06231996603762 5.93646917955105e-11
162.16667432532032 6.432525779803845e-11
162.271028684603 6.393443671829438e-11
162.37538304388573 7.242758647495711e-11
162.47973740316843 7.609855213018612e-11
162.58409176245115 7.430699368915922e-11
162.68844612173385 8.356141605420556e-11
162.79280048101654 8.56735782601991e-11
162.89715484029927 8.226953108687506e-11
163.00150919958196 9.174417375306274e-11
163.10586355886466 9.25857715161378e-11
163.21021791814735 8.784000932749234e-11
163.31457227743007 9.673650130324058e-11
163.41892663671277 9.634468424901907e-11
163.52328099599546 9.082887265623417e-11
163.62763535527816 9.87528509908805e-11
163.73198971456088 9.689200165039397e-11
163.83634407384358 9.069644086276223e-11
163.94069843312627 9.772510006235485e-11
164.04505279240897 9.514276821067938e-11
164.14940715169166 8.83826771465133e-11
164.25376151097439 9.373613662465706e-11
164.35811587025708 9.078202834176118e-11
164.46247022953978 8.419838705565723e-11
164.56682458882247 8.743539272569954e-11
164.6711789481052 8.380826772530042e-11
164.7755333073879 7.81179367990512e-11
164.8798876666706 7.980551835915119e-11
164.9842420259533 7.530067170613226e-11
165.088596385236 7.010913744004906e-11
165.19295074451873 7.052475333592058e-11
165.29730510380142 6.585540317648252e-11
165.40165946308412 6.115494828926788e-11
165.5060138223668 5.981531286247386e-11
165.61036818164953 5.521133671869511e-11
165.71472254093223 5.179809881738452e-11
165.81907690021492 4.8916311838624954e-11
165.92343125949762 4.388917925113046e-11
166.02778561878034 4.180739877160631e-11
166.13213997806304 3.8308262390022276e-11
166.23649433734573 3.305509119787514e-11
166.34084869662843 3.164275215752549e-11
166.44520305591115 2.7906103287687827e-11
166.54955741519385 2.3232644197713642e-11
166.65391177447654 2.2381573528045046e-11
166.75826613375924 1.8343207113353272e-11
166.86262049304196 1.4450249054486218e-11
166.96697485232465 1.4380690528382214e-11
167.07132921160735 1.056914535717159e-11
167.17568357089007 7.337802754955048e-12
167.28003793017277 7.64276686282851e-12
167.3843922894555 4.793719584653582e-12
167.48874664873819 2.5949495143265744e-12
167.59310100802088 2.818339531214621e-12
167.69745536730358 1.1818312423698842e-12
167.8018097265863 2.72448000244984e-13
167.906164085869 3.528221083191876e-13
168.0105184451517 9.958024012875372e-14
168.11487280443438 3.5580753167125315e-13
168.2192271637171 2.617773122777167e-13
168.3235815229998 1.6065169815621983e-12
168.4279358822825 2.869389647890627e-12
168.5322902415652 2.6137103129333396e-12
168.6366446008479 5.463253934037958e-12
168.7409989601306 7.44143092794352e-12
168.8453533194133 7.396815536309268e-12
168.949707678696 1.157529210917937e-11
169.0540620379787 1.3649494073519414e-11
169.15841639726142 1.4101126419122892e-11
169.2627707565441 1.945523213690236e-11
169.3671251158268 2.1234047738799858e-11
169.47147947510953 2.2349099162912235e-11
169.57583383439223 2.8274002604793835e-11
169.68018819367495 2.953276331243234e-11
169.78454255295765 3.181420949603693e-11
169.88889691224034 3.743403811322789e-11
169.99325127152304 3.7577561392849207e-11
170.09760563080576 4.150198219031886e-11
170.20195999008845 4.6412549347647516e-11
170.30631434937115 4.516914755159291e-11
170.41066870865384 5.0728636049566074e-11
170.51502306793657 5.44011948135201e-11
170.61937742721926 5.1888526524001176e-11
170.72373178650196 5.899329927331383e-11
170.82808614578465 6.08621032108702e-11
170.93244050506738 5.7339936228279536e-11
171.03679486435007 6.588477986501802e-11
171.14114922363277 6.566180721739475e-11
171.24550358291546 6.134380423313123e-11
171.34985794219818 7.077240119301016e-11
171.45421230148088 6.846957232336576e-11
171.55856666076357 6.396335790479409e-11
171.6629210200463 7.358320143925511e-11
171.767275379329 6.903251654844787e-11
171.87162973861172 6.46912357802363e-11
171.9759840978944 7.404571623639767e-11
172.0803384571771 6.776278935039749e-11
172.1846928164598 6.37392897393056e-11
172.28904717574252 7.187097661915251e-11
172.39340153502522 6.458717290072206e-11
172.49775589430791 6.140854508316469e-11
172.6021102535906 6.74013501307137e-11
172.70646461287333 5.940174393321363e-11
172.81081897215603 5.754936017387211e-11
172.91517333143872 6.13853282543063e-11
173.01952769072142 5.2990359107453634e-11
173.1238820500041 5.200795955167706e-11
173.22823640928684 5.381720889808879e-11
173.33259076856953 4.613287922716746e-11
173.43694512785223 4.55519216987652e-11
173.54129948713492 4.478373740328265e-11
173.64565384641764 3.8534467735734654e-11
173.75000820570034 3.887870819670606e-11
173.85436256498303 3.5754864159046885e-11
173.95871692426576 3.046071916279968e-11
174.06307128354848 3.1489470844596115e-11
174.16742564283118 2.7243869208889508e-11
174.27178000211387 2.2956464846124982e-11
174.37613436139657 2.3704781523674624e-11
174.48048872067926 1.905344886176886e-11
174.58484307996198 1.6388728764772188e-11
174.68919743924468 1.665931348267851e-11
174.79355179852737 1.1674225594918565e-11
174.89790615781007 1.0347957438541513e-11
175.0022605170928 1.067652948223376e-11
175.1066148763755 6.174428475358253e-12
175.21096923565818 5.365603411896084e-12
175.31532359494088 5.5339922778929116e-12
175.4196779542236 2.4466386652872467e-12
175.5240323135063 2.070337221810225e-12
175.628386672789 1.8591879553822093e-12
175.7327410320717 3.3981756697477314e-13
175.8370953913544 3.834393179514669e-13
175.9414497506371 1.815604059711067e-13
176.0458041099198 1.640800866762395e-13
176.1501584692025 2.4932421333224523e-13
176.25451282848522 2.6424994676014153e-13
176.35886718776794 1.6876407748557896e-12
176.46322154705064 1.8448784654120555e-12
176.56757590633333 2.2530146661477924e-12
176.67193026561603 4.5683956890621065e-12
176.77628462489875 4.7538450301127205e-12
176.88063898418145 6.112474202403428e-12
176.98499334346414 9.03455944082952e-12
177.08934770274684 8.869424193416847e-12
177.19370206202956 1.1019156021088148e-11
177.29805642131225 1.4517857316203516e-11
177.40241078059495 1.4484822489057262e-11
177.50676513987764 1.681443678595745e-11
177.61111949916037 1.9843110660014585e-11
177.71547385844306 2.0734754300347067e-11
177.81982821772576 2.395605795879043e-11
177.92418257700845 2.5449052012941227e-11
178.02853693629115 2.6412956777542867e-11
178.13289129557387 3.106246602325041e-11
178.23724565485657 3.1760892268007094e-11
178.34160001413926 3.218476637890965e-11
178.44595437342196 3.6856590161854817e-11
178.5503087327047 3.719082149957518e-11
178.6546630919874 3.838517502650283e-11
178.7590174512701 4.233858104589132e-11
178.8633718105528 4.0833373072370224e-11
178.9677261698355 4.312955556127265e-11
179.0720805291182 4.778428248113271e-11
179.1764348884009 4.4200836594737456e-11
179.2807892476836 4.570298850528681e-11
179.3851436069663 5.0988725247965125e-11
179.48949796624902 4.72750275012544e-11
179.5938523255317 4.776782167982508e-11
179.6982066848144 5.164132894397721e-11
179.8025610440971 4.8013846330379156e-11
179.90691540337983 4.92694593058773e-11
180.01126976266252 5.186450433920655e-11
180.11562412194522 4.671827512569617e-11
180.2199784812279 4.8167032335739026e-11
180.32433284051064 5.10959048873273e-11
180.42868719979333 4.518670164682816e-11
180.53304155907603 4.5043226025096564e-11
180.63739591835872 4.757112845143695e-11
180.74175027764144 4.292291587107866e-11
180.84610463692417 4.200127711914389e-11
180.95045899620686 4.2396617272331855e-11
181.05481335548956 3.826432246344402e-11
181.15916771477225 3.816977428069799e-11
181.26352207405498 3.7516659804225395e-11
181.36787643333767 3.270967995087782e-11
181.47223079262037 3.24529907117815e-11
181.57658515190306 3.1977592687534775e-11
181.68093951118578 2.7766012030232598e-11
181.78529387046848 2.642192773201181e-11
181.88964822975117 2.51028574742269e-11
181.99400258903387 2.2493412135969125e-11
182.0983569483166 2.1316254071276954e-11
182.2027113075993 1.861818483957888e-11
182.30706566688198 1.6507734365182062e-11
182.41142002616468 1.616490136843314e-11
182.51577438544737 1.3386986246218384e-11
182.6201287447301 1.1304685763295477e-11
182.7244831040128 1.0801275164879341e-11
182.82883746329549 8.49854218469362e-12
182.93319182257818 7.318456258726025e-12
183.03754618186093 6.51478456171543e-12
183.14190054114363 4.225796485749995e-12
183.24625490042632 3.874488553067947e-12
183.35060925970902 3.453915153934864e-12
183.4549636189917 1.5249051565402138e-12
183.55931797827444 1.3103690871862797e-12
183.66367233755713 1.1660530653063579e-12
183.76802669683983 2.2285909475951308e-13
183.87238105612252 1.3760133793528482e-13
183.97673541540524 5.5841373429129646e-14
184.08108977468794 1.502528489865919e-13
184.18544413397063 1.5095236860480787e-13
184.28979849325333 3.4775604420658806e-13
184.39415285253605 1.5476269213696194e-12
184.49850721181875 1.3503504393057353e-12
184.60286157110144 1.7532174207898266e-12
184.70721593038414 3.985531269869269e-12
184.81157028966686 3.764008421331694e-12
184.91592464894956 4.486296140829994e-12
185.02027900823225 7.139122208806563e-12
185.12463336751495 6.7951854602238575e-12
185.22898772679767 8.4588657428356e-12
185.3333420860804 1.1383991658805678e-11
185.4376964453631 1.0418949524095681e-11
185.54205080464578 1.2802455255030099e-11
185.64640516392848 1.6044785774346464e-11
185.7507595232112 1.4947123702100226e-11
185.8551138824939 1.7491080373484143e-11
185.9594682417766 2.0060490289537585e-11
186.0638226010593 1.9639552898727696e-11
186.168176960342 2.301030955124528e-11
186.2725313196247 2.3949794311816675e-11
186.3768856789074 2.3607888387913032e-11
186.4812400381901 2.8114305922055787e-11
186.58559439747282 2.7876714519127684e-11
186.6899487567555 2.741620855621793e-11
186.7943031160382 3.1988490319471207e-11
186.8986574753209 3.0783909860960844e-11
187.0030118346036 3.134947862758321e-11
187.10736619388632 3.540111412076252e-11
187.21172055316902 3.221837937324291e-11
187.3160749124517 3.4062270386838815e-11
187.4204292717344 3.830404055487215e-11
187.52478363101713 3.3273600795246105e-11
187.62913799029985 3.53521550705146e-11
187.73349234958255 3.936954311333704e-11
187.83784670886524 3.38428556483066e-11
187.94220106814797 3.6235994479032064e-11
188.04655542743066 3.8757854110404397e-11
188.15090978671336 3.296518620669727e-11
188.25526414599605 3.6415357668208e-11
188.35961850527875 3.756095560073041e-11
188.46397286456147 3.109969897375348e-11
188.56832722384416 3.48880475921794e-11
188.67268158312686 3.534464841112572e-11
188.77703594240955 2.915174833719088e-11
188.88139030169228 3.2253976272310035e-11
188.98574466097497 3.154491231804312e-11
189.09009902025767 2.6693956314880666e-11
189.19445337954036 2.936990644408212e-11
189.2988077388231 2.7086935461318477e-11
189.40316209810578 2.3249637055979026e-11
189.50751645738848 2.5694968312824055e-11
189.61187081667117 2.270511448190819e-11
189.7162251759539 1.9665965655152535e-11
189.8205795352366 2.1174467794960428e-11
189.9249338945193 1.8051588796027964e-11
190.029288253802 1.630077106095039e-11
190.1336426130847 1.664665679338001e-11
190.23799697236743 1.3242873995169657e-11
190.34235133165012 1.2750536602460441e-11
190.44670569093282 1.2510488824025212e-11
190.5510600502155 9.112212873872724e-12
190.65541440949823 9.155493860099606e-12
190.75976876878093 8.500645888972916e-12
190.86412312806362 5.749362995405043e-12
190.96847748734632 6.0818757567909286e-12
191.07283184662904 4.977725672729591e-12
191.17718620591174 2.987416934492628e-12
191.28154056519443 3.578350572876375e-12
191.38589492447713 2.410976099403264e-12
191.49024928375985 1.0688136279456954e-12
191.59460364304255 1.5728206913559785e-12
191.69895800232524 7.630703323304091e-13
191.80331236160794 1.4010632156950266e-13
191.90766672089063 3.296311731259134e-13
192.01202108017335 4.44897664269102e-14
192.11637543945605 9.565123668425772e-14
192.22072979873877 1.3850415418484276e-14
192.32508415802147 4.1049428982999325e-13
192.4294385173042 9.535565264915272e-13
192.5337928765869 6.102718725986781e-13
192.63814723586958 1.7126536315398487e-12
192.74250159515228 2.6110723298435797e-12
192.84685595443497 2.182520348015729e-12
192.9512103137177 3.854682801962281e-12
193.0555646730004 4.837218781127276e-12
193.15991903228309 4.583047910824723e-12
193.26427339156578 6.754701492624274e-12
193.3686277508485 7.538080832215188e-12
193.4729821101312 7.49538595102299e-12
193.5773364694139 1.0032016012130798e-11
193.6816908286966 1.0645243306954644e-11
193.7860451879793 1.0900552397995756e-11
193.890399547262 1.333799548865021e-11
193.9947539065447 1.3669572466450167e-11
194.0991082658274 1.4537222641477e-11
194.20346262511012 1.665729562758346e-11
194.30781698439282 1.6426321652263398e-11
194.41217134367554 1.7912189252462735e-11
194.51652570295823 1.9748672711123165e-11
194.62088006224093 1.8966817412092115e-11
194.72523442152365 2.0781863345475338e-11
194.82958878080635 2.211742707781743e-11
194.93394314008904 2.1015358257728264e-11
195.03829749937174 2.3201551719647432e-11
195.14265185865446 2.3799438283683798e-11
195.24700621793716 2.2283369029774472e-11
195.35136057721985 2.4875208312779057e-11
195.45571493650255 2.488880070235977e-11
195.56006929578527 2.2856637437802e-11
195.66442365506796 2.5528400668638658e-11
195.76877801435066 2.5198166548504833e-11
195.87313237363335 2.2979142005386523e-11
195.97748673291608 2.5494689415057553e-11
196.08184109219877 2.4697346811906954e-11
196.18619545148147 2.2448246579572784e-11
196.29054981076416 2.4853620916262558e-11
196.39490417004686 2.365458749721435e-11
196.49925852932958 2.135498806602975e-11
196.60361288861228 2.3616767303030786e-11
196.707967247895 2.2285863413823966e-11
196.8123216071777 1.9986902180962153e-11
196.91667596646042 2.1792497400147626e-11
197.0210303257431 2.0357792687583034e-11
197.1253846850258 1.8327143379588496e-11
197.2297390443085 1.9676159687301246e-11
197.3340934035912 1.805444887554092e-11
197.43844776287392 1.6312359969719992e-11
197.54280212215662 1.727085520561762e-11
197.6471564814393 1.5528993326784768e-11
197.751510840722 1.3988618413627633e-11
197.85586520000473 1.4471292604542421e-11
197.96021955928742 1.2760576896424536e-11
198.06457391857012 1.1545200633483724e-11
198.1689282778528 1.1505995882976052e-11
198.27328263713554 9.792572757926075e-12
198.37763699641823 8.958378656728848e-12
198.48199135570093 8.533699091425541e-12
198.58634571498362 6.8434199397886346e-12
198.69070007426635 6.312171260015414e-12
198.79505443354904 5.685526356686298e-12
198.89940879283174 4.204947630412304e-12
199.00376315211446 3.910978436914751e-12
199.10811751139715 3.1880328024977103e-12
199.21247187067988 2.0317442970867156e-12
199.31682622996257 1.9544643994001933e-12
199.42118058924527 1.3461562851122229e-12
199.52553494852796 5.948912178601008e-13
199.62988930781069 6.252264383769684e-13
199.73424366709338 3.2823922284070876e-13
199.83859802637608 4.016762808951889e-14
199.94295238565877 3.852452491299002e-14
