0.0 0.0
0.10435435928270291 1.8401853138420576e-10
0.20870871856540582 7.347259187236014e-10
0.3130630778481087 1.6475920418988372e-09
0.41741743713081164 2.9124828303890903e-09
0.5217717964135146 4.521707473381648e-09
0.6261261556962174 6.460640029915409e-09
0.7304805149789203 8.706547896482073e-09
0.8348348742616233 1.1239743726784889e-08
0.9391892335443263 1.406295462238185e-08
1.0435435928270291 1.7108310110202434e-08
1.1478979521097321 2.0333848204415887e-08
1.2522523113924349 2.3855052088428447e-08
1.3566066706751378 2.7424740792400694e-08
1.4609610299578406 3.1023282238039766e-08
1.5653153892405436 3.505732611625716e-08
1.6696697485232466 3.8747368335697535e-08
1.7740241078059495 4.236446148363552e-08
1.8783784670886525 4.6704236799260185e-08
1.9827328263713553 5.002234824717151e-08
2.0870871856540583 5.336075356300307e-08
2.1914415449367612 5.7796706588159095e-08
2.2957959042194642 6.007849295157636e-08
2.400150263502167 6.291792667320795e-08
2.5045046227848697 6.710434311539743e-08
2.6088589820675727 6.779345352856958e-08
2.7132133413502757 7.008913211891533e-08
2.8175677006329787 7.35013518819511e-08
2.921922059915681 7.220135165823312e-08
3.026276419198384 7.391069623678331e-08
3.130630778481087 7.590828942041997e-08
3.23498513776379 7.264703784465063e-08
3.339339497046493 7.360414034621498e-08
3.4436938563291957 7.355779713038223e-08
3.548048215611899 6.881787275301544e-08
3.6524025748946016 6.859804514729524e-08
3.756756934177305 6.621974569141106e-08
3.8611112934600076 6.083848796439656e-08
3.9654656527427106 5.8742452896712465e-08
4.0698200120254135 5.44036435853869e-08
4.1741743713081165 4.925674298216226e-08
4.2785287305908195 4.460954897338884e-08
4.3828830898735225 3.952296276440482e-08
4.4872374491562255 3.511147702580634e-08
4.5915918084389284 2.7919142408899066e-08
4.6959461677216305 2.3919763412303884e-08
4.800300527004334 2.0123864283357805e-08
4.9046548862870365 1.1994896950632984e-08
5.0090092455697395 1.0770509161991843e-08
5.1133636048524425 7.1283397738397424e-09
5.217717964135145 2.11050778921522e-09
5.322072323417848 3.9694236712411445e-09
5.426426682700551 7.537031801777161e-10
5.530781041983254 5.593856027835244e-09
5.635135401265957 8.157758496080739e-09
5.73948976054866 8.275897844412561e-09
5.843844119831362 3.160859767080556e-08
5.948198479114066 2.910855949922904e-08
6.052552838396768 4.045510443834403e-08
6.156907197679472 9.0631817934828e-08
6.261261556962174 7.468221355424965e-08
6.365615916244878 1.1205205597982379e-07
6.46997027552758 1.938243755702083e-07
6.574324634810284 1.564981247601406e-07
6.678678994092986 2.416151608388884e-07
6.783033353375689 3.5278412786497877e-07
6.887387712658391 2.921996636264479e-07
6.991742071941095 4.5021805290290816e-07
7.096096431223798 5.804349365596378e-07
7.200450790506501 5.07727281278083e-07
7.304805149789203 7.592729286779081e-07
7.409159509071906 8.937037768652491e-07
7.51351386835461 8.386927008203972e-07
7.617868227637313 1.1881071746738588e-06
7.722222586920015 1.3181747985446947e-06
7.826576946202718 1.329978776329775e-06
7.930931305485421 1.7524020854577887e-06
8.035285664768125 1.8943202348917886e-06
8.139640024050827 2.033025167804412e-06
8.24399438333353 2.4646686814892565e-06
8.348348742616233 2.6845099272799533e-06
8.452703101898935 3.0005038445914444e-06
8.557057461181639 3.33813380375761e-06
8.661411820464341 3.7794227571766513e-06
8.765766179747045 4.278528915387106e-06
8.870120539029747 4.395560888067497e-06
8.974474898312451 5.3013418893419804e-06
9.078829257595153 5.8977906727707675e-06
9.183183616877857 5.683962274161419e-06
9.287537976160559 7.400852276109033e-06
9.391892335443261 7.866878143291207e-06
9.496246694725965 7.294068933417464e-06
9.600601054008669 1.0243856792194903e-05
9.704955413291371 1.0173091703056036e-05
9.809309772574073 9.380235142621095e-06
9.913664131856777 1.3988224705078726e-05
10.018018491139479 1.2795666083752982e-05
10.122372850422183 1.217445155239244e-05
10.226727209704885 1.8752707153366696e-05
10.331081568987589 1.5736066262715492e-05
10.43543592827029 1.598578426435673e-05
10.539790287552993 2.458498344390064e-05
10.644144646835697 1.9065863097467233e-05
10.7484990061184 2.1177842437606742e-05
10.852853365401103 3.143821401563651e-05
10.957207724683805 2.299262423981191e-05
11.061562083966509 2.8114188412468308e-05
11.165916443249213 3.917533144288628e-05
11.270270802531915 2.7933114169115363e-05
11.374625161814617 3.707155472049842e-05
11.47897952109732 4.761719969749757e-05
11.583333880380025 3.458745062577348e-05
11.687688239662725 4.811107837904769e-05
11.792042598945429 5.667309579957814e-05
11.896396958228133 4.3971167986102584e-05
12.000751317510835 6.096534899936897e-05
12.105105676793537 6.654264771137751e-05
12.20946003607624 5.7404675239152496e-05
12.313814395358945 7.491367465044985e-05
12.418168754641647 7.804305783543299e-05
12.522523113924349 7.640944444908575e-05
12.626877473207053 8.875627495998146e-05
12.731231832489756 9.302446026367321e-05
12.835586191772459 0.0001025033641017451
12.93994055105516 0.00010091178265490555
13.044294910337864 0.00011488586713259187
13.148649269620568 0.00013686357309030192
13.253003628903269 0.00010974948410441807
13.357357988185973 0.00014915232673301526
13.461712347468676 0.00017986947706734262
13.566066706751378 0.0001142385376514465
13.67042106603408 0.00020405253758560754
13.774775425316783 0.00023056661614443699
13.879129784599488 0.00011506483073435423
13.98348414388219 0.0002909786291977435
14.087838503164894 0.0002860917178648697
14.192192862447596 0.00011625438468646195
14.296547221730298 0.0004248112649229658
14.400901581013002 0.00034126271883214214
14.505255940295704 0.00012745736006683115
14.609610299578407 0.0006238475533628066
14.71396465886111 0.0003884183829818191
14.818319018143812 0.00016695680408341718
14.922673377426518 0.0009094580650237686
15.02702773670922 0.00041780493276710365
15.131382095991922 0.0002655291751466908
15.235736455274626 0.001305125011378488
15.340090814557328 0.00041880750429721785
15.44444517384003 0.00047124651393320435
15.548799533122734 0.001834967530864602
15.653153892405436 0.00038254770555327244
15.757508251688138 0.0008554054210916212
15.861862610970842 0.0025215637085338597
15.966216970253544 0.00030638999771972174
16.07057132953625 0.0015200679567776362
16.174925688818952 0.0033832645015708044
16.279280048101654 0.00020107039869024856
16.38363440738436 0.002607694957958111
16.48798876666706 0.004431365309159714
16.59234312594976 0.00010206857053977177
16.696697485232466 0.0043147872234374695
16.801051844515168 0.0056667268834924055
16.90540620379787 8.76583920203498e-05
17.009760563080576 0.006911622102954112
17.114114922363278 0.0070768298690411175
17.21846928164598 0.00030821102807662926
17.322823640928682 0.010778499318175275
17.427178000211384 0.008630328152989478
17.53153235949409 0.001035757381936539
17.635886718776792 0.01647418049269044
17.740241078059494 0.010250720949816711
17.8445954373422 0.002751283573090321
17.948949796624902 0.024832082473416197
18.053304155907604 0.011872470346080789
18.157658515190306 0.006380312041508439
18.262012874473008 0.037018855819696
18.366367233755714 0.01340032840874637
18.470721593038416 0.013535376592486327
18.575075952321118 0.05560651756917014
18.679430311603824 0.014612456824687297
18.783784670886522 0.02779939738930313
18.888139030169224 0.0847935365992988
18.99249338945193 0.015337320037651292
19.096847748734632 0.05715145264521198
19.201202108017338 0.13523223386240366
19.30555646730004 0.015184630841322502
19.409910826582742 0.12434565094080814
19.514265185865444 0.2359796442676775
19.618619545148146 0.013891396910647343
19.722973904430848 0.3143814435442744
19.827328263713554 0.5060016484392199
19.931682622996256 0.01286549501301846
20.036036982278958 1.1978124834562183
20.140391341561664 2.012909389248008
20.244745700844366 0.111611970220772
20.349100060127068 48.46368467593363
20.45345441940977 61.02997782953929
20.557808778692472 0.4859090099452769
20.662163137975178 2.835028750170646
20.76651749725788 0.6737383192836215
20.87087185654058 0.13052571864341783
20.975226215823287 0.5307147242905892
21.079580575105986 0.1482659835303388
21.18393493438869 0.09639971011648028
21.288289293671394 0.18904363901711857
21.392643652954096 0.08748226025079381
21.4969980122368 0.09530195312513942
21.601352371519503 0.08190662631200404
21.705706730802206 0.13746960458693
21.810061090084908 0.12578378605583834
21.91441544936761 0.060127283552014625
22.018769808650312 0.5264561489199795
22.123124167933018 0.5046204650678655
22.22747852721572 6.431794987465396
22.331832886498425 2.027667956271538
22.436187245781127 0.033286187276754114
22.54054160506383 0.015182188594531689
22.64489596434653 0.0021970592006438747
22.749250323629234 0.00667033298095932
22.853604682911936 0.6924922882557367
22.95795904219464 0.5227967799956965
23.062313401477343 0.015141693742262046
23.16666776076005 0.12060937388750767
23.27102212004275 0.06358814968105438
23.37537647932545 0.07753640795401238
23.479730838608155 0.010105890639790848
23.584085197890857 0.06396372570534574
23.68843955717356 0.021290236598867474
23.792793916456265 0.025026141179422777
23.897148275738967 0.043596713385527425
24.00150263502167 0.014197434675312716
24.10585699430437 0.028455658643825314
24.210211353587074 0.0313988627698827
24.31456571286978 0.012142186132034457
24.41892007215248 0.02770802482257829
24.523274431435183 0.022709576618746303
24.62762879071789 0.011357630841174601
24.73198315000059 0.025127306064176222
24.836337509283293 0.01618360304805975
24.940691868565995 0.010867286646288441
25.045046227848697 0.02154056221508698
25.1494005871314 0.01137843501001317
25.253754946414105 0.010307970113929147
25.358109305696807 0.01770359120277213
25.462463664979513 0.007851006973722997
25.566818024262215 0.009559161916463367
25.671172383544917 0.01395678398621089
25.77552674282762 0.005343739572050963
25.87988110211032 0.008618553213079997
25.984235461393023 0.010546512078108127
26.08858982067573 0.0036167643050910307
26.19294417995843 0.00751539129464222
26.297298539241137 0.007621200166658923
26.401652898523835 0.002464119918235222
26.506007257806537 0.006325382112664102
26.610361617089243 0.005237699526768076
26.714715976371945 0.0017191616289727611
26.819070335654647 0.0051278090078250085
26.923424694937353 0.003393341004871883
27.027779054220055 0.0012481916601001695
27.132133413502757 0.003992866051449908
27.23648777278546 0.002045571850815814
27.34084213206816 0.00094976514346619
27.445196491350863 0.0029767229496479057
27.549550850633565 0.0011221434296528484
27.653905209916275 0.0007517145155829121
27.758259569198977 0.0021151567737128394
27.86261392848168 0.000538934907282589
27.96696828776438 0.0006071945143382166
28.07132264704708 0.0014244101130501503
28.17567700632979 0.00021025458515241648
28.28003136561249 0.0004889379957248514
28.384385724895193 0.000903456209158201
28.488740084177895 5.7521844608801186e-05
28.593094443460597 0.0003841289809837558
28.6974488027433 0.0005373945926265542
28.801803162026005 1.4533310310184518e-05
28.906157521308707 0.0002891151566115562
29.01051188059141 0.0003020499356257894
29.11486623987411 2.9803982802654108e-05
29.219220599156813 0.00020500872201583456
29.323574958439522 0.00016857741570349915
29.42792931772222 6.686536692283095e-05
29.532283677004923 0.0001344920171239751
29.636638036287625 0.00010751937851391674
29.740992395570327 0.00010285371832272853
29.845346754853036 7.972882074153193e-05
29.94970111413574 9.202364739220916e-05
30.05405547341844 0.0001259918205836807
30.158409832701143 4.129855021313896e-05
30.262764191983845 9.998887623049188e-05
30.367118551266543 0.00013269855667633827
30.471472910549252 1.7962712021190162e-05
30.575827269831954 0.00011504584791202753
30.680181629114657 0.00012471314206949631
30.78453598839736 7.002032523877012e-06
30.88889034768006 0.00012671140942222166
30.993244706962766 0.00010651128635176946
31.09759906624547 4.8287237060669514e-06
31.20195342552817 0.0001297452222619034
31.306307784810873 8.335302351562566e-05
31.410662144093575 7.701526006460041e-06
31.515016503376277 0.000123046160522292
31.619370862658986 5.991183159520294e-05
31.723725221941685 1.235748818715307e-05
31.828079581224387 0.00010829773999232226
31.93243394050709 3.951603108384289e-05
32.03678829978979 1.6422584197973098e-05
32.1411426590725 8.864551148097506e-05
32.2454970183552 2.3928110670371984e-05
32.349851377637904 1.8579799879145933e-05
32.454205736920606 6.751490573718052e-05
32.55856009620331 1.3513451071244417e-05
32.66291445548601 1.8484026495243382e-05
32.76726881476872 4.777185890246487e-05
32.87162317405142 7.658000702603239e-06
32.97597753333412 1.650108972368169e-05
33.08033189261682 3.1308675366187595e-05
33.18468625189952 5.232402821035174e-06
33.28904061118223 1.337408564069991e-05
33.39339497046493 1.8958807695045558e-05
33.497749329747634 5.002673499714375e-06
33.602103689030336 9.921762998317524e-06
33.70645804831304 1.0674994787680685e-05
33.81081240759574 5.89477327554892e-06
33.91516676687845 6.822705719094434e-06
34.01952112616115 5.813099200689309e-06
34.123875485443854 7.135449710314646e-06
34.228229844726556 4.492058150182089e-06
34.33258420400926 3.44758968449246e-06
34.43693856329196 8.266609894985577e-06
34.54129292257466 3.0590069542260742e-06
34.645647281857364 2.618985532085742e-06
34.75000164114007 9.0924078869392e-06
34.85435600042277 2.3939409783178934e-06
34.95871035970548 2.532692149699796e-06
35.06306471898818 9.569440421913965e-06
35.16741907827088 2.2274626681677857e-06
35.271773437553584 2.646902481506362e-06
35.376127796836286 9.745525839507268e-06
35.48048215611899 2.271846642367834e-06
35.5848365154017 2.6960416814271934e-06
35.6891908746844 9.710103844047273e-06
35.7935452339671 2.2870326892330215e-06
35.897899593249804 2.649234063241897e-06
36.002253952532506 9.498607076021087e-06
36.10660831181521 2.149268873016347e-06
36.21096267109791 2.590874910506701e-06
36.31531703038061 9.102403194997907e-06
36.419671389663314 1.8963489011684359e-06
36.524025748946016 2.635629669045652e-06
36.62838010822872 8.552447925949508e-06
36.73273446751143 1.6650629858636573e-06
36.83708882679413 2.888846015443606e-06
36.94144318607683 7.862466553665334e-06
37.045797545359534 1.6302867247801963e-06
37.150151904642236 3.351419753420732e-06
37.254506263924945 7.065840778694373e-06
37.35886062320765 1.967512589094197e-06
37.46321498249035 3.952564344192346e-06
37.567569341773044 6.2733471648312935e-06
37.671923701055746 2.780551635673181e-06
37.77627806033845 4.576066214350662e-06
37.88063241962116 5.6034562253668726e-06
37.98498677890386 4.061904923840205e-06
38.08934113818656 5.0812893626787784e-06
38.193695497469264 5.1934152228122915e-06
38.298049856751966 5.7034866179648524e-06
38.402404216034675 5.369113288574385e-06
38.50675857531738 5.16147745735144e-06
38.61111293460008 7.508917028204091e-06
38.71546729388278 5.399191339072836e-06
38.819821653165484 5.568532614483463e-06
38.924176012448186 9.236102797004356e-06
39.02853037173089 5.217365865530921e-06
39.13288473101359 6.403925642713842e-06
39.23723909029629 1.0640646979766932e-05
39.341593449578994 4.918442401805169e-06
39.445947808861696 7.568760300818493e-06
39.550302168144405 1.1570465691480498e-05
39.65465652742711 4.661981665629261e-06
39.75901088670981 8.89688897400525e-06
39.86336524599251 1.1936447150055781e-05
39.967719605275214 4.57342017040144e-06
40.072073964557916 1.0187874185972142e-05
40.176428323840625 1.1801700903245556e-05
40.28078268312333 4.752575800875119e-06
40.38513704240603 1.126194413069567e-05
40.48949140168873 1.1287773772737741e-05
40.59384576097143 5.2141926675263985e-06
40.698200120254135 1.1968362796156742e-05
40.80255447953684 1.0590232031571801e-05
40.90690883881954 5.942348199411151e-06
41.01126319810224 1.225495599096702e-05
41.115617557384944 9.871860178382076e-06
41.21997191666765 6.791522510900235e-06
41.324326275950355 1.2096534345938947e-05
41.42868063523306 9.330363297380815e-06
41.53303499451576 7.73036949593623e-06
41.63738935379846 1.1563386942778262e-05
41.74174371308116 9.013565665270431e-06
41.84609807236387 8.52638311215544e-06
41.950452431646575 1.0787359191033359e-05
42.05480679092928 9.017207722990718e-06
42.15916115021197 9.103798959319863e-06
42.263515509494674 9.89489004219595e-06
42.36786986877738 9.275240358718426e-06
42.472224228060085 9.36121899564636e-06
42.57657858734279 9.046686375617588e-06
42.68093294662549 9.712159776196186e-06
42.78528730590819 9.275141717430875e-06
42.889641665190894 8.350148680875305e-06
42.9939960244736 1.0184319246488326e-05
43.098350383756305 8.876436759372063e-06
43.20270474303901 7.875470606511048e-06
43.30705910232171 1.0562686727997403e-05
43.41141346160441 8.259893522923187e-06
43.51576782088712 7.630821650316261e-06
43.620122180169815 1.0726553843094876e-05
43.72447653945252 7.51018542266328e-06
43.82883089873522 7.5772749074249674e-06
43.93318525801792 1.0618339929165722e-05
44.037539617300624 6.750458861065297e-06
44.14189397658333 7.636763593715398e-06
44.246248335866035 1.0210528351728847e-05
44.35060269514874 6.066233639863983e-06
44.45495705443144 7.718786902641656e-06
44.55931141371414 9.53808264114445e-06
44.66366577299685 5.5233713228345835e-06
44.76802013227955 7.72641913182952e-06
44.872374491562255 8.671288454216112e-06
44.97672885084496 5.149050838626401e-06
45.08108321012766 7.582832467789935e-06
45.18543756941036 7.711520393086207e-06
45.28979192869306 4.930005996629361e-06
45.394146287975765 7.2455956906602715e-06
45.49850064725847 6.761224161176726e-06
45.60285500654117 4.817846381227686e-06
45.70720936582387 6.716787481693579e-06
45.81156372510658 5.906468737920189e-06
45.91591808438928 4.745486424565432e-06
46.020272443671985 6.034056881393851e-06
46.12462680295469 5.200995419021967e-06
46.22898116223739 4.647866345303696e-06
46.3333355215201 5.259050480683232e-06
46.4376898808028 4.660538676529941e-06
46.5420442400855 4.473786657950347e-06
46.646398599368204 4.4632985687797125e-06
46.7507529586509 4.269045475738704e-06
46.8551073179336 4.193109139510516e-06
46.95946167721631 3.713989327194086e-06
47.06381603649901 3.9858768258329836e-06
47.168170395781715 3.8015308827448155e-06
47.27252475506442 3.0635766389280906e-06
47.37687911434712 3.7553938499059103e-06
47.48123347362983 3.3201576878249033e-06
47.58558783291253 2.5403760532000367e-06
47.68994219219523 3.5220074082505563e-06
47.794296551477935 2.7896991969007367e-06
47.89865091076064 2.1438686203333655e-06
48.00300527004334 3.2451048834074962e-06
48.10735962932605 2.258621451013203e-06
48.21171398860874 1.850409904541758e-06
48.316068347891445 2.907600036323051e-06
48.42042270717415 1.7692329266693286e-06
48.52477706645685 1.6254156086139348e-06
48.62913142573956 2.515517857492662e-06
48.73348578502226 1.3491597259375952e-06
48.83784014430496 1.4349699577839711e-06
48.942194503587665 2.0903650214947888e-06
49.04654886287037 1.0104351141219486e-06
49.15090322215307 1.252843462997394e-06
49.25525758143578 1.660349695345974e-06
49.35961194071848 7.523248989666266e-07
49.46396630000118 1.0633300318142234e-06
49.568320659283884 1.2540247822448064e-06
49.672675018566586 5.648365336969442e-07
49.77702937784929 8.616082270579426e-07
49.88138373713199 8.968085999618117e-07
49.98573809641469 4.3129228241452523e-07
50.090092455697395 6.540894049440632e-07
50.1944468149801 6.058679063716134e-07
50.2988011742628 3.333066444389455e-07
50.40315553354551 4.5552911701601186e-07
50.50750989282821 3.8682516789945054e-07
50.61186425211091 2.5596844543012974e-07
50.716218611393614 2.837830945760787e-07
50.82057297067632 2.336586554948821e-07
50.924927329959026 1.9175059922438078e-07
51.02928168924173 1.5318119458545302e-07
51.13363604852443 1.332477224364231e-07
51.23799040780713 1.4058896764153376e-07
51.342344767089834 7.067870354105717e-08
51.446699126372536 7.094913677544744e-08
51.55105348565524 1.0762485940873496e-07
51.65540784493794 3.518498036976714e-08
51.75976220422064 3.535509092139972e-08
51.864116563503345 9.902784727689148e-08
51.96847092278605 4.005709569303869e-08
52.072825282068756 1.9199430308704337e-08
52.17717964135146 1.2003184786000883e-07
52.28153400063416 7.485169505163146e-08
52.38588835991686 2.006193874889728e-08
52.490242719199564 1.7260689449876152e-07
52.59459707848227 1.2775996195541072e-07
52.698951437764975 3.998783313570056e-08
52.80330579704767 2.5400611932781e-07
52.90766015633037 1.887543419727096e-07
53.012014515613075 8.402476075728576e-08
53.11636887489578 3.5653425339949165e-07
53.220723234178486 2.528722614507716e-07
53.32507759346119 1.5713806400386618e-07
53.42943195274389 4.6952866725862974e-07
53.53378631202659 3.2149956744592084e-07
53.638140671309294 2.6091289242556093e-07
53.742495030592 5.828486320626372e-07
53.846849389874706 4.003764887492389e-07
53.95120374915741 3.9228757520706225e-07
54.05555810844011 6.891452910403159e-07
54.15991246772281 4.966723510817223e-07
54.264266827005514 5.440500510678802e-07
54.368621186288216 7.847804572787418e-07
54.47297554557092 6.167177022118059e-07
54.57732990485362 7.059921924861511e-07
54.68168426413632 8.698741659910926e-07
54.786038623419024 7.648873641380891e-07
54.89039298270173 8.65609679303716e-07
54.99474734198443 9.491983845722456e-07
55.09910170126713 9.415111714115878e-07
55.20345606054985 1.0099216116129075e-06
55.30781041983255 1.0322217545010265e-06
55.41216477911525 1.140115592870689e-06
55.51651913839795 1.1292562580872934e-06
55.620873497680655 1.130328544367195e-06
55.72522785696336 1.3466772895525912e-06
55.82958221624606 1.2212443171277258e-06
55.93393657552876 1.2514704372563908e-06
56.03829093481146 1.5432102050205223e-06
56.14264529409416 1.2916159581155846e-06
56.24699965337686 1.3958556643397707e-06
56.35135401265958 1.7141775828159892e-06
56.45570837194228 1.3502940966179688e-06
56.56006273122498 1.556757103073491e-06
56.66441709050768 1.849848884452756e-06
56.768771449790385 1.4073786252661445e-06
56.87312580907309 1.7233775883131986e-06
56.97748016835579 1.9467968418358415e-06
57.08183452763849 1.470345110410681e-06
57.186188886921194 1.8845737583807263e-06
57.290543246203896 2.0046615812400143e-06
57.3948976054866 1.5459230562601275e-06
57.49925196476931 2.026960262470421e-06
57.60360632405201 2.028546166931035e-06
57.70796068333471 1.6374458275042126e-06
57.81231504261741 2.1374340023681683e-06
57.916669401900116 2.0279664944109415e-06
58.02102376118282 1.7444479499025483e-06
58.12537812046552 2.202996920607242e-06
58.22973247974822 2.0202279354017735e-06
58.334086839030924 1.855632536305071e-06
58.438441198313626 2.2217144803009435e-06
58.54279555759633 2.018720964594004e-06
58.647149916879044 1.956729985987858e-06
58.75150427616175 2.1985034331549052e-06
58.85585863544444 2.0330990966890297e-06
58.960212994727144 2.0304507570331332e-06
59.064567354009846 2.149237624198858e-06
59.16892171329255 2.0589381360492975e-06
59.27327607257525 2.0700023288976686e-06
59.37763043185795 2.0854126962218314e-06
59.481984791140654 2.0901306844217936e-06
59.586339150423356 2.0722374285325902e-06
59.69069350970607 2.0172650815699918e-06
59.795047868988775 2.1176961914926754e-06
59.89940222827148 2.039638506723052e-06
60.00375658755418 1.9501619538227772e-06
60.10811094683688 2.135043614100123e-06
60.21246530611958 1.9747881241290644e-06
60.316819665402285 1.8894960815508301e-06
60.42117402468499 2.1348424685671053e-06
60.52552838396769 1.8823146191845354e-06
60.629882743250384 1.8397622277076738e-06
60.734237102533086 2.1073881749858193e-06
60.8385914618158 1.7722215416846777e-06
60.942945821098505 1.7993632570821098e-06
61.04730018038121 2.0466113200227564e-06
61.15165453966391 1.6569097880318166e-06
61.25600889894661 1.7610422801979717e-06
61.36036325822931 1.951467678560208e-06
61.464717617512015 1.5483593613763657e-06
61.56907197679472 1.7145536739222315e-06
61.67342633607742 1.82756424108862e-06
61.77778069536012 1.4495842270376471e-06
61.88213505464282 1.6531746231346972e-06
61.98648941392553 1.6851166141983648e-06
62.090843773208235 1.3581321967862599e-06
62.19519813249094 1.5726835604210824e-06
62.29955249177364 1.5396137765828597e-06
62.40390685105634 1.2783320233077325e-06
62.50826121033904 1.4723301972529927e-06
62.612615569621745 1.3898934468292728e-06
62.71696992890445 1.2037431547206108e-06
62.82132428818715 1.3534403438994647e-06
62.92567864746985 1.2452810330641863e-06
63.030033006752554 1.1305783369536206e-06
63.13438736603527 1.217611498133887e-06
63.23874172531797 1.113711492105065e-06
63.343096084600674 1.0537570509693121e-06
63.44745044388337 1.0705946044566502e-06
63.55180480316607 9.991689682423018e-07
63.65615916244877 9.669778496780895e-07
63.760513521731475 9.22392444957286e-07
63.86486788101418 9.003224473962701e-07
63.96922224029688 8.672310878700958e-07
64.07357659957958 7.829249868097827e-07
64.17793095886229 8.114205454655828e-07
64.282285318145 7.56890186652832e-07
64.3866396774277 6.582475668494495e-07
64.4909940367104 7.260786780932794e-07
64.5953483959931 6.41805218476036e-07
64.69970275527581 5.498812726770379e-07
64.8040571145585 6.406668405197204e-07
64.90841147384121 5.27994112196757e-07
65.01276583312391 4.568269778161272e-07
65.11712019240662 5.540954550123947e-07
65.22147455168931 4.20127339334632e-07
65.32582891097202 3.7764111157394624e-07
65.43018327025473 4.6626801544129443e-07
65.53453762953744 3.2216579784560044e-07
65.63889198882013 3.1034676975411613e-07
65.74324634810284 3.7772675260524777e-07
65.84760070738554 2.3786397573974845e-07
65.95195506666823 2.516998679164268e-07
66.05630942595094 2.907887644707655e-07
66.16066378523364 1.6968149372537118e-07
66.26501814451635 1.9797128917908305e-07
66.36937250379904 2.099863996453483e-07
66.47372686308175 1.1732886911424252e-07
66.57808122236446 1.4709414866069863e-07
66.68243558164717 1.4043052767045037e-07
66.78678994092986 7.799771799363352e-08
66.89114430021257 9.994723993249842e-08
66.99549865949527 8.538612592865702e-08
67.09985301877798 4.832508505805123e-08
67.20420737806067 5.9392567169407085e-08
67.30856173734338 4.533315891094968e-08
67.41291609662608 2.6184375921802576e-08
67.51727045590879 2.8281162540709787e-08
67.62162481519148 1.897315766848035e-08
67.72597917447419 1.0897740220510958e-08
67.8303335337569 8.412364262601204e-09
67.9346878930396 4.535851204376256e-09
68.0390422523223 2.538639628790004e-09
68.143396611605 7.216231733691752e-10
68.24775097088771 1.4138219793566259e-10
68.3521053301704 1.613189597314595e-09
68.45645968945311 5.478311904409126e-09
68.5608140487358 3.6919502843516966e-09
68.66516840801852 9.236328162564156e-09
68.76952276730121 2.178886048985564e-08
68.87387712658392 1.3356031531576673e-08
68.97823148586663 2.6848686929905728e-08
69.08258584514932 4.723917799001834e-08
69.18694020443203 2.8511230416342935e-08
69.29129456371473 5.514200378302791e-08
69.39564892299744 7.869220379947852e-08
69.50000328228013 4.995141609556953e-08
69.60435764156284 9.321650792255043e-08
69.70871200084554 1.137279967000614e-07
69.81306636012825 7.893249948818956e-08
69.91742071941096 1.3891929625846193e-07
70.02177507869366 1.5127971012583714e-07
70.12612943797636 1.1610683076952557e-07
70.23048379725907 1.8984389234267747e-07
70.33483815654176 1.9108354550698618e-07
70.43919251582446 1.6139369989880883e-07
70.54354687510717 2.437493695942165e-07
70.64790123438986 2.330636830843353e-07
70.75225559367257 2.1441506150112583e-07
70.85660995295527 2.9819189988044173e-07
70.96096431223798 2.776308910503704e-07
71.06531867152069 2.7432780276635683e-07
71.1696730308034 3.505004370931839e-07
71.27402739008609 3.262533423506688e-07
71.3783817493688 3.389205378852482e-07
71.4827361086515 3.9887961011274876e-07
71.5870904679342 3.8088735061203545e-07
71.6914448272169 4.0429457363713786e-07
71.79579918649961 4.4369770540633544e-07
71.9001535457823 4.422034183095612e-07
72.00450790506501 4.6614404868232515e-07
72.1088622643477 4.87285736765968e-07
72.21321662363042 5.08339586015352e-07
72.31757098291313 5.217314177113473e-07
72.42192534219582 5.320784519666882e-07
72.52627970147853 5.756453826243566e-07
72.63063406076122 5.706040353601421e-07
72.73498842004393 5.789000933370791e-07
72.83934277932663 6.406710518857057e-07
72.94369713860934 6.134337712844939e-07
73.04805149789203 6.270783423888752e-07
73.15240585717474 7.012363416928387e-07
73.25676021645744 6.505348571705483e-07
73.36111457574015 6.758740115744157e-07
73.46546893502286 7.556389456984134e-07
73.56982329430555 6.818843507301435e-07
73.67417765358826 7.251495464363086e-07
73.77853201287095 8.014499058136499e-07
73.88288637215366 7.084374668261305e-07
73.98724073143636 7.742729766295087e-07
74.09159509071907 8.358863946272241e-07
74.19594945000176 7.327401133983031e-07
74.30030380928447 8.206354320612078e-07
74.40465816856717 8.577182127979658e-07
74.50901252784989 7.575863983351878e-07
74.61336688713259 8.598742054241648e-07
74.7177212464153 8.68588033731608e-07
74.82207560569799 7.838710849771481e-07
74.9264299649807 8.879747359120068e-07
75.0307843242634 8.721078566114664e-07
75.13513868354609 8.098758684317793e-07
75.2394930428288 9.032226714272312e-07
75.34384740211149 8.71586932762079e-07
75.4482017613942 8.326337539207446e-07
75.5525561206769 9.061605394002652e-07
75.65691047995962 8.687061215414058e-07
75.76126483924232 8.497269412546219e-07
75.86561919852502 8.980575883589091e-07
75.96997355780772 8.64136386873714e-07
76.07432791709043 8.595946390592644e-07
76.17868227637312 8.799678205967673e-07
76.28303663565583 8.587211213906884e-07
76.38739099493853 8.605169016087419e-07
76.49174535422124 8.534393343000971e-07
76.59609971350393 8.532999077022792e-07
76.70045407278664 8.501520272816069e-07
76.80480843206935 8.216064397782306e-07
76.90916279135205 8.471974668636566e-07
77.01351715063475 8.268026367068901e-07
77.11787150991745 7.887301321228098e-07
77.22222586920016 8.373423794845782e-07
77.32658022848285 7.912868644199063e-07
77.43093458776556 7.580562569228199e-07
77.53528894704826 8.19524461599833e-07
77.63964330633097 7.473017921633232e-07
77.74399766561366 7.29953656710694e-07
77.84835202489637 7.909139236135078e-07
77.95270638417908 6.996231961262547e-07
78.05706074346178 7.021776138399238e-07
78.16141510274448 7.515662418456871e-07
78.26576946202718 6.517873299610214e-07
78.37012382130989 6.718766424024611e-07
78.47447818059258 7.037253368595544e-07
78.5788325398753 6.052582949114974e-07
78.68318689915799 6.373194041499386e-07
78.7875412584407 6.500632870271515e-07
78.89189561772339 5.603121614930832e-07
78.9962499770061 5.97986454653303e-07
79.10060433628881 5.927572943962117e-07
79.20495869557152 5.171089738618931e-07
79.30931305485421 5.537048490911036e-07
79.41366741413692 5.338887436145021e-07
79.51802177341962 4.756848962596518e-07
79.62237613270231 5.043704757266736e-07
79.72673049198502 4.759489882702263e-07
79.83108485126772 4.3528213143655307e-07
79.93543921055043 4.506693148207688e-07
80.03979356983312 4.2130981380747986e-07
80.14414792911583 3.9435524786974466e-07
80.24850228839854 3.946737450546443e-07
80.35285664768125 3.710969004471514e-07
80.45721100696395 3.5163746737815247e-07
80.56156536624665 3.392550523685762e-07
80.66591972552935 3.2483822576084995e-07
80.77027408481206 3.072074043302018e-07
80.87462844409475 2.8672057120730567e-07
80.97898280337746 2.814134118422581e-07
81.08333716266016 2.623796145577628e-07
81.18769152194287 2.3808072199500864e-07
81.29204588122558 2.402792681259591e-07
81.39640024050827 2.186254454425318e-07
81.50075459979098 1.9357616504887174e-07
81.60510895907368 2.0169910317605372e-07
81.70946331835638 1.7680217426158952e-07
81.81381767763908 1.5361653837829294e-07
81.91817203692179 1.6598141508233145e-07
82.02252639620448 1.3742669944658224e-07
82.12688075548719 1.1895447612971025e-07
82.23123511476989 1.3285933485954215e-07
82.3355894740526 1.0142495415948446e-07
82.4399438333353 8.997599141364914e-08
82.544298192618 1.0185442741458488e-07
82.64865255190071 7.023866398333934e-08
82.7530069111834 6.614257350785688e-08
82.85736127046611 7.31214867999628e-08
82.96171562974881 4.511935332648494e-08
83.06606998903152 4.63166736412492e-08
83.17042434831421 4.77891243031875e-08
83.27477870759692 2.6328103271202786e-08
83.37913306687962 2.9768393169084907e-08
83.48348742616233 2.7231668369380813e-08
83.58784178544504 1.3299110112699013e-08
83.69219614472775 1.6501924449902265e-08
83.79655050401044 1.2384804112268746e-08
83.90090486329315 5.2052749495354124e-09
84.00525922257584 7.043364033691996e-09
84.10961358185855 3.5104508794515166e-09
84.21396794114125 1.4062942962100338e-09
84.31832230042394 1.953404062657055e-09
84.42267665970665 4.6390392708278364e-10
84.52703101898935 1.4333683095540805e-09
84.63138537827206 1.721769779324273e-09
84.73573973755477 2.838643450094136e-09
84.84009409683748 4.928665591014551e-09
84.94444845612017 6.8346273937182225e-09
85.04880281540288 9.8591349747049e-09
85.15315717468557 1.1833906491039748e-08
85.25751153396828 1.7584020628516556e-08
85.36186589325098 2.0393902017464048e-08
85.46622025253369 2.2646828945810544e-08
85.57057461181638 3.352519032608404e-08
85.67492897109909 3.3550312155578525e-08
85.77928333038179 3.79967435266458e-08
85.8836376896645 5.350084607400564e-08
85.9879920489472 4.9082425776123414e-08
86.0923464082299 5.8085985583067835e-08
86.19670076751261 7.611845267702797e-08
86.3010551267953 6.734947701189674e-08
86.40540948607801 8.231859458126907e-08
86.50976384536071 1.0049057807434109e-07
86.61411820464342 8.864845234961131e-08
86.71847256392611 1.0971699604689905e-07
86.82282692320882 1.2626902010554877e-07
86.92718128249152 1.1280222714835194e-07
87.03153564177424 1.3951226623422348e-07
87.13589000105694 1.5309058746048739e-07
87.24024436033963 1.394628603591946e-07
87.34459871962234 1.711122309787601e-07
87.44895307890503 1.8030739177455114e-07
87.55330743818774 1.685656407874693e-07
87.65766179747044 2.0359622754253034e-07
87.76201615675315 2.074074649047893e-07
87.86637051603584 2.0020332877429027e-07
87.97072487531855 2.355083322012425e-07
88.07507923460125 2.3461384515825294e-07
88.17943359388397 2.339207486222236e-07
88.28378795316667 2.6546287742626573e-07
88.38814231244938 2.62743380942746e-07
88.49249667173207 2.6831948069221494e-07
88.59685103101478 2.9297707476861516e-07
88.70120539029747 2.9229508517275894e-07
88.80555974958018 3.016199066943151e-07
88.90991410886288 3.1848379175846683e-07
89.01426846814557 3.228285101216546e-07
89.11862282742828 3.3256550340062637e-07
89.22297718671098 3.4253062915420874e-07
89.3273315459937 3.5331590053878574e-07
89.4316859052764 3.6066152482388303e-07
89.5360402645591 3.651195044502565e-07
89.6403946238418 3.8298506504145433e-07
89.74474898312451 3.8550305171302837e-07
89.8491033424072 3.86067877132423e-07
89.95345770168991 4.1143312292781715e-07
90.05781206097261 4.063256058571796e-07
90.16216642025532 4.056263635566597e-07
90.26652077953801 4.3805766842032803e-07
90.37087513882072 4.222597630540914e-07
90.47522949810343 4.2477750629286686e-07
90.57958385738613 4.6118381957100057e-07
90.68393821666884 4.3351519030472323e-07
90.78829257595153 4.440640062113064e-07
90.89264693523424 4.787219957820695e-07
90.99700129451693 4.415670617951015e-07
91.10135565379964 4.6272657988650065e-07
91.20571001308234 4.893283048742434e-07
91.31006437236505 4.48362759268301e-07
91.41441873164774 4.787112545991116e-07
91.51877309093047 4.932884044036883e-07
91.62312745021316 4.5502005780070983e-07
91.72748180949586 4.897950423528323e-07
91.83183616877857 4.921762444814578e-07
91.93619052806126 4.613863372223095e-07
92.04054488734397 4.943775003526503e-07
92.14489924662666 4.882959911261447e-07
92.24925360590937 4.6538166216725443e-07
92.35360796519207 4.938407066904468e-07
92.45796232447478 4.81172672483187e-07
92.56231668375747 4.6745636131040874e-07
92.6666710430402 4.870284760534802e-07
92.77102540232289 4.7261300933279946e-07
92.8753797616056 4.661277222069574e-07
92.9797341208883 4.7491142703505006e-07
93.084088480171 4.62984605888945e-07
93.1884428394537 4.605978519228736e-07
93.29279719873641 4.5833866391522384e-07
93.3971515580191 4.527145545793616e-07
93.5015059173018 4.4987377054394704e-07
93.60586027658451 4.3892174578744025e-07
93.7102146358672 4.412471257709507e-07
93.81456899514993 4.3380883599444013e-07
93.91892335443262 4.1804607039562463e-07
94.02327771371533 4.277430908404024e-07
94.12763207299803 4.1279155832454186e-07
94.23198643228073 3.971075299623541e-07
94.33634079156343 4.106093164027675e-07
94.44069515084614 3.887670276126009e-07
94.54504951012883 3.754970568156977e-07
94.64940386941154 3.8999484708480686e-07
94.75375822869424 3.628946212266461e-07
94.85811258797695 3.5291202302759684e-07
94.96246694725966 3.663694539676441e-07
95.06682130654235 3.357863860925945e-07
95.17117566582506 3.291366052534609e-07
95.27553002510776 3.406504145121182e-07
95.37988438439046 3.075645813630976e-07
95.48423874367316 3.046245255703721e-07
95.58859310295587 3.1311362476916975e-07
95.69294746223856 2.786487806405945e-07
95.79730182152127 2.799182281026751e-07
95.90165618080397 2.837132846711278e-07
96.00601054008668 2.49971688613315e-07
96.11036489936939 2.550355917069182e-07
96.2147192586521 2.526475977848869e-07
96.31907361793479 2.2269167494426826e-07
96.42342797721749 2.293224158770975e-07
96.5277823365002 2.2104850580009362e-07
96.63213669578289 1.971914425229969e-07
96.7364910550656 2.0242840543118684e-07
96.8408454143483 1.9034769181002753e-07
96.945199773631 1.7317604622701552e-07
97.0495541329137 1.7464878264166679e-07
97.15390849219641 1.617106632733642e-07
97.25826285147912 1.5003889716995915e-07
97.36261721076183 1.4693755128606344e-07
97.46697157004452 1.3560523571255157e-07
97.57132592932723 1.27485501153797e-07
97.67568028860993 1.2031881840104975e-07
97.78003464789263 1.1206879494290827e-07
97.88438900717533 1.0560765741025126e-07
97.98874336645804 9.559696315485966e-08
98.09309772574073 9.10263706529219e-08
98.19745208502343 8.468581191987382e-08
98.30180644430614 7.33640381616223e-08
98.40616080358885 7.242881907330607e-08
98.51051516287156 6.498848002344708e-08
98.61486952215425 5.419690743009065e-08
98.71922388143696 5.604433090506089e-08
98.82357824071966 4.69603221304118e-08
98.92793260000236 3.8492433989497285e-08
99.03228695928506 4.151923245360623e-08
99.13664131856777 3.130517485037654e-08
99.24099567785046 2.6226505023871888e-08
99.34535003713317 2.8683224224984072e-08
99.44970439641587 1.8766924081925557e-08
99.55405875569858 1.6976379101554917e-08
99.65841311498129 1.7774538169402503e-08
99.76276747426398 9.782872266675773e-09
99.86712183354669 1.023033892027561e-08
99.97147619282939 9.345274506717547e-09
100.0758305521121 4.328331774256034e-09
100.18018491139479 5.714812547555393e-09
100.2845392706775 3.938577712728565e-09
100.3888936299602 2.0629593184950697e-09
100.4932479892429 3.4667743212886637e-09
100.5976023485256 1.8443163061433517e-09
100.70195670780832 2.581579731560078e-09
100.80631106709102 3.691525890266115e-09
100.91066542637373 3.061844075794035e-09
101.01501978565642 5.5704550237068945e-09
101.11937414493912 6.578764093094934e-09
101.22372850422182 7.413912024389185e-09
101.32808286350452 1.0791789304059249e-08
101.43243722278723 1.2254494752546675e-08
101.53679158206992 1.4618004849773157e-08
101.64114594135263 1.80405969408873e-08
101.74550030063534 2.082969195884077e-08
101.84985465991805 2.422147629068501e-08
101.95420901920075 2.725880453175505e-08
102.05856337848346 3.22765499952895e-08
102.16291773776615 3.5671837191436084e-08
102.26727209704886 3.857881740100142e-08
102.37162645633155 4.625589230674032e-08
102.47598081561426 4.855762831803586e-08
102.58033517489696 5.212673142882081e-08
102.68468953417967 6.218527680359912e-08
102.78904389346236 6.271851132538451e-08
102.89339825274507 6.781643027621723e-08
102.99775261202778 7.945215029276855e-08
103.10210697131048 7.817474778430786e-08
103.20646133059319 8.525426914079117e-08
103.31081568987588 9.76791680018559e-08
103.41517004915859 9.483031377400953e-08
103.51952440844128 1.0397520116805865e-07
103.623878767724 1.1666662927418368e-07
103.72823312700669 1.1234141019248397e-07
103.8325874862894 1.2372050058381279e-07
103.9369418455721 1.3606629258434915e-07
104.0412962048548 1.3036967021284378e-07
104.14565056413751 1.443491407125112e-07
104.2500049234202 1.5526440790165014e-07
104.35435928270292 1.488770777725896e-07
104.45871364198561 1.6548285148344346e-07
104.56306800126832 1.7367141330441648e-07
104.66742236055102 1.680593568459514e-07
104.77177671983372 1.8633678889300387e-07
104.87613107911642 1.911008242307097e-07
104.98048543839913 1.8796287767208708e-07
105.08483979768182 2.0595299495200817e-07
105.18919415696455 2.0784013577665838e-07
105.29354851624724 2.081549317209227e-07
105.39790287552995 2.236553626132987e-07
105.50225723481265 2.243002406904511e-07
105.60661159409534 2.2781508761025206e-07
105.71096595337805 2.392383141139327e-07
105.81532031266075 2.4067407715241417e-07
105.91967467194345 2.460179285640705e-07
106.02402903122615 2.5291140664603825e-07
106.12838339050886 2.567246763492042e-07
106.23273774979155 2.621227747024357e-07
106.33709210907428 2.6490914337047635e-07
106.44144646835697 2.7203619270317573e-07
106.54580082763968 2.757315582851898e-07
106.65015518692238 2.753831514362618e-07
106.75450954620509 2.8620441287254015e-07
106.85886390548778 2.86513185018043e-07
106.96321826477049 2.8454901009293915e-07
107.06757262405318 2.9873367870564534e-07
107.1719269833359 2.9426625538154633e-07
107.27628134261859 2.9269881684447683e-07
107.38063570190128 3.0892042516434514e-07
107.484990061184 2.9913579460587473e-07
107.5893444204667 2.999626858990856e-07
107.69369877974941 3.1599678110213835e-07
107.7980531390321 3.0167536685991686e-07
107.90240749831482 3.0604415374457397e-07
108.00676185759751 3.1949780672772847e-07
108.11111621688022 3.0258182924655553e-07
108.21547057616291 3.1023749609697995e-07
108.31982493544562 3.195454508219266e-07
108.42417929472832 3.022452605866654e-07
108.52853365401103 3.118368886551396e-07
108.63288801329374 3.166902018752529e-07
108.73724237257643 3.005784276548248e-07
108.84159673185914 3.10544098215252e-07
108.94595109114184 3.114508710077324e-07
109.05030545042455 2.9730753329221684e-07
109.15465980970724 3.064431964523366e-07
109.25901416898995 3.040766338868783e-07
109.36336852827264 2.9233180421766164e-07
109.46772288755535 2.9966743786727974e-07
109.57207724683805 2.947192916554144e-07
109.67643160612076 2.857569968686301e-07
109.78078596540345 2.9018613548890206e-07
109.88514032468616 2.837453997612946e-07
109.98949468396886 2.77595394644615e-07
110.09384904325157 2.779885402480429e-07
110.19820340253426 2.7174270743730627e-07
110.30255776181698 2.675519678321113e-07
110.4069121210997 2.634297003455449e-07
110.51126648038239 2.5916401078017774e-07
110.6156208396651 2.5521678399925097e-07
110.7199751989478 2.472838550502306e-07
110.8243295582305 2.4601296547997294e-07
110.9286839175132 2.404858712728577e-07
111.0330382767959 2.3039183343027282e-07
111.1373926360786 2.3194234723922695e-07
111.24174699536131 2.2375218753900975e-07
111.346101354644 2.1326519477271953e-07
111.45045571392671 2.1665739885541968e-07
111.55481007320941 2.056786057215305e-07
111.65916443249212 1.9604264002070696e-07
111.76351879177481 2.001856378430768e-07
111.86787315105752 1.8683964857161335e-07
111.97222751034022 1.7876714706957548e-07
112.07658186962291 1.8277468851124855e-07
112.18093622890562 1.6762147116526203e-07
112.28529058818832 1.6160179962354042e-07
112.38964494747103 1.6463768832727847e-07
112.49399930675372 1.4840515271123025e-07
112.59835366603646 1.4474410952856877e-07
112.70270802531915 1.4590768207138545e-07
112.80706238460186 1.2970757502343047e-07
112.91141674388456 1.2821586000882096e-07
113.01577110316725 1.2684215792926257e-07
113.12012546244996 1.1204959893345247e-07
113.22447982173266 1.1185671505103272e-07
113.32883418101537 1.079798104325219e-07
113.43318854029806 9.569592981510616e-08
113.53754289958077 9.557278615249662e-08
113.64189725886347 9.001022005137694e-08
113.74625161814618 8.058848212139304e-08
113.85060597742887 7.956093523988249e-08
113.95496033671158 7.347771858317357e-08
114.05931469599427 6.655258181488624e-08
114.16366905527698 6.426384986853348e-08
114.26802341455968 5.8632002711755703e-08
114.37237777384239 5.3538952146251824e-08
114.47673213312508 5.013744517336397e-08
114.58108649240779 4.553648092403418e-08
114.68544085169049 4.165885983700631e-08
114.7897952109732 3.750467020885876e-08
114.89414957025592 3.424218481232328e-08
114.99850392953861 3.1052337176770175e-08
115.10285828882132 2.660734936688043e-08
115.20721264810402 2.480942659864866e-08
115.31156700738673 2.1813638346339887e-08
115.41592136666942 1.7699587522964604e-08
115.52027572595213 1.7206637166203935e-08
115.62463008523483 1.4069864228315766e-08
115.72898444451754 1.1002121266300561e-08
115.83333880380023 1.1287155795838281e-08
115.93769316308294 8.069492595840482e-09
116.04204752236564 6.561876276763421e-09
116.14640188164834 6.92245750984836e-09
116.25075624093104 4.118733317917328e-09
116.35511060021375 4.209460737932326e-09
116.45946495949644 4.1462090346000344e-09
116.56381931877915 2.4071217846742913e-09
116.66817367806185 3.6906105993346504e-09
116.77252803734454 3.138701938955882e-09
116.87688239662725 2.9099972179493474e-09
116.98123675590995 4.832306115073923e-09
117.08559111519266 4.077217456440236e-09
117.18994547447538 5.454992143990165e-09
117.29429983375809 7.577301862960195e-09
117.39865419304078 7.026845941380784e-09
117.5030085523235 9.840688641778774e-09
117.60736291160619 1.1902629875053426e-08
117.71171727088888 1.1958947577900986e-08
117.81607163017159 1.5867374318854005e-08
117.92042598945429 1.7768118908217355e-08
118.024780348737 1.880549822426026e-08
118.12913470801969 2.329476992187356e-08
118.2334890673024 2.5159078814524017e-08
118.3378434265851 2.7431958361327715e-08
118.4421977858678 3.185336732547901e-08
118.5465521451505 3.412351708188295e-08
118.65090650443321 3.755919739727778e-08
118.7552608637159 4.135061971532895e-08
118.85961522299861 4.469157883930797e-08
118.96396958228131 4.877612980792056e-08
119.06832394156402 5.174785712858889e-08
119.17267830084671 5.673806460263117e-08
119.27703266012942 6.067622684361048e-08
119.38138701941214 6.309440507837754e-08
119.48574137869484 6.995210397775483e-08
119.59009573797755 7.297936406370359e-08
119.69445009726024 7.53945705065957e-08
119.79880445654295 8.393773560345846e-08
119.90315881582565 8.552248715452972e-08
120.00751317510836 8.854752364897945e-08
120.11186753439105 9.830884166100515e-08
120.21622189367376 9.818028575527209e-08
120.32057625295646 1.023916952220773e-07
120.42493061223917 1.1269580494120543e-07
120.52928497152186 1.1085095327612016e-07
120.63363933080457 1.1674229613330656e-07
120.73799369008727 1.2670127175893675e-07
120.84234804936997 1.2351364517641276e-07
120.94670240865267 1.3132227453659503e-07
121.05105676793538 1.3995394554612078e-07
121.15541112721807 1.3624728907703003e-07
121.25976548650077 1.4567759634124885e-07
121.36411984578348 1.5226294566276596e-07
121.46847420506617 1.4908484230365384e-07
121.57282856434888 1.5924383160352248e-07
121.6771829236316 1.6369298990141656e-07
121.78153728291431 1.6183408939657214e-07
121.88589164219701 1.7156609176080825e-07
121.99024600147972 1.7441951532980206e-07
122.09460036076241 1.740751906971471e-07
122.19895472004512 1.8245230496872767e-07
122.30330907932782 1.8451017833108327e-07
122.40766343861051 1.85339135972687e-07
122.51201779789322 1.919287620198631e-07
122.61637215717592 1.9381319389701885e-07
122.72072651645863 1.9532367341903677e-07
122.82508087574132 2.0002802660901895e-07
122.92943523502403 2.0207933308249035e-07
123.03378959430673 2.03920404689677e-07
123.13814395358943 2.0664035392893475e-07
123.24249831287213 2.0917653059655584e-07
123.34685267215484 2.1103510327470797e-07
123.45120703143753 2.11596179294048e-07
123.55556139072024 2.1514668555727469e-07
123.65991575000294 2.1642271252613782e-07
123.76427010928565 2.148804153843269e-07
123.86862446856834 2.2003436671673842e-07
123.97297882785107 2.1973842406906887e-07
124.07733318713377 2.1673091981016206e-07
124.18168754641647 2.2367702481084276e-07
124.28604190569918 2.2076269542284942e-07
124.39039626498187 2.1750627620224392e-07
124.49475062426458 2.256703363510006e-07
124.59910498354728 2.195926420439593e-07
124.70345934282999 2.1743361752931272e-07
124.80781370211268 2.2555307453988865e-07
124.91216806139539 2.1662502795226288e-07
125.01652242067809 2.1645367585436934e-07
125.1208767799608 2.2305195956322536e-07
125.22523113924349 2.123606359204628e-07
125.3295854985262 2.1426641727456875e-07
125.4339398578089 2.1820331066985605e-07
125.5382942170916 2.0719760207469225e-07
125.6426485763743 2.1049783367293923e-07
125.74700293565701 2.1131500960100687e-07
125.8513572949397 2.0133057683998856e-07
125.9557116542224 2.0485785285741091e-07
126.06006601350511 2.0285098846639323e-07
126.1644203727878 1.9475115720981068e-07
126.26877473207054 1.9723185015797838e-07
126.37312909135323 1.9331790858022842e-07
126.47748345063594 1.8728940884963445e-07
126.58183780991864 1.87734350610101e-07
126.68619216920135 1.8314865373920622e-07
126.79054652848404 1.786976623505543e-07
126.89490088776674 1.7671466372956965e-07
126.99925524704945 1.7259404937370488e-07
127.10360960633214 1.687829295744711e-07
127.20796396561485 1.6468339411735876e-07
127.31231832489755 1.6166853089856458e-07
127.41667268418026 1.575574509180681e-07
127.52102704346295 1.5214195602824258e-07
127.62538140274566 1.502286815012678e-07
127.72973576202835 1.4529733460265857e-07
127.83409012131106 1.3940655320796977e-07
127.93844448059376 1.3816411330924742e-07
128.04279883987647 1.3243799218587027e-07
128.14715319915916 1.2656203790732408e-07
128.25150755844186 1.2556556146827885e-07
128.35586191772458 1.1936826111415853e-07
128.4602162770073 1.1359185298285726e-07
128.56457063629 1.1272969054834874e-07
128.6689249955727 1.0628688417903137e-07
128.7732793548554 1.0057571551225212e-07
128.8776337141381 9.99948806972848e-08
128.9819880734208 9.324193140437432e-08
129.0863424327035 8.777702509695846e-08
129.1906967919862 8.755795007712521e-08
129.29505115126892 8.03055727573196e-08
129.39940551055162 7.554598943094639e-08
129.5037598698343 7.54357270931113e-08
129.608114229117 6.771587006456482e-08
129.71246858839973 6.413392327986206e-08
129.81682294768243 6.359520155741315e-08
129.92117730696512 5.5859461800999687e-08
130.02553166624782 5.358372194888695e-08
130.12988602553054 5.2131832755128767e-08
130.23424038481323 4.511007112612803e-08
130.33859474409593 4.379024277056065e-08
130.44294910337862 4.1337333687149925e-08
130.54730346266132 3.566455635662346e-08
130.65165782194404 3.4670224469663084e-08
130.75601218122677 3.1605176308178605e-08
130.86036654050946 2.750805094372594e-08
130.96472089979216 2.6295448337721097e-08
131.06907525907488 2.3263693081058814e-08
131.17342961835757 2.0515421799575254e-08
131.27778397764027 1.8896228965192967e-08
131.38213833692296 1.6466188278982e-08
131.4864926962057 1.4592019702856712e-08
131.59084705548838 1.2759324990726427e-08
131.69520141477108 1.1194308778503032e-08
131.79955577405377 9.757155657086402e-09
131.90391013333647 8.10398961605872e-09
132.0082644926192 7.349256976910432e-09
132.11261885190189 6.128653294445201e-09
132.21697321118458 5.019752066449664e-09
132.32132757046728 4.850934818477857e-09
132.42568192975 3.842765621675954e-09
132.5300362890327 3.4900634492989203e-09
132.6343906483154 3.6768317017545044e-09
132.73874500759808 2.982341508650995e-09
132.8430993668808 3.458406043624293e-09
132.9474537261635 3.834450676959196e-09
133.05180808544623 3.5586931633777356e-09
133.15616244472892 4.87918778543321e-09
133.26051680401162 5.303631778106592e-09
133.36487116329434 5.551279819608203e-09
133.46922552257703 7.710776926604523e-09
133.57357988185973 8.007475333553527e-09
133.67793424114242 8.962593644187811e-09
133.78228860042515 1.1853779132397057e-08
133.88664295970784 1.1855240990426688e-08
133.99099731899054 1.3818527891409329e-08
134.09535167827323 1.7099265469091076e-08
134.19970603755596 1.6835079816586613e-08
134.30406039683865 2.0078811799312203e-08
134.40841475612135 2.3171842773048315e-08
134.51276911540404 2.3061568600503213e-08
134.61712347468676 2.7514089456600994e-08
134.72147783396946 2.988661531670332e-08
134.82583219325215 3.0679007077360854e-08
134.93018655253485 3.568730430892733e-08
135.03454091181757 3.7306681521433256e-08
135.13889527110027 3.964052372836257e-08
135.24324963038296 4.413277256792638e-08
135.34760398966569 4.5721513836472337e-08
135.45195834894838 4.954119235247532e-08
135.5563127082311 5.2648105315852207e-08
135.6606670675138 5.537667124911118e-08
135.7650214267965 5.971377424372943e-08
135.8693757860792 6.14442697382414e-08
135.9737301453619 6.613266274494177e-08
136.0780845046446 6.959303100670953e-08
136.1824388639273 7.095576366348876e-08
136.28679322321 7.736626862570362e-08
136.3911475824927 7.908040695300472e-08
136.49550194177542 8.139635397452606e-08
136.5998563010581 8.827672290164582e-08
136.7042106603408 8.856422978122317e-08
136.8085650196235 9.242397506683115e-08
136.91291937890622 9.839457996264164e-08
137.01727373818892 9.851902184960726e-08
137.1216280974716 1.0323513275526863e-07
137.2259824567543 1.0787500194061781e-07
137.33033681603703 1.0897719786513703e-07
137.43469117531973 1.1306974955728711e-07
137.53904553460242 1.1729049587907723e-07
137.64339989388515 1.1932202238558895e-07
137.74775425316784 1.2173697141180815e-07
137.85210861245056 1.2705255531650214e-07
137.95646297173326 1.2860750361324736e-07
138.06081733101595 1.2972921512964106e-07
138.16517169029865 1.3690439642117819e-07
138.26952604958137 1.3619836205886885e-07
138.37388040886407 1.377881637137767e-07
138.47823476814676 1.459118390273719e-07
138.58258912742946 1.422375249145351e-07
138.68694348671218 1.46228733558978e-07
138.79129784599488 1.5299844840197676e-07
138.89565220527757 1.4756561018773977e-07
139.00000656456027 1.5452544379743444e-07
139.104360923843 1.576582287925679e-07
139.20871528312568 1.5311477687640565e-07
139.31306964240838 1.614887890723739e-07
139.41742400169107 1.603328326766549e-07
139.5217783609738 1.5918909706920115e-07
139.6261327202565 1.6593682648111934e-07
139.7304870795392 1.621766567706271e-07
139.8348414388219 1.6511953776022377e-07
139.9391957981046 1.674322520041647e-07
140.04355015738733 1.643390813354302e-07
140.14790451667002 1.6953285218364543e-07
140.25225887595272 1.6662694004824974e-07
140.35661323523541 1.6717193421508933e-07
140.46096759451814 1.711388940116712e-07
140.56532195380083 1.6492759976169497e-07
140.66967631308353 1.698925304671566e-07
140.77403067236622 1.6956217960917403e-07
140.87838503164892 1.636335239370508e-07
140.98273939093164 1.7097364395735076e-07
141.08709375021434 1.6568408961353891e-07
141.19144810949703 1.630239897807744e-07
141.29580246877973 1.6915790444903414e-07
141.40015682806245 1.6109684197788906e-07
141.50451118734514 1.6214254845198313e-07
141.60886554662784 1.643403440234438e-07
141.71321990591053 1.5705013457401425e-07
141.81757426519326 1.594360899853178e-07
141.92192862447595 1.5772951197076453e-07
142.02628298375865 1.5354059857806093e-07
142.13063734304137 1.5395383983581773e-07
142.23499170232407 1.5097021572733956e-07
142.3393460616068 1.4940017692784559e-07
142.44370042088948 1.4605173687511898e-07
142.54805478017218 1.4503141669982187e-07
142.65240913945487 1.4315545873663783e-07
142.7567634987376 1.3727637388509463e-07
142.8611178580203 1.3943917614465198e-07
142.965472217303 1.3430776542413135e-07
143.06982657658568 1.2918976048972203e-07
143.1741809358684 1.3275926082376823e-07
143.2785352951511 1.2375405189176183e-07
143.3828896544338 1.223246227124164e-07
143.4872440137165 1.2364908106646803e-07
143.59159837299921 1.1338166500408679e-07
143.6959527322819 1.1563821927543657e-07
143.8003070915646 1.1219281704921046e-07
143.9046614508473 1.0456270156835333e-07
144.00901581013002 1.0750786044748812e-07
144.11337016941272 9.985230519116531e-08
144.2177245286954 9.732245394010595e-08
144.3220788879781 9.687826015001657e-08
144.42643324726083 8.871811526665069e-08
144.53078760654356 9.013327051782683e-08
144.63514196582625 8.444911600921882e-08
144.73949632510895 7.978834626172931e-08
144.84385068439164 8.139074909024159e-08
144.94820504367436 7.202723601274748e-08
145.05255940295706 7.258042633707248e-08
145.15691376223975 7.041535483096694e-08
145.26126812152245 6.161610834958035e-08
145.36562248080517 6.524675013919101e-08
145.46997684008787 5.841561279952377e-08
145.57433119937056 5.3683785364533963e-08
145.67868555865326 5.640240368206992e-08
145.78303991793595 4.7334493248327025e-08
145.88739427721868 4.725991783528903e-08
145.99174863650137 4.590765845050519e-08
146.09610299578407 3.8840720740252996e-08
146.20045735506676 4.040641536115022e-08
146.30481171434948 3.548110423075978e-08
146.40916607363218 3.271778345051167e-08
146.51352043291487 3.2266707313610147e-08
146.61787479219757 2.69966320712508e-08
146.7222291514803 2.7534043564188275e-08
146.82658351076302 2.3476170665138206e-08
146.9309378700457 2.1382381013660506e-08
147.0352922293284 2.160074166679344e-08
147.1396465886111 1.604462980747297e-08
147.24400094789382 1.7574639369318896e-08
147.34835530717652 1.4865832110264155e-08
147.4527096664592 1.13232707682719e-08
147.5570640257419 1.3864160777032726e-08
147.66141838502463 8.725554660757278e-09
147.76577274430733 9.10573697015029e-09
147.87012710359002 9.274633700772012e-09
147.97448146287272 5.039551594477498e-09
148.07883582215544 7.627403024030608e-09
148.18319018143814 4.804752493822219e-09
148.28754454072083 4.173742744781391e-09
148.39189890000353 5.474498119400181e-09
148.49625325928625 2.3908785401329093e-09
148.60060761856894 4.700590422745368e-09
148.70496197785164 2.992536933091977e-09
148.80931633713433 3.088246687408757e-09
148.91367069641706 4.6874974091683704e-09
149.01802505569978 2.2322786014247004e-09
149.12237941498248 5.712456264195663e-09
149.22673377426517 3.878142261258398e-09
149.33108813354787 4.8103677060526645e-09
149.4354424928306 7.857846200384057e-09
149.53979685211328 4.259868642490442e-09
149.64415121139598 9.89833111966228e-09
149.74850557067867 8.483734705162188e-09
149.8528599299614 8.154493091775419e-09
149.9572142892441 1.4616728941599832e-08
150.0615686485268 9.439313067596262e-09
150.16592300780948 1.5420570442969387e-08
150.27027736709218 1.6917665538758504e-08
150.3746317263749 1.394276749911183e-08
150.4789860856576 2.2849885573619168e-08
150.5833404449403 1.827405536364608e-08
150.68769480422299 2.2924165430801814e-08
150.7920491635057 2.719651632094377e-08
150.8964035227884 2.2703444073927127e-08
151.0007578820711 3.3273700165996495e-08
151.1051122413538 2.886749468241546e-08
151.20946660063652 3.264077521425309e-08
151.31382095991924 4.033696752967696e-08
151.41817531920194 3.227494955814097e-08
151.52252967848463 4.561355269978144e-08
151.62688403776733 4.2848001520437e-08
151.73123839705005 4.149768741183582e-08
151.83559275633274 5.599455805325654e-08
151.93994711561544 4.476220214360088e-08
152.04430147489813 5.5688521824304876e-08
152.14865583418086 6.041031785760066e-08
152.25301019346355 5.169671122650004e-08
152.35736455274625 6.9136218273866e-08
152.46171891202894 6.146628596048146e-08
152.56607327131167 6.50938325729209e-08
152.67042763059436 7.659790399880881e-08
152.77478198987706 6.537558714682744e-08
152.87913634915975 8.044120971121168e-08
152.98349070844247 7.832495056941583e-08
153.08784506772517 7.59376129948731e-08
153.19219942700786 9.134127999790658e-08
153.29655378629056 7.978762190268694e-08
153.40090814557328 9.081510174747112e-08
153.505262504856 9.543661414105205e-08
153.6096168641387 8.632260495953297e-08
153.7139712234214 1.0385280044486738e-07
153.8183255827041 9.617722924872172e-08
153.92267994198681 9.830668597608365e-08
154.0270343012695 1.1066529785755549e-07
154.1313886605522 9.924732717977898e-08
154.2357430198349 1.1116196870431381e-07
154.34009737911762 1.1215437810296224e-07
154.44445173840032 1.073739167493058e-07
154.548806097683 1.197093231318019e-07
154.6531604569657 1.1301561653835901e-07
154.7575148162484 1.1837032864110768e-07
154.86186917553113 1.2240205417832232e-07
154.96622353481382 1.1734826420624028e-07
155.07057789409652 1.274848434171321e-07
155.1749322533792 1.2199186292823117e-07
155.27928661266193 1.2543142122505173e-07
155.38364097194463 1.3140777264324193e-07
155.48799533122732 1.2275503117887853e-07
155.59234969051002 1.3394820178447376e-07
155.69670404979274 1.3058240942826923e-07
155.80105840907547 1.2697052192555308e-07
155.90541276835816 1.3891980712447604e-07
156.00976712764086 1.2834971008536008e-07
156.11412148692355 1.3342667641179426e-07
156.21847584620627 1.387029441125379e-07
156.32283020548897 1.280984909702786e-07
156.42718456477166 1.3870296841315987e-07
156.53153892405436 1.348712692149002e-07
156.63589328333708 1.3080042974595304e-07
156.74024764261978 1.3986238835300304e-07
156.84460200190247 1.3068971098573424e-07
156.94895636118517 1.3462408773289452e-07
157.0533107204679 1.3641298614207519e-07
157.1576650797506 1.2866496499362367e-07
157.26201943903328 1.365215493447775e-07
157.36637379831598 1.303563461394793e-07
157.4707281575987 1.2893669592719587e-07
157.5750825168814 1.3446124084381957e-07
157.6794368761641 1.2452511646323944e-07
157.78379123544678 1.2951962240403587e-07
157.8881455947295 1.2866481782409195e-07
157.9924999540122 1.2059957086362882e-07
158.09685431329493 1.2796353561023017e-07
158.20120867257762 1.2114143389225558e-07
158.30556303186032 1.1822298238510489e-07
158.40991739114304 1.230610355927309e-07
158.51427175042573 1.1412516200483687e-07
158.61862610970843 1.1561076461100197e-07
158.72298046899112 1.1546821504536793e-07
158.82733482827385 1.0862580702493019e-07
158.93168918755654 1.1101000324168963e-07
159.03604354683924 1.0699876335094439e-07
159.14039790612193 1.0403878421716762e-07
159.24475226540463 1.0389768413994752e-07
159.34910662468735 9.927847557211185e-08
159.45346098397005 9.889975602528083e-08
159.55781534325274 9.515557593847827e-08
159.66216970253544 9.277511892249556e-08
159.76652406181816 9.206864386263114e-08
159.87087842110085 8.630168284461174e-08
159.97523278038355 8.675942061483671e-08
160.07958713966624 8.350259928477643e-08
160.18394149894897 7.84339720252157e-08
160.28829585823166 8.007168131323534e-08
160.3926502175144 7.417076263915761e-08
160.49700457679708 7.163648896125927e-08
160.60135893607978 7.204662827492542e-08
160.7057132953625 6.531365664614092e-08
160.8100676546452 6.515985372609053e-08
160.9144220139279 6.29588412988137e-08
161.01877637321059 5.7644372029207664e-08
161.1231307324933 5.812764657967597e-08
161.227485091776 5.3771925959337994e-08
161.3318394510587 5.102825589555581e-08
161.4361938103414 5.021481108779081e-08
161.54054816962412 4.546758064223227e-08
161.6449025289068 4.4777606837558486e-08
161.7492568881895 4.184775605330635e-08
161.8536112474722 3.8470369252430914e-08
161.95796560675493 3.8261874445441016e-08
162.06231996603762 3.387120821807058e-08
162.16667432532032 3.2533769884365535e-08
162.271028684603 3.1374024225639077e-08
162.37538304388573 2.6991082311308146e-08
162.47973740316843 2.7086231571145468e-08
162.58409176245115 2.4564159087470742e-08
162.68844612173385 2.140327683162402e-08
162.79280048101654 2.1726915809041626e-08
162.89715484029927 1.8489542926245263e-08
163.00150919958196 1.6827700787672065e-08
163.10586355886466 1.6508116148259957e-08
163.21021791814735 1.3584094580614036e-08
163.31457227743007 1.285499015971687e-08
163.41892663671277 1.1844097309185921e-08
163.52328099599546 9.86000260702427e-09
163.62763535527816 9.309576379295023e-09
163.73198971456088 8.170723288434968e-09
163.83634407384358 7.0471539608460265e-09
163.94069843312627 6.359138994692947e-09
164.04505279240897 5.647586650650956e-09
164.14940715169166 4.911211007200637e-09
164.25376151097439 4.324832158162583e-09
164.35811587025708 4.127383886102104e-09
164.46247022953978 3.4722147826901454e-09
164.56682458882247 3.3861434728988284e-09
164.6711789481052 3.3821052333725267e-09
164.7755333073879 2.951740537080573e-09
164.8798876666706 3.445980236570022e-09
164.9842420259533 3.3600077495037363e-09
165.088596385236 3.523406483114714e-09
165.19295074451873 4.2633989953098955e-09
165.29730510380142 4.234767696565295e-09
165.40165946308412 5.113378737619932e-09
165.5060138223668 5.713741556836497e-09
165.61036818164953 6.209376698981912e-09
165.71472254093223 7.442483385487243e-09
165.81907690021492 7.920697036904514e-09
165.92343125949762 9.26922830269131e-09
166.02778561878034 1.0269015619240664e-08
166.13213997806304 1.1129989758182835e-08
166.23649433734573 1.3125332054284603e-08
166.34084869662843 1.3601101990830089e-08
166.44520305591115 1.5439095566710782e-08
166.54955741519385 1.7410748976688914e-08
166.65391177447654 1.7672018861251573e-08
166.75826613375924 2.063801174199234e-08
166.86262049304196 2.1951914446283822e-08
166.96697485232465 2.2696644911197685e-08
167.07132921160735 2.6311201078228592e-08
167.17568357089007 2.686943350317775e-08
167.28003793017277 2.8626584078206256e-08
167.3843922894555 3.2113732163200696e-08
167.48874664873819 3.241866702078124e-08
167.59310100802088 3.5120965898412655e-08
167.69745536730358 3.798078889977814e-08
167.8018097265863 3.871247592637055e-08
167.906164085869 4.1754847007437816e-08
168.0105184451517 4.409597720462884e-08
168.11487280443438 4.556406973413875e-08
168.2192271637171 4.828390224393364e-08
168.3235815229998 5.065621302687993e-08
168.4279358822825 5.2573655672277474e-08
168.5322902415652 5.4749354315424564e-08
168.6366446008479 5.7633801721407265e-08
168.7409989601306 5.9377791714800464e-08
168.8453533194133 6.13498357711719e-08
168.949707678696 6.47240646046139e-08
169.0540620379787 6.585887526364845e-08
169.15841639726142 6.819312601550171e-08
169.2627707565441 7.151028390189997e-08
169.3671251158268 7.215796265982388e-08
169.47147947510953 7.512268766003014e-08
169.57583383439223 7.7713820956348e-08
169.68018819367495 7.848979927443332e-08
169.78454255295765 8.17468911146816e-08
169.88889691224034 8.334313372508605e-08
169.99325127152304 8.490227555978292e-08
170.09760563080576 8.764621067835962e-08
170.20195999008845 8.863693266095848e-08
170.30631434937115 9.115517250869456e-08
170.41066870865384 9.260915337807327e-08
170.51502306793657 9.384571828043509e-08
170.61937742721926 9.68018987771766e-08
170.72373178650196 9.673530320664397e-08
170.82808614578465 9.900238561475299e-08
170.93244050506738 1.0141969035639376e-07
171.03679486435007 1.0033641469018275e-07
171.14114922363277 1.0383611066239109e-07
171.24550358291546 1.0483782753662715e-07
171.34985794219818 1.036975275976575e-07
171.45421230148088 1.0789258637509992e-07
171.55856666076357 1.072098854930786e-07
171.6629210200463 1.0685659236594459e-07
171.767275379329 1.1078655812380814e-07
171.87162973861172 1.0887435440465298e-07
171.9759840978944 1.095584711973245e-07
172.0803384571771 1.124139676390001e-07
172.1846928164598 1.1009321689334747e-07
172.28904717574252 1.1143200800863417e-07
172.39340153502522 1.1294891524856838e-07
172.49775589430791 1.1088838083533785e-07
172.6021102535906 1.1222831189208625e-07
172.70646461287333 1.1265270737897189e-07
172.81081897215603 1.1109651409812674e-07
172.91517333143872 1.1190912601785542e-07
173.01952769072142 1.1170756794626482e-07
173.1238820500041 1.1051274268690314e-07
173.22823640928684 1.1059982067474064e-07
173.33259076856953 1.1015307135226198e-07
173.43694512785223 1.0901476230069914e-07
173.54129948713492 1.0848288951064718e-07
173.64565384641764 1.0791245425424705e-07
173.75000820570034 1.0662953602335407e-07
173.85436256498303 1.056765977546712e-07
173.95871692426576 1.0490220878935565e-07
174.06307128354848 1.0349153482030936e-07
174.16742564283118 1.0218946316342417e-07
174.27178000211387 1.0113846998483301e-07
174.37613436139657 9.972716483269161e-08
174.48048872067926 9.799092701080919e-08
174.58484307996198 9.673396674328267e-08
174.68919743924468 9.539837505825987e-08
174.79355179852737 9.30843370627367e-08
174.89790615781007 9.184904704956216e-08
175.0022605170928 9.049677968810226e-08
175.1066148763755 8.75581457759702e-08
175.21096923565818 8.662290450419525e-08
175.31532359494088 8.498283784247034e-08
175.4196779542236 8.159916307838717e-08
175.5240323135063 8.110454919608937e-08
175.628386672789 7.887332106012386e-08
175.7327410320717 7.54267783648171e-08
175.8370953913544 7.525815893647312e-08
175.9414497506371 7.229443126842572e-08
176.0458041099198 6.920729446485213e-08
176.1501584692025 6.902895493288827e-08
176.25451282848522 6.546935942165086e-08
176.35886718776794 6.300180443600824e-08
176.46322154705064 6.242592742490052e-08
176.56757590633333 5.864934309776777e-08
176.67193026561603 5.677606454726734e-08
176.77628462489875 5.5574279583473674e-08
176.88063898418145 5.2023110023722346e-08
176.98499334346414 5.047306354022024e-08
177.08934770274684 4.8697720550269886e-08
177.19370206202956 4.566331260374047e-08
177.29805642131225 4.410300068589839e-08
177.40241078059495 4.2036184495402035e-08
177.50676513987764 3.954947949720964e-08
177.61111949916037 3.778616217471562e-08
177.71547385844306 3.5754614492867324e-08
177.81982821772576 3.365225776484756e-08
177.92418257700845 3.171427017464887e-08
178.02853693629115 2.991164816775837e-08
178.13289129557387 2.801117358302303e-08
178.23724565485657 2.6063097277109867e-08
178.34160001413926 2.4508063276238905e-08
178.44595437342196 2.274322640681768e-08
178.5503087327047 2.0930989956492633e-08
178.6546630919874 1.9564608071593204e-08
178.7590174512701 1.7983982937322522e-08
178.8633718105528 1.6349279426005e-08
178.9677261698355 1.5158108156980064e-08
179.0720805291182 1.3822002359302031e-08
179.1764348884009 1.234159388980293e-08
179.2807892476836 1.1391190067087559e-08
179.3851436069663 1.0284975185208592e-08
179.48949796624902 8.968529198619005e-09
179.5938523255317 8.335077248280613e-09
179.6982066848144 7.379348540067316e-09
179.8025610440971 6.3186783955045805e-09
179.90691540337983 6.0022655511863425e-09
180.01126976266252 5.136764838443658e-09
180.11562412194522 4.4626613595773846e-09
180.2199784812279 4.3686246514103475e-09
180.32433284051064 3.623583478222705e-09
180.42868719979333 3.416394405851685e-09
180.53304155907603 3.417767125625936e-09
180.63739591835872 2.9101956448678985e-09
180.74175027764144 3.1430964606641276e-09
180.84610463692417 3.1674193994657638e-09
180.95045899620686 3.030762291888904e-09
181.05481335548956 3.5862254339011087e-09
181.15916771477225 3.6605879506168185e-09
181.26352207405498 3.9646013488812545e-09
181.36787643333767 4.7044133249455294e-09
181.47223079262037 4.933880763418759e-09
181.57658515190306 5.64808827742272e-09
181.68093951118578 6.484754168826976e-09
181.78529387046848 6.988264321217192e-09
181.88964822975117 8.003438138211795e-09
181.99400258903387 8.930759787610228e-09
182.0983569483166 9.780102593017355e-09
182.2027113075993 1.0963162319603988e-08
182.30706566688198 1.203849160557154e-08
182.41142002616468 1.3233230363959832e-08
182.51577438544737 1.4477009372608305e-08
182.6201287447301 1.5778591597374298e-08
182.7244831040128 1.725948586046298e-08
182.82883746329549 1.8502677151226718e-08
182.93319182257818 2.0093753281018786e-08
183.03754618186093 2.1773186826227494e-08
183.14190054114363 2.2991445382001255e-08
183.24625490042632 2.490944271754758e-08
183.35060925970902 2.669175698312105e-08
183.4549636189917 2.788187709501292e-08
183.55931797827444 3.0146072123979895e-08
183.66367233755713 3.192669777824752e-08
183.76802669683983 3.310695351054412e-08
183.87238105612252 3.572013364676856e-08
183.97673541540524 3.7378320073050347e-08
184.08108977468794 3.860700832086809e-08
184.18544413397063 4.1531828475165786e-08
184.28979849325333 4.294662510486815e-08
184.39415285253605 4.433127106786433e-08
184.49850721181875 4.745351770407075e-08
184.60286157110144 4.855426707565623e-08
184.70721593038414 5.021896053335874e-08
184.81157028966686 5.333812873753524e-08
184.91592464894956 5.416103172125007e-08
185.02027900823225 5.617152811820361e-08
185.12463336751495 5.905180531327701e-08
185.22898772679767 5.974980176884119e-08
185.3333420860804 6.204304940202082e-08
185.4376964453631 6.450951880305899e-08
185.54205080464578 6.528789767369393e-08
185.64640516392848 6.766513763494133e-08
185.7507595232112 6.968370582061393e-08
185.8551138824939 7.069241138643012e-08
185.9594682417766 7.289370142524707e-08
186.0638226010593 7.457534674663129e-08
186.168176960342 7.582879703549374e-08
186.2725313196247 7.764423533229409e-08
186.3768856789074 7.916793267151553e-08
186.4812400381901 8.054614637228366e-08
186.58559439747282 8.189003943551005e-08
186.6899487567555 8.339951165306257e-08
186.7943031160382 8.472225686572451e-08
186.8986574753209 8.562902412867771e-08
187.0030118346036 8.717022311899895e-08
187.10736619388632 8.828817082231074e-08
187.21172055316902 8.884568962991912e-08
187.3160749124517 9.037618181218856e-08
187.4204292717344 9.12193431983287e-08
187.52478363101713 9.14956053506391e-08
187.62913799029985 9.294172903862016e-08
187.73349234958255 9.350842395579814e-08
187.83784670886524 9.351571197851705e-08
187.94220106814797 9.483266439405984e-08
188.04655542743066 9.513966135294945e-08
188.15090978671336 9.484927409894904e-08
188.25526414599605 9.604717314643002e-08
188.35961850527875 9.607996491963418e-08
188.46397286456147 9.546745438767792e-08
188.56832722384416 9.659638891886333e-08
188.67268158312686 9.628536654944978e-08
188.77703594240955 9.538041987879113e-08
188.88139030169228 9.648328995497875e-08
188.98574466097497 9.571937054229207e-08
189.09009902025767 9.463394944636859e-08
189.19445337954036 9.568844359820865e-08
189.2988077388231 9.437637745502688e-08
189.40316209810578 9.329204964428797e-08
189.50751645738848 9.416807621787991e-08
189.61187081667117 9.230420058035828e-08
189.7162251759539 9.140515884869706e-08
189.8205795352366 9.187470876057721e-08
189.9249338945193 8.960919702492199e-08
190.029288253802 8.897743486597978e-08
190.1336426130847 8.879958225712938e-08
190.23799697236743 8.642839219683817e-08
190.34235133165012 8.595881750260358e-08
190.44670569093282 8.501498649635981e-08
190.5510600502155 8.287193266045513e-08
190.65541440949823 8.228308988659307e-08
190.75976876878093 8.067758529613704e-08
190.86412312806362 7.89738671984237e-08
190.96847748734632 7.793510972491373e-08
191.07283184662904 7.597701872691479e-08
191.17718620591174 7.46944333694079e-08
191.28154056519443 7.299698543056125e-08
191.38589492447713 7.106193896462484e-08
191.49024928375985 6.99776183875631e-08
191.59460364304255 6.763424414706355e-08
191.69895800232524 6.599987273072408e-08
191.80331236160794 6.481781913252418e-08
191.90766672089063 6.203629932863982e-08
192.01202108017335 6.079452424739257e-08
192.11637543945605 5.928722925122083e-08
192.22072979873877 5.635984342122198e-08
192.32508415802147 5.543444790091448e-08
192.4294385173042 5.351716728519066e-08
192.5337928765869 5.070765054183608e-08
192.63814723586958 4.993327629292685e-08
192.74250159515228 4.766034829835046e-08
192.84685595443497 4.513937242472364e-08
192.9512103137177 4.4343454312615636e-08
193.0555646730004 4.186129817676451e-08
193.15991903228309 3.969263598573598e-08
193.26427339156578 3.8750706493313265e-08
193.3686277508485 3.6242473288891284e-08
193.4729821101312 3.4399268579400296e-08
193.5773364694139 3.326341987223965e-08
193.6816908286966 3.0898836453931877e-08
193.7860451879793 2.9296559937432485e-08
193.890399547262 2.800138645883594e-08
193.9947539065447 2.589579546203809e-08
194.0991082658274 2.4437594262755493e-08
194.20346262511012 2.30805544820113e-08
194.30781698439282 2.1274137514119892e-08
194.41217134367554 1.9897115479251797e-08
194.51652570295823 1.8595234581482547e-08
194.62088006224093 1.7065015445564856e-08
194.72523442152365 1.5765060554396797e-08
194.82958878080635 1.4607922328958474e-08
194.93394314008904 1.3307657171463843e-08
195.03829749937174 1.2127967830630668e-08
195.14265185865446 1.1155029002043593e-08
195.24700621793716 1.0056527974053747e-08
195.35136057721985 9.050092721953719e-09
195.45571493650255 8.264528780754118e-09
195.56006929578527 7.371477064623006e-09
195.66442365506796 6.568460373885102e-09
195.76877801435066 5.970219515016469e-09
195.87313237363335 5.299651301798287e-09
195.97748673291608 4.703652098843636e-09
196.08184109219877 4.3111478731249355e-09
196.18619545148147 3.864322481299015e-09
196.29054981076416 3.4750229854891593e-09
196.39490417004686 3.3181426434780373e-09
196.49925852932958 3.0688045555224656e-09
196.60361288861228 2.9062539101910277e-09
196.707967247895 3.0008362068126713e-09
196.8123216071777 2.908951570183979e-09
196.91667596646042 3.018853960327422e-09
197.0210303257431 3.344349125787468e-09
197.1253846850258 3.38370563292115e-09
197.2297390443085 3.82018587002438e-09
197.3340934035912 4.315826132420838e-09
197.43844776287392 4.497825759995846e-09
197.54280212215662 5.293736580927008e-09
197.6471564814393 5.875385073331314e-09
197.751510840722 6.257834651210871e-09
197.85586520000473 7.3939707167982305e-09
197.96021955928742 7.988786564739042e-09
198.06457391857012 8.661282706360309e-09
198.1689282778528 1.0048628747255335e-08
198.27328263713554 1.0638228203927284e-08
198.37763699641823 1.168027707240394e-08
198.48199135570093 1.317241688445705e-08
198.58634571498362 1.3823797413194758e-08
198.69070007426635 1.5245395391611163e-08
198.79505443354904 1.669242409288576e-08
198.89940879283174 1.7546236992520282e-08
199.00376315211446 1.924551408487433e-08
199.10811751139715 2.057078093579661e-08
199.21247187067988 2.177584117216339e-08
199.31682622996257 2.355215851266856e-08
199.42118058924527 2.480543087557028e-08
199.52553494852796 2.642756695030399e-08
199.62988930781069 2.8059025076272324e-08
199.73424366709338 2.940102442059045e-08
199.83859802637608 3.136571211434045e-08
199.94295238565877 3.2708215731247676e-08
