0.0 0.0
0.10435435928270291 9.346565731901466e-07
0.20870871856540582 5.820560868319415e-06
0.3130630778481087 1.0135724175796502e-05
0.41741743713081164 2.413948078437537e-05
0.5217717964135146 9.662598385923283e-05
0.6261261556962174 0.00033009348773584314
0.7304805149789203 0.0019589254055133046
0.8348348742616233 0.005348280637975721
0.9391892335443263 0.004728014356853468
1.0435435928270291 0.0010910367852314602
1.1478979521097321 8.887539537226937e-05
1.2522523113924349 4.276620574020845e-05
1.3566066706751378 2.5048484961086576e-05
1.4609610299578406 1.5898535228944785e-05
1.5653153892405436 1.5077286453843054e-05
1.6696697485232466 1.0530705375031106e-05
1.7740241078059495 7.249328639437492e-06
1.8783784670886525 5.190387643215467e-06
1.9827328263713553 2.8495746835943088e-06
2.0870871856540583 1.8674931416581494e-06
2.1914415449367612 1.982633458831936e-06
2.2957959042194642 2.8084984101596965e-06
2.400150263502167 4.017768138401561e-06
2.5045046227848697 4.286720415829292e-06
2.6088589820675727 3.7772568742667547e-06
2.7132133413502757 3.3227474926820935e-06
2.8175677006329787 2.307343977593747e-06
2.921922059915681 8.495036687747101e-07
3.026276419198384 5.958028545159199e-07
3.130630778481087 1.9555281158880374e-07
3.23498513776379 2.234160247731783e-07
3.339339497046493 3.341212213106404e-07
3.4436938563291957 2.14530010701269e-07
3.548048215611899 7.716950238619283e-07
3.6524025748946016 9.659883085516242e-07
3.756756934177305 7.138525611961936e-07
3.8611112934600076 6.529118583132428e-07
3.9654656527427106 4.809127789027814e-07
4.0698200120254135 9.344553593027229e-08
4.1741743713081165 2.6017994700838977e-07
4.2785287305908195 1.497529469120875e-07
4.3828830898735225 1.535095592596386e-08
4.4872374491562255 5.611068911414275e-07
4.5915918084389284 3.8992081680371296e-07
4.6959461677216305 3.459644432979318e-07
4.800300527004334 8.793278099087711e-07
4.9046548862870365 3.93843494459037e-07
5.0090092455697395 1.712129023173184e-07
5.1133636048524425 5.499171148149369e-07
5.217717964135145 1.883804264090562e-07
5.322072323417848 6.149778654569841e-08
5.426426682700551 3.1302373712667175e-07
5.530781041983254 1.2493185102125908e-07
5.635135401265957 2.2983426596182293e-07
5.73948976054866 4.912205720783148e-07
5.843844119831362 2.082572303183216e-07
5.948198479114066 2.43857168898462e-07
6.052552838396768 3.995527693286313e-07
6.156907197679472 1.4451456909720308e-07
6.261261556962174 1.7408681450510322e-07
6.365615916244878 2.412638854222355e-07
6.46997027552758 7.601968677965784e-08
6.574324634810284 1.4417078913022544e-07
6.678678994092986 1.5913446693901913e-07
6.783033353375689 9.615951608919122e-08
6.887387712658391 2.2170474355453744e-07
6.991742071941095 1.926099227218341e-07
7.096096431223798 7.383427280896813e-08
7.200450790506501 1.7036382463782079e-07
7.304805149789203 1.3387792855141692e-07
7.409159509071906 8.219615927248507e-08
7.51351386835461 1.8404925856249644e-07
7.617868227637313 9.946585279594307e-08
7.722222586920015 5.899030028018517e-08
7.826576946202718 2.0546289032316633e-07
7.930931305485421 1.172422351838121e-07
8.035285664768125 8.856810865605436e-08
8.139640024050827 1.722513943167358e-07
8.24399438333353 5.089940168829919e-08
8.348348742616233 1.379415934248253e-07
8.452703101898935 2.588382509673845e-07
8.557057461181639 6.334973779257357e-08
8.661411820464341 1.506765733716802e-07
8.765766179747045 2.8591710331398493e-07
8.870120539029747 1.6071977981454324e-07
8.974474898312451 3.939480885590308e-07
9.078829257595153 4.173612692098318e-07
9.183183616877857 2.228585565826642e-07
9.287537976160559 6.047529031964956e-07
9.391892335443261 7.459482755122294e-07
9.496246694725965 5.47849383171804e-07
9.600601054008669 8.417900144242669e-07
9.704955413291371 9.533694915774442e-07
9.809309772574073 1.0939877391665774e-06
9.913664131856777 1.5957298267859547e-06
10.018018491139479 1.5659786475984132e-06
10.122372850422183 1.6520036553651644e-06
10.226727209704885 2.280538090233854e-06
10.331081568987589 2.655955761037206e-06
10.43543592827029 3.1847193671806186e-06
10.539790287552993 3.586954735126338e-06
10.644144646835697 3.704844905404111e-06
10.7484990061184 4.703942328782792e-06
10.852853365401103 5.469629106019432e-06
10.957207724683805 5.477017391778252e-06
11.061562083966509 6.028934705237078e-06
11.165916443249213 6.081823484414017e-06
11.270270802531915 5.827774299308925e-06
11.374625161814617 6.432824462803725e-06
11.47897952109732 5.623839575515638e-06
11.583333880380025 4.085292700836876e-06
11.687688239662725 4.053321608079292e-06
11.792042598945429 3.4724055833515606e-06
11.896396958228133 2.759562954748795e-06
12.000751317510835 3.1192493765725224e-06
12.105105676793537 2.3911551550621037e-06
12.20946003607624 2.456553347372804e-06
12.313814395358945 3.7979251852737677e-06
12.418168754641647 3.3866713511218428e-06
12.522523113924349 3.567162288106033e-06
12.626877473207053 4.167299173166485e-06
12.731231832489756 2.7751622453221794e-06
12.835586191772459 1.810940563497728e-06
12.93994055105516 5.547612510536061e-07
13.044294910337864 8.350557221488971e-07
13.148649269620568 5.6124560543990754e-06
13.253003628903269 1.27929699396567e-05
13.357357988185973 3.033563882610306e-05
13.461712347468676 5.793089130481487e-05
13.566066706751378 9.316080529087022e-05
13.67042106603408 0.00015514330335029592
13.774775425316783 0.00023102415492891594
13.879129784599488 0.0003094321865020168
13.98348414388219 0.0004204381626744918
14.087838503164894 0.0005285954968290098
14.192192862447596 0.0006023943514805043
14.296547221730298 0.0006770521845672363
14.400901581013002 0.0007134965144451034
14.505255940295704 0.0007188015207438634
14.609610299578407 0.0007648395714956648
14.71396465886111 0.000793090850274393
14.818319018143812 0.0008189837520435206
14.922673377426518 0.0009219480436003336
15.02702773670922 0.0010809335199129977
15.131382095991922 0.0014329470174308289
15.235736455274626 0.002059657414908868
15.340090814557328 0.0029096043904764646
15.44444517384003 0.004187272965072622
15.548799533122734 0.005841707373637156
15.653153892405436 0.007636335452469407
15.757508251688138 0.009701870114427583
15.861862610970842 0.011744377850134078
15.966216970253544 0.013526572774885318
16.07057132953625 0.015538149908676517
16.174925688818952 0.017439936465572296
16.279280048101654 0.018679949275301165
16.38363440738436 0.0194713235292263
16.48798876666706 0.019228917037592427
16.59234312594976 0.01791312498236031
16.696697485232466 0.016753330215867963
16.801051844515168 0.015751205638885428
16.90540620379787 0.01509466974288576
17.009760563080576 0.01557946036563925
17.114114922363278 0.016504553652720973
17.21846928164598 0.018241856109105732
17.322823640928682 0.021799697824825597
17.427178000211384 0.026723404863425424
17.53153235949409 0.03424278277317006
17.635886718776792 0.04478142883780871
17.740241078059494 0.05621770134671779
17.8445954373422 0.06868448505845454
17.948949796624902 0.0808983202616429
18.053304155907604 0.09011411387991328
18.157658515190306 0.09818684576549676
18.262012874473008 0.10511351219791668
18.366367233755714 0.11005243644104006
18.470721593038416 0.1167348360406063
18.575075952321118 0.12281127248458844
18.679430311603824 0.12366936834248143
18.783784670886522 0.12019880502520569
18.888139030169224 0.10882892902257275
18.99249338945193 0.09113741822135861
19.096847748734632 0.07893685408818639
19.201202108017338 0.07430913764308196
19.30555646730004 0.0731864392126053
19.409910826582742 0.0698592584027224
19.514265185865444 0.05790160302061827
19.618619545148146 0.049958432935517785
19.722973904430848 0.056470171683208864
19.827328263713554 0.0686149756402211
19.931682622996256 0.08748516370970093
20.036036982278958 0.10472679917088992
20.140391341561664 0.1104011833310064
20.244745700844366 0.13447662337405647
20.349100060127068 0.1719237943110835
20.45345441940977 0.18947342861652128
20.557808778692472 0.23133383395095236
20.662163137975178 0.30504871343925893
20.76651749725788 0.33063044881318754
20.87087185654058 0.33083979855964024
20.975226215823287 0.3819601401700358
21.079580575105986 0.45965917295460024
21.18393493438869 0.5301123201917728
21.288289293671394 0.5832727213795619
21.392643652954096 0.6124789420792882
21.4969980122368 0.6635686178006966
21.601352371519503 0.7466146760878114
21.705706730802206 0.824060012806457
21.810061090084908 0.9136974025083097
21.91441544936761 1.0036845546294215
22.018769808650312 1.0512777363844306
22.123124167933018 1.0775555492857933
22.22747852721572 1.0869131994347658
22.331832886498425 1.0931061197777265
22.436187245781127 1.1095791049960109
22.54054160506383 1.0354713003616371
22.64489596434653 0.9200859139709732
22.749250323629234 0.9375020471124501
22.853604682911936 0.9214047321720562
22.95795904219464 0.7397244356766883
23.062313401477343 0.6604244852639972
23.16666776076005 0.6791801185398113
23.27102212004275 0.563542509849724
23.37537647932545 0.4964030695932874
23.479730838608155 0.579882059813823
23.584085197890857 0.5568278064629735
23.68843955717356 0.4733866276299928
23.792793916456265 0.5179974843921483
23.897148275738967 0.5570840950106366
24.00150263502167 0.5141215855043616
24.10585699430437 0.49631505776592855
24.210211353587074 0.5074392154899434
24.31456571286978 0.5174818834350697
24.41892007215248 0.5122489761370559
24.523274431435183 0.45357103871818216
24.62762879071789 0.3860742152863925
24.73198315000059 0.3568367300423866
24.836337509283293 0.321707450126201
24.940691868565995 0.27472275324153733
25.045046227848697 0.24600651614180472
25.1494005871314 0.22093474905305271
25.253754946414105 0.1873563023204768
25.358109305696807 0.14886912411738615
25.462463664979513 0.11409858379980112
25.566818024262215 0.10048078048572341
25.671172383544917 0.09598436214916957
25.77552674282762 0.08349559614739256
25.87988110211032 0.08004739305693397
25.984235461393023 0.08724753429420867
26.08858982067573 0.08391050742054244
26.19294417995843 0.0698904614691906
26.297298539241137 0.06038973527487117
26.401652898523835 0.06596057881856436
26.506007257806537 0.07770957321831345
26.610361617089243 0.07316671879307611
26.714715976371945 0.05629611007516732
26.819070335654647 0.0491015470458816
26.923424694937353 0.04956477485473162
27.027779054220055 0.04397377484829773
27.132133413502757 0.0319332944604163
27.23648777278546 0.02127483723455572
27.34084213206816 0.01787482890260679
27.445196491350863 0.017240868993492496
27.549550850633565 0.011588225149987781
27.653905209916275 0.004537430334813312
27.758259569198977 0.0021598371185597987
27.86261392848168 0.0024186107031430775
27.96696828776438 0.0022982764887352234
28.07132264704708 0.0019582657645834537
28.17567700632979 0.0026408522925900355
28.28003136561249 0.004116830097252358
28.384385724895193 0.004154066571642804
28.488740084177895 0.00347442271325335
28.593094443460597 0.00514748867915974
28.6974488027433 0.008178375714458721
28.801803162026005 0.009294332025914297
28.906157521308707 0.007665085455219269
29.01051188059141 0.004607040095818245
29.11486623987411 0.002222059203283229
29.219220599156813 0.0016765542205785075
29.323574958439522 0.002074083051103478
29.42792931772222 0.0022603294369416506
29.532283677004923 0.0022861505530215754
29.636638036287625 0.0025934991030864144
29.740992395570327 0.003165528371236353
29.845346754853036 0.003833914621379869
29.94970111413574 0.004317925279211169
30.05405547341844 0.0039181452264932335
30.158409832701143 0.002587835096937506
30.262764191983845 0.0014101835274952254
30.367118551266543 0.0009757311229665909
30.471472910549252 0.0009003508379549989
30.575827269831954 0.0008832232988567468
30.680181629114657 0.0008792936476316198
30.78453598839736 0.0008981386114459579
30.88889034768006 0.0010093336538504105
30.993244706962766 0.001306519496530575
31.09759906624547 0.001779801990746483
31.20195342552817 0.0021007638261295366
31.306307784810873 0.002102524641252346
31.410662144093575 0.0021842351345495678
31.515016503376277 0.00258814294127803
31.619370862658986 0.0032301965241023447
31.723725221941685 0.003952716198039905
31.828079581224387 0.004174482862952479
31.93243394050709 0.0035289213863728373
32.03678829978979 0.002574608997232795
32.1411426590725 0.001824955659983389
32.2454970183552 0.0012508140430832816
32.349851377637904 0.000853253800696806
32.454205736920606 0.0006448490015357578
32.55856009620331 0.0005220323383839135
32.66291445548601 0.00047482365453087853
32.76726881476872 0.0005831258912310194
32.87162317405142 0.0008590663108730978
32.97597753333412 0.001173994347905208
33.08033189261682 0.0014159472885470277
33.18468625189952 0.0015854525575528383
33.28904061118223 0.0016301314638449518
33.39339497046493 0.0015698079328809057
33.497749329747634 0.0015816151551988774
33.602103689030336 0.00163774312466975
33.70645804831304 0.001565757333920346
33.81081240759574 0.0014160358410376676
33.91516676687845 0.0013050095588865208
34.01952112616115 0.0012166346803171798
34.123875485443854 0.0011635087237004923
34.228229844726556 0.001206527730300963
34.33258420400926 0.001278901107702297
34.43693856329196 0.001276401134146918
34.54129292257466 0.0012601322082193265
34.645647281857364 0.0013024552863006582
34.75000164114007 0.0013420889690197904
34.85435600042277 0.0013630657672027496
34.95871035970548 0.0013874126324014784
35.06306471898818 0.001339689729645972
35.16741907827088 0.0011957426028190413
35.271773437553584 0.001051682288392814
35.376127796836286 0.0009582011457441737
35.48048215611899 0.0008885443034443408
35.5848365154017 0.0008496791806590029
35.6891908746844 0.000880513576549489
35.7935452339671 0.0009573559862710585
35.897899593249804 0.0010405806394970332
36.002253952532506 0.0011564414080291905
36.10660831181521 0.0012913228702521715
36.21096267109791 0.0013615332932878366
36.31531703038061 0.0013581940897946143
36.419671389663314 0.0013237610134196353
36.524025748946016 0.001253341970518646
36.62838010822872 0.0011603179237226243
36.73273446751143 0.0010940504928301986
36.83708882679413 0.001049383064947312
36.94144318607683 0.000993976107806853
37.045797545359534 0.000946967752116091
37.150151904642236 0.0009321231760542098
37.254506263924945 0.0009291671045343175
37.35886062320765 0.0009287343184973177
37.46321498249035 0.0009509943355330354
37.567569341773044 0.0009903850479498597
37.671923701055746 0.0010152038457565482
37.77627806033845 0.0010207945409032107
37.88063241962116 0.001013839223903641
37.98498677890386 0.0009753141714368678
38.08934113818656 0.0009060301740748996
38.193695497469264 0.0008427689115492573
38.298049856751966 0.0008007269458860534
38.402404216034675 0.0007784688126715554
38.50675857531738 0.0007917983070874877
38.61111293460008 0.0008491736034041627
38.71546729388278 0.000933952275567926
38.819821653165484 0.0010251667538806568
38.924176012448186 0.0011112532390880746
39.02853037173089 0.0011747669624772885
39.13288473101359 0.0011873481982968696
39.23723909029629 0.0011457168693195263
39.341593449578994 0.0010709582585825203
39.445947808861696 0.0009746296210314299
39.550302168144405 0.0008685197437563481
39.65465652742711 0.0007727730732359698
39.75901088670981 0.0006977463482343618
39.86336524599251 0.0006411489741040326
39.967719605275214 0.0006028093022339498
40.072073964557916 0.0005922276245700304
40.176428323840625 0.0006148124724161918
40.28078268312333 0.0006663944020670442
40.38513704240603 0.0007480784161572521
40.48949140168873 0.0008587562358236686
40.59384576097143 0.0009766125694273058
40.698200120254135 0.0010707498866531385
40.80255447953684 0.0011229066646374366
40.90690883881954 0.0011264154361132384
41.01126319810224 0.0010756350025579898
41.115617557384944 0.0009843921960397193
41.21997191666765 0.0008875627039583981
41.324326275950355 0.0008014440410735626
41.42868063523306 0.0007282354360623291
41.53303499451576 0.0006802397347266815
41.63738935379846 0.0006605212389983819
41.74174371308116 0.0006537133876171876
41.84609807236387 0.0006507471813307633
41.950452431646575 0.0006553302199766166
42.05480679092928 0.0006625734355250675
42.15916115021197 0.0006618393631878332
42.263515509494674 0.0006646445415251667
42.36786986877738 0.0006872020538644765
42.472224228060085 0.0007219640110705492
42.57657858734279 0.0007635164085631833
42.68093294662549 0.0008184102762515633
42.78528730590819 0.0008731323602423305
42.889641665190894 0.0009014545469925939
42.9939960244736 0.0009045900601495365
43.098350383756305 0.0008991221903714258
43.20270474303901 0.0008784590731152162
43.30705910232171 0.0008399427431956199
43.41141346160441 0.0008042171083743731
43.51576782088712 0.0007679996038163303
43.620122180169815 0.0007117965516604424
43.72447653945252 0.0006470142222495902
43.82883089873522 0.0005922735463950955
43.93318525801792 0.0005443291913747845
44.037539617300624 0.0005039979602432861
44.14189397658333 0.0004907183667065387
44.246248335866035 0.0005115317315328028
44.35060269514874 0.000553288327103996
44.45495705443144 0.0006189932099625864
44.55931141371414 0.000717064057983799
44.66366577299685 0.0008196277669493711
44.76802013227955 0.0008941959493331452
44.872374491562255 0.000937894204266696
44.97672885084496 0.0009417364985244137
45.08108321012766 0.0008896617862959047
45.18543756941036 0.0008040886580272332
45.28979192869306 0.0007243874584073601
45.394146287975765 0.0006561018381715062
45.49850064725847 0.0005979889297101872
45.60285500654117 0.0005677659347599181
45.70720936582387 0.000564790089326092
45.81156372510658 0.0005669608927204819
45.91591808438928 0.0005712443861812736
46.020272443671985 0.0005879351181997562
46.12462680295469 0.0006056635119449515
46.22898116223739 0.0006093522988825392
46.3333355215201 0.0006123784441208575
46.4376898808028 0.0006223476582286874
46.5420442400855 0.000622720190445656
46.646398599368204 0.0006188038671005969
46.7507529586509 0.0006299871071316297
46.8551073179336 0.0006458472573889471
46.95946167721631 0.0006526432589514622
47.06381603649901 0.0006623096885460332
47.168170395781715 0.0006794057094515989
47.27252475506442 0.0006862956212537332
47.37687911434712 0.0006822150568496864
47.48123347362983 0.000686616444435639
47.58558783291253 0.0006937423050508054
47.68994219219523 0.0006862209794947671
47.794296551477935 0.0006737438452886221
47.89865091076064 0.0006627579808479021
48.00300527004334 0.0006365817705856132
48.10735962932605 0.0005939046063256479
48.21171398860874 0.0005552070790775059
48.316068347891445 0.0005248304006529851
48.42042270717415 0.0004943380369068265
48.52477706645685 0.0004757782857725013
48.62913142573956 0.0004822704823600905
48.73348578502226 0.0005017061599538728
48.83784014430496 0.0005272147304071309
48.942194503587665 0.0005682095583177076
49.04654886287037 0.0006155514470282774
49.15090322215307 0.000646922766679275
49.25525758143578 0.0006615962069281316
49.35961194071848 0.0006672401797097186
49.46396630000118 0.000654810909338448
49.568320659283884 0.0006249040284246155
49.672675018566586 0.00060136334411002
49.77702937784929 0.0005933788362621028
49.88138373713199 0.0005913313204713144
49.98573809641469 0.0005974870136719482
50.090092455697395 0.0006165410100398491
50.1944468149801 0.0006324816571447471
50.2988011742628 0.0006295555771824625
50.40315553354551 0.0006158115116378662
50.50750989282821 0.0005977532895726606
50.61186425211091 0.0005664230471403566
50.716218611393614 0.0005268863342397543
50.82057297067632 0.000495286777357062
50.924927329959026 0.00047144314620808865
51.02928168924173 0.00045145602201281684
51.13363604852443 0.00044632990475046994
51.23799040780713 0.00046301645729051504
51.342344767089834 0.0004897304973985582
51.446699126372536 0.00051779682081789
51.55105348565524 0.000549522669377588
51.65540784493794 0.0005760165188323329
51.75976220422064 0.0005854553124660694
51.864116563503345 0.0005857344729715109
51.96847092278605 0.0005872269605541453
52.072825282068756 0.0005865352249233704
52.17717964135146 0.0005824443697048685
52.28153400063416 0.0005837000808058727
52.38588835991686 0.0005913404280135401
52.490242719199564 0.0005959475837931295
52.59459707848227 0.0005984113494590017
52.698951437764975 0.0006048509885604887
52.80330579704767 0.0006079568850217564
52.90766015633037 0.0005989577523530492
53.012014515613075 0.0005804768827462282
53.11636887489578 0.0005550194333092916
53.220723234178486 0.0005195069403394303
53.32507759346119 0.000479084434548589
53.42943195274389 0.0004470273046347352
53.53378631202659 0.0004267582086298108
53.638140671309294 0.00041507227383978884
53.742495030592 0.00041451857271866986
53.846849389874706 0.00042570406311344275
53.95120374915741 0.0004418107610988955
54.05555810844011 0.0004587376649974834
54.15991246772281 0.0004792214229632981
54.264266827005514 0.0005025982287967323
54.368621186288216 0.0005221835400124847
54.47297554557092 0.0005373349892716101
54.57732990485362 0.0005516033178784019
54.68168426413632 0.0005625627292456842
54.786038623419024 0.0005687316262572878
54.89039298270173 0.0005749258410533596
54.99474734198443 0.0005841381183345927
55.09910170126713 0.0005922224151222665
55.20345606054985 0.0005947873927664249
55.30781041983255 0.0005928797610981586
55.41216477911525 0.0005852651654268747
55.51651913839795 0.0005683306528430364
55.620873497680655 0.0005450237775352078
55.72522785696336 0.0005214619682822518
55.82958221624606 0.000499407268244697
55.93393657552876 0.00047730877058895703
56.03829093481146 0.0004565612827095125
56.14264529409416 0.00044008572937715134
56.24699965337686 0.00042647216073737047
56.35135401265958 0.00041508680533284805
56.45570837194228 0.0004095405110537072
56.56006273122498 0.00041100154196688584
56.66441709050768 0.0004159824792550616
56.768771449790385 0.0004218539976342723
56.87312580907309 0.0004296026301621329
56.97748016835579 0.0004384872902111576
57.08183452763849 0.0004457508086329966
57.186188886921194 0.0004539337137436047
57.290543246203896 0.0004668293190170577
57.3948976054866 0.00048261416903280714
57.49925196476931 0.0004990773857841435
57.60360632405201 0.0005177750045187716
57.70796068333471 0.0005390774950190719
57.81231504261741 0.0005580103985015555
57.916669401900116 0.0005716462135639751
58.02102376118282 0.000582706083148857
58.12537812046552 0.0005892712223644895
58.22973247974822 0.0005860357046801901
58.334086839030924 0.000574462691956792
58.438441198313626 0.0005591285168148866
58.54279555759633 0.0005396021793857414
58.647149916879044 0.000514925599879833
58.75150427616175 0.0004911785030380237
58.85585863544444 0.00047246327488506074
58.960212994727144 0.00045423040985959545
59.064567354009846 0.0004348639308988448
59.16892171329255 0.0004182078435477326
59.27327607257525 0.00040345678310020253
59.37763043185795 0.0003867657575102774
59.481984791140654 0.0003713747737036712
59.586339150423356 0.00036348983892966444
59.69069350970607 0.0003610656181679399
59.795047868988775 0.000361055762343608
59.89940222827148 0.00036762191811184886
60.00375658755418 0.00038124771638915045
60.10811094683688 0.000395756922372463
60.21246530611958 0.0004106038846224914
60.316819665402285 0.00043061088278745436
60.42117402468499 0.00045347237130429835
60.52552838396769 0.0004725385331691304
60.629882743250384 0.0004898426445379816
60.734237102533086 0.0005084766752308204
60.8385914618158 0.0005223772035969466
60.942945821098505 0.0005296438115456175
61.04730018038121 0.0005378424759833847
61.15165453966391 0.0005491605196705088
61.25600889894661 0.000557313145972673
61.36036325822931 0.0005614908634813686
61.464717617512015 0.0005664824079085919
61.56907197679472 0.0005676156045551781
61.67342633607742 0.000557590690508479
61.77778069536012 0.0005416363208448204
61.88213505464282 0.0005259705069559998
61.98648941392553 0.0005062367612598287
62.090843773208235 0.0004800206806383025
62.19519813249094 0.0004546794738817998
62.29955249177364 0.0004327103887448555
62.40390685105634 0.0004078618337774239
62.50826121033904 0.0003817872706676505
62.612615569621745 0.000362534595141958
62.71696992890445 0.0003493977930493626
62.82132428818715 0.0003376911087086984
62.92567864746985 0.00032995447260469315
63.030033006752554 0.00032868569097176765
63.13438736603527 0.00032820486435143793
63.23874172531797 0.00032635423094446456
63.343096084600674 0.00032986745189832396
63.44745044388337 0.0003398139910530252
63.55180480316607 0.00035105722200066606
63.65615916244877 0.00036531641781905943
63.760513521731475 0.00038636340578358677
63.86486788101418 0.000409280368683978
63.96922224029688 0.0004287744762938689
64.07357659957958 0.00044938145337515323
64.17793095886229 0.00047399681236853206
64.282285318145 0.0004958596695783003
64.3866396774277 0.0005130090229914183
64.4909940367104 0.0005307231340713409
64.5953483959931 0.0005471746909666303
64.69970275527581 0.0005560293468393575
64.8040571145585 0.0005601882813344402
64.90841147384121 0.0005669306887772853
65.01276583312391 0.0005733983544028873
65.11712019240662 0.0005741428422501289
65.22147455168931 0.0005727140282303973
65.32582891097202 0.0005702810297092843
65.43018327025473 0.000559424483021281
65.53453762953744 0.0005378771288469806
65.63889198882013 0.0005131772769802319
65.74324634810284 0.0004887452905681347
65.84760070738554 0.0004612183806601854
65.95195506666823 0.00043349874288209697
66.05630942595094 0.00041129242064736346
66.16066378523364 0.0003916145057435419
66.26501814451635 0.0003697068591622003
66.36937250379904 0.00034852172431546505
66.47372686308175 0.0003317930930512501
66.57808122236446 0.00031643389283667175
66.68243558164717 0.0003010144803958953
66.78678994092986 0.00029012775995337816
66.89114430021257 0.0002837703113167112
66.99549865949527 0.000277397639518109
67.09985301877798 0.00027237562840142643
67.20420737806067 0.0002733239650527972
67.30856173734338 0.0002794238667181445
67.41291609662608 0.00028814288197957734
67.51727045590879 0.00030200744769424596
67.62162481519148 0.00032202328810996883
67.72597917447419 0.0003426923136012624
67.8303335337569 0.0003616380761428165
67.9346878930396 0.0003824738758969572
68.0390422523223 0.0004057379229271846
68.143396611605 0.00042841882826608264
68.24775097088771 0.00045167938902864515
68.3521053301704 0.0004789465056407975
68.45645968945311 0.0005070227362289893
68.5608140487358 0.0005306421955993875
68.66516840801852 0.0005512421000283508
68.76952276730121 0.0005708885166030807
68.87387712658392 0.0005866335294921203
68.97823148586663 0.0005967081821851728
69.08258584514932 0.0006046089270180363
69.18694020443203 0.0006116150539158063
69.29129456371473 0.0006134240024399039
69.39564892299744 0.000609496186339964
69.50000328228013 0.000604038117674763
69.60435764156284 0.0005978771808056673
69.70871200084554 0.0005888079777596032
69.81306636012825 0.0005775782031935009
69.91742071941096 0.0005667242106658404
70.02177507869366 0.0005536805085909205
70.12612943797636 0.0005341510367206718
70.23048379725907 0.0005093311552397272
70.33483815654176 0.0004821343926540145
70.43919251582446 0.00045285867100202873
70.54354687510717 0.0004221278602721954
70.64790123438986 0.0003935389028454661
70.75225559367257 0.00036914312480352147
70.85660995295527 0.0003463918210848581
70.96096431223798 0.00032358784272582
71.06531867152069 0.00030191955262924564
71.1696730308034 0.0002817383985075039
71.27402739008609 0.0002621139989094702
71.3783817493688 0.0002438789189937669
71.4827361086515 0.00022953313263550558
71.5870904679342 0.00021903756113079187
71.6914448272169 0.0002104794710507737
71.79579918649961 0.00020411118893749207
71.9001535457823 0.00020109866009604014
72.00450790506501 0.00020110629466952635
72.1088622643477 0.00020370753554290686
72.21321662363042 0.00021016109774846253
72.31757098291313 0.00022129743873232236
72.42192534219582 0.00023514578453328024
72.52627970147853 0.0002500687508302659
72.63063406076122 0.0002668903514305837
72.73498842004393 0.0002859849959850049
72.83934277932663 0.000306588713113149
72.94369713860934 0.00032924796739011985
73.04805149789203 0.0003559794332158887
73.15240585717474 0.0003864425379990056
73.25676021645744 0.0004175242409716419
73.36111457574015 0.00044817540640349813
73.46546893502286 0.0004789888777308826
73.56982329430555 0.0005086749162278112
73.67417765358826 0.0005355994000807051
73.77853201287095 0.0005613271231292807
73.88288637215366 0.0005886159779800709
73.98724073143636 0.0006161495777854793
74.09159509071907 0.0006417169633941906
74.19594945000176 0.0006668405744510069
74.30030380928447 0.0006927697993699618
74.40465816856717 0.0007172657535373734
74.50901252784989 0.00073851315148887
74.61336688713259 0.0007589991486119384
74.7177212464153 0.0007798569636067038
74.82207560569799 0.0007970472470659137
74.9264299649807 0.0008087534851262454
75.0307843242634 0.0008177746314156962
75.13513868354609 0.000825158178591773
75.2394930428288 0.000828423388620785
75.34384740211149 0.0008284599952567585
75.4482017613942 0.0008303794203567525
75.5525561206769 0.0008341484988188544
75.65691047995962 0.0008351432858630226
75.76126483924232 0.0008327184603745235
75.86561919852502 0.0008293797271124821
75.96997355780772 0.0008235441829114987
76.07432791709043 0.0008114817739829752
76.17868227637312 0.0007961528427377053
76.28303663565583 0.0007828579795734796
76.38739099493853 0.0007703491191962927
76.49174535422124 0.0007554325994915004
76.59609971350393 0.0007398084854704777
76.70045407278664 0.0007256736957894712
76.80480843206935 0.0007091817780250282
76.90916279135205 0.0006872564233256273
77.01351715063475 0.0006640438715425086
77.11787150991745 0.0006429574977820133
77.22222586920016 0.0006218116348551618
77.32658022848285 0.0005994310573659576
77.43093458776556 0.0005793740190363812
77.53528894704826 0.0005624311014891391
77.63964330633097 0.0005437145904715317
77.74399766561366 0.0005217307516761327
77.84835202489637 0.0004999696011920223
77.95270638417908 0.00047904443110321105
78.05706074346178 0.00045602916674402337
78.16141510274448 0.00043174531557570986
78.26576946202718 0.0004104268584898714
78.37012382130989 0.0003915846341032698
78.47447818059258 0.0003718461765987606
78.5788325398753 0.00035209544070327674
78.68318689915799 0.000335055438182548
78.7875412584407 0.0003193351405436641
78.89189561772339 0.0003019721443325281
78.9962499770061 0.00028455045088195623
79.10060433628881 0.00026948136327362946
79.20495869557152 0.00025469705305656453
79.30931305485421 0.0002381839947226325
79.41366741413692 0.00022202711706211816
79.51802177341962 0.00020823457412957178
79.62237613270231 0.00019503879547276375
79.72673049198502 0.00018127181097495924
79.83108485126772 0.00016920580760061886
79.93543921055043 0.00015965840504939582
80.03979356983312 0.00015023970054581315
80.14414792911583 0.00013984784203425888
80.24850228839854 0.00013024306450000995
80.35285664768125 0.00012186284573805859
80.45721100696395 0.00011284953855386416
80.56156536624665 0.00010336903144973703
80.66591972552935 9.545882619404065e-05
80.77027408481206 8.911664204346044e-05
80.87462844409475 8.261896258324959e-05
80.97898280337746 7.592125851086473e-05
81.08333716266016 7.031446144625071e-05
81.18769152194287 6.525270969265479e-05
81.29204588122558 5.9486045181317684e-05
81.39640024050827 5.376190161708493e-05
81.50075459979098 4.9373339581893695e-05
81.60510895907368 4.589019598395347e-05
81.70946331835638 4.2301823778123874e-05
81.81381767763908 3.904288718165439e-05
81.91817203692179 3.663471821758837e-05
82.02252639620448 3.412391138633016e-05
82.12688075548719 3.080175728083572e-05
82.23123511476989 2.742795313341508e-05
82.3355894740526 2.4705394539447467e-05
82.4399438333353 2.2188769110247398e-05
82.544298192618 1.966996806822244e-05
82.64865255190071 1.7820666621074183e-05
82.7530069111834 1.6746505365030106e-05
82.85736127046611 1.570339171287709e-05
82.96171562974881 1.4353917468889775e-05
83.06606998903152 1.3122246693595714e-05
83.17042434831421 1.210752447749639e-05
83.27477870759692 1.0845512582216674e-05
83.37913306687962 9.426779686556772e-06
83.48348742616233 8.372363086609598e-06
83.58784178544504 7.646959492283038e-06
83.69219614472775 6.859478764165828e-06
83.79655050401044 6.0381040046390605e-06
83.90090486329315 5.484237552055487e-06
84.00525922257584 5.089535461250289e-06
84.10961358185855 4.568697854980124e-06
84.21396794114125 4.030223699835166e-06
84.31832230042394 3.7077338537294774e-06
84.42267665970665 3.4810579846478625e-06
84.52703101898935 3.1165936916541644e-06
84.63138537827206 2.7168269760941486e-06
84.73573973755477 2.4420634180891375e-06
84.84009409683748 2.1840656723992646e-06
84.94444845612017 1.8519659902767412e-06
85.04880281540288 1.5681367540224413e-06
85.15315717468557 1.4366078720317492e-06
85.25751153396828 1.344258696572466e-06
85.36186589325098 1.1895222561169709e-06
85.46622025253369 1.0508081971858792e-06
85.57057461181638 9.660055879196802e-07
85.67492897109909 8.629665674285239e-07
85.77928333038179 7.193977219298002e-07
85.8836376896645 6.145468573752788e-07
85.9879920489472 5.899515649181572e-07
86.0923464082299 5.731758217812132e-07
86.19670076751261 5.251168337296118e-07
86.3010551267953 4.861347038443024e-07
86.40540948607801 4.487786349128996e-07
86.50976384536071 3.621993633054596e-07
86.61411820464342 2.487006552521064e-07
86.71847256392611 1.7686856678782368e-07
86.82282692320882 1.5242727774177636e-07
86.92718128249152 1.4441236972636087e-07
87.03153564177424 1.4435607719985606e-07
87.13589000105694 1.654639286219439e-07
87.24024436033963 1.9715953375054073e-07
87.34459871962234 1.8997869294774805e-07
87.44895307890503 1.4170952549610734e-07
87.55330743818774 9.929370798509773e-08
87.65766179747044 7.204811953863702e-08
87.76201615675315 4.7830877121546485e-08
87.86637051603584 3.3177755848644996e-08
87.97072487531855 3.555143828322991e-08
88.07507923460125 4.839067858539363e-08
88.17943359388397 5.586714000917599e-08
88.28378795316667 5.0618938018521426e-08
88.38814231244938 4.220612080822489e-08
88.49249667173207 3.5802154970627463e-08
88.59685103101478 2.4352116227238627e-08
88.70120539029747 1.6389506079002476e-08
88.80555974958018 2.0527827903628765e-08
88.90991410886288 2.4478970905138555e-08
89.01426846814557 2.0399423991505294e-08
89.11862282742828 1.3949812886712823e-08
89.22297718671098 1.0735379054213836e-08
89.3273315459937 8.775658436184295e-09
89.4316859052764 3.707801433438067e-09
89.5360402645591 1.0948712615331865e-09
89.6403946238418 3.867238265531204e-09
89.74474898312451 6.0464650482984094e-09
89.8491033424072 6.339574408922222e-09
89.95345770168991 6.555602153635585e-09
90.05781206097261 9.190278203095577e-09
90.16216642025532 1.1489443024915496e-08
90.26652077953801 6.2994935245948035e-09
90.37087513882072 2.2712325770754324e-09
90.47522949810343 8.992759046314192e-09
90.57958385738613 1.1927597381296143e-08
90.68393821666884 6.346464108949302e-09
90.78829257595153 2.517993328770635e-09
90.89264693523424 1.8883798453324495e-10
90.99700129451693 2.6764955944527654e-09
91.10135565379964 8.265832155816595e-09
91.20571001308234 4.42005026022447e-09
91.31006437236505 6.677990556449514e-10
91.41441873164774 4.431616388207409e-09
91.51877309093047 5.960271235757796e-09
91.62312745021316 8.534123349277541e-09
91.72748180949586 9.399413695228314e-09
91.83183616877857 2.3307095899858785e-09
91.93619052806126 7.821266669049659e-10
92.04054488734397 4.47102773552805e-09
92.14489924662666 2.4146375371705667e-09
92.24925360590937 6.59612253063333e-10
92.35360796519207 2.099194611143793e-10
92.45796232447478 1.0619339729371184e-09
92.56231668375747 6.312829203158642e-09
92.6666710430402 6.500919046379708e-09
92.77102540232289 1.2223193930090921e-09
92.8753797616056 2.713815469689239e-10
92.9797341208883 6.632950568234851e-10
93.084088480171 7.493983927207784e-10
93.1884428394537 2.034609337329938e-09
93.29279719873641 2.2748132427617897e-09
93.3971515580191 2.64152403533964e-09
93.5015059173018 2.677141642704412e-09
93.60586027658451 1.3561809521295877e-09
93.7102146358672 4.0448140704093704e-10
93.81456899514993 5.183339405384236e-10
93.91892335443262 1.882644290324027e-09
94.02327771371533 1.831579634222104e-09
94.12763207299803 1.2235462916840477e-09
94.23198643228073 4.533658623436762e-09
94.33634079156343 4.878144374865561e-09
94.44069515084614 1.6860305831849418e-09
94.54504951012883 1.4463796595545604e-09
94.64940386941154 2.5121626883597735e-10
94.75375822869424 2.7754410284338133e-09
94.85811258797695 1.0105501676024401e-08
94.96246694725966 6.513332283636019e-09
95.06682130654235 2.57685235618508e-10
95.17117566582506 2.643186180247795e-09
95.27553002510776 3.374490678787839e-09
95.37988438439046 6.283777013195459e-09
95.48423874367316 9.512892428374013e-09
95.58859310295587 2.4825076515516817e-09
95.69294746223856 1.331518069801922e-09
95.79730182152127 7.942876848702023e-09
95.90165618080397 5.652995166315055e-09
96.00601054008668 2.7878012498482353e-09
96.11036489936939 2.3367765580905266e-09
96.2147192586521 1.1943541617728235e-12
96.31907361793479 4.213737768581763e-09
96.42342797721749 7.80690330513557e-09
96.5277823365002 2.7211814058182895e-09
96.63213669578289 2.9381519374320273e-12
96.7364910550656 4.162066145863134e-10
96.8408454143483 4.191922376901184e-10
96.945199773631 2.4506259251297542e-09
97.0495541329137 3.427869222706602e-09
97.15390849219641 2.394806988817767e-09
97.25826285147912 1.5712357484004061e-09
97.36261721076183 7.631151548084385e-10
97.46697157004452 2.672282883005466e-10
97.57132592932723 3.3426032415012604e-10
97.67568028860993 2.0882821434348664e-09
97.78003464789263 3.4087026663832245e-09
97.88438900717533 1.384587423990774e-09
97.98874336645804 1.372716935240582e-09
98.09309772574073 2.743568115892543e-09
98.19745208502343 1.4448085648593222e-09
98.30180644430614 1.1948162713116613e-09
98.40616080358885 8.226983797810573e-10
98.51051516287156 4.943766699903705e-10
98.61486952215425 4.541426063878956e-09
98.71922388143696 4.976798276055313e-09
98.82357824071966 8.134237845768406e-10
98.92793260000236 2.460419627023952e-10
99.03228695928506 5.514218938545043e-10
99.13664131856777 1.897267330125287e-09
99.24099567785046 4.426364850933942e-09
99.34535003713317 1.9397126728565154e-09
99.44970439641587 5.613974549770031e-10
99.55405875569858 3.1464671519817516e-09
99.65841311498129 2.2930092692635094e-09
99.76276747426398 1.1847366912999231e-09
99.86712183354669 8.485905952497147e-10
99.97147619282939 1.2834661448345943e-10
100.0758305521121 3.7504386721067515e-09
100.18018491139479 5.509366129967999e-09
100.2845392706775 1.4032996138322246e-09
100.3888936299602 1.3539308893096395e-10
100.4932479892429 8.6988725610924e-10
100.5976023485256 1.3839719187525996e-09
100.70195670780832 3.314452039280334e-09
100.80631106709102 2.1949852213224818e-09
100.91066542637373 2.757900452943046e-10
101.01501978565642 2.0497278753200637e-09
101.11937414493912 2.4194004221037647e-09
101.22372850422182 9.557965633741555e-10
101.32808286350452 5.599255779221888e-10
101.43243722278723 1.2425537846637105e-10
101.53679158206992 1.0038039825671783e-09
101.64114594135263 2.382212657238788e-09
101.74550030063534 1.6979785980220152e-09
101.84985465991805 5.633631962021684e-10
101.95420901920075 2.1981303728835607e-10
102.05856337848346 1.4965637484656866e-10
102.16291773776615 3.0463696498349425e-10
102.26727209704886 7.152547076834571e-10
102.37162645633155 2.02422825496267e-09
102.47598081561426 2.174369762437882e-09
102.58033517489696 5.653774761073645e-10
102.68468953417967 6.285572931590316e-11
102.78904389346236 4.6009951614497943e-10
102.89339825274507 1.372269933901539e-09
102.99775261202778 2.6961019654414487e-09
103.10210697131048 1.313045524824908e-09
103.20646133059319 8.112296262973553e-11
103.31081568987588 2.42311140746987e-09
103.41517004915859 3.2754782191164936e-09
103.51952440844128 2.0355441079079214e-09
103.623878767724 1.3291588703190278e-09
103.72823312700669 1.958595123519698e-10
103.8325874862894 1.504389331502065e-09
103.9369418455721 4.533041272413689e-09
104.0412962048548 2.929639790530773e-09
104.14565056413751 2.371937538572771e-10
104.2500049234202 5.753881420040655e-10
104.35435928270292 1.1791360237568175e-09
104.45871364198561 2.290716518063223e-09
104.56306800126832 2.6636356950163042e-09
104.66742236055102 4.739590039103683e-10
104.77177671983372 5.781867731706221e-10
104.87613107911642 2.4723104334670814e-09
104.98048543839913 1.7589756473062778e-09
105.08483979768182 6.568777700637123e-10
105.18919415696455 2.525590860919871e-10
105.29354851624724 1.1071154099551233e-10
105.39790287552995 1.4871283847958299e-09
105.50225723481265 2.0212920785500722e-09
105.60661159409534 6.968100131388705e-10
105.71096595337805 2.0233167052790052e-10
105.81532031266075 2.2919917944233666e-10
105.91967467194345 2.7351896929177635e-10
106.02402903122615 6.052874341200849e-10
106.12838339050886 8.41454318893434e-10
106.23273774979155 1.1038131778121359e-09
106.33709210907428 9.023576642641785e-10
106.44144646835697 2.986712299901505e-10
106.54580082763968 2.545758319559654e-10
106.65015518692238 3.107886879384447e-10
106.75450954620509 1.0584646624815697e-09
106.85886390548778 1.508433254207741e-09
106.96321826477049 3.81599120461517e-10
107.06757262405318 8.343587370079207e-10
107.1719269833359 2.0401083216014914e-09
107.27628134261859 1.0553845422849416e-09
107.38063570190128 5.405118599049201e-10
107.484990061184 3.284250573377168e-10
107.5893444204667 2.2482223724084503e-10
107.69369877974941 2.739683802744826e-09
107.7980531390321 2.9838664782012168e-09
107.90240749831482 3.528652865668338e-10
108.00676185759751 4.663085481459854e-10
108.11111621688022 9.182806010776674e-10
108.21547057616291 1.215568084363448e-09
108.31982493544562 2.952122080640598e-09
108.42417929472832 1.4962160790133703e-09
108.52853365401103 1.3865137321729925e-10
108.63288801329374 2.209854523651726e-09
108.73724237257643 1.8856229422463837e-09
108.84159673185914 5.356226932802101e-10
108.94595109114184 7.081218704397046e-10
109.05030545042455 3.248120446665384e-11
109.15465980970724 1.3228785649890686e-09
109.25901416898995 3.0756201525290636e-09
109.36336852827264 1.223886511240403e-09
109.46772288755535 3.334245437785186e-11
109.57207724683805 3.3824412550401726e-10
109.67643160612076 1.30220868140532e-10
109.78078596540345 9.932234890192325e-10
109.88514032468616 1.5207553445406524e-09
109.98949468396886 9.290214568595921e-10
110.09384904325157 9.784730990071709e-10
110.19820340253426 6.707364076943867e-10
110.30255776181698 9.834809044971278e-11
110.4069121210997 2.5493662504943136e-11
110.51126648038239 4.684927032959462e-10
110.6156208396651 1.2524947170367047e-09
110.7199751989478 1.1148422167194795e-09
110.8243295582305 8.752478914796411e-10
110.9286839175132 1.0911297971952147e-09
111.0330382767959 3.776804930621066e-10
111.1373926360786 2.9784245559644257e-10
111.24174699536131 4.79437953337729e-10
111.346101354644 2.2383261632927956e-10
111.45045571392671 2.190049642773278e-09
111.55481007320941 2.877027989812281e-09
111.65916443249212 5.588351699954861e-10
111.76351879177481 1.8080272061943253e-10
111.86787315105752 3.601220416309439e-10
111.97222751034022 5.489805713810121e-10
112.07658186962291 2.7062320290261783e-09
112.18093622890562 1.9159234440304497e-09
112.28529058818832 1.653986956184179e-10
112.38964494747103 1.6965294837500834e-09
112.49399930675372 1.5733846977126651e-09
112.59835366603646 6.820748572548083e-10
112.70270802531915 1.2723670547111682e-09
112.80706238460186 2.116498845135059e-10
112.91141674388456 1.0998575581597558e-09
113.01577110316725 3.436312728944181e-09
113.12012546244996 1.6853050666147664e-09
113.22447982173266 1.8984203577587618e-11
113.32883418101537 2.963792655892672e-10
113.43318854029806 1.1113603340119668e-10
113.53754289958077 1.4747710117666454e-09
113.64189725886347 2.236750460561164e-09
113.74625161814618 7.03408173821154e-10
113.85060597742887 6.514224344597545e-10
113.95496033671158 9.592853606498644e-10
114.05931469599427 2.9342974553590286e-10
114.16366905527698 4.060399355980229e-10
114.26802341455968 6.481812456388518e-10
114.37237777384239 7.659641612038572e-10
114.47673213312508 1.1488910337326738e-09
114.58108649240779 1.026863408184494e-09
114.68544085169049 6.454277715978951e-10
114.7897952109732 2.1987040738171244e-10
114.89414957025592 3.014180917184179e-10
114.99850392953861 6.240631279047747e-10
115.10285828882132 4.4639608531340096e-10
115.20721264810402 1.2339711582979467e-09
115.31156700738673 1.9014909400884495e-09
115.41592136666942 7.054650062466198e-10
115.52027572595213 4.177482447889813e-12
115.62463008523483 3.3112354767248525e-11
115.72898444451754 3.9062825620088547e-10
115.83333880380023 2.0735680785469018e-09
115.93769316308294 1.871911116061137e-09
116.04204752236564 2.2402642949411117e-10
116.14640188164834 7.739205927885486e-10
116.25075624093104 1.19547510043151e-09
116.35511060021375 8.451591973840618e-10
116.45946495949644 1.1861763104525292e-09
116.56381931877915 3.581703889426744e-10
116.66817367806185 5.626351998432915e-10
116.77252803734454 2.456563451910083e-09
116.87688239662725 1.7700617440333385e-09
116.98123675590995 1.8727094333393183e-10
117.08559111519266 9.632935905237028e-11
117.18994547447538 1.915274647457055e-10
117.29429983375809 1.4343276939094144e-09
117.39865419304078 2.2661296643009124e-09
117.5030085523235 7.459120249941891e-10
117.60736291160619 2.550376113676032e-10
117.71171727088888 9.479466814957406e-10
117.81607163017159 7.571225170248961e-10
117.92042598945429 6.507041135692243e-10
118.024780348737 4.872697170741353e-10
118.12913470801969 2.836204825760667e-10
118.2334890673024 1.14504126387195e-09
118.3378434265851 1.4241530477302867e-09
118.4421977858678 5.986016908998983e-10
118.5465521451505 1.0665536439874238e-10
118.65090650443321 7.681008831412751e-11
118.7552608637159 2.957539737449907e-10
118.85961522299861 6.40089111789025e-10
118.96396958228131 9.339885252410726e-10
119.06832394156402 1.1415662312131451e-09
119.17267830084671 7.479113783191869e-10
119.27703266012942 1.4531057576951714e-10
119.38138701941214 3.283262363021164e-11
119.48574137869484 2.4201910398480434e-10
119.59009573797755 1.0952575102709017e-09
119.69445009726024 1.4632007763600616e-09
119.79880445654295 5.279439798996776e-10
119.90315881582565 3.60962893410458e-10
120.00751317510836 1.0323149579445638e-09
120.11186753439105 8.902721614533847e-10
120.21622189367376 7.168724129467643e-10
120.32057625295646 3.351819345527003e-10
120.42493061223917 1.724937666216981e-10
120.52928497152186 1.627143671247334e-09
120.63363933080457 2.136125167684831e-09
120.73799369008727 6.239365345377107e-10
120.84234804936997 5.2614111992851756e-12
120.94670240865267 2.333721808508106e-10
121.05105676793538 8.238806127757303e-10
121.15541112721807 1.8404751652449734e-09
121.25976548650077 1.1362467052045775e-09
121.36411984578348 1.613990320503939e-10
121.46847420506617 1.0455457995590909e-09
121.57282856434888 1.3371092664875382e-09
121.6771829236316 6.727546663996112e-10
121.78153728291431 4.396630714447797e-10
121.88589164219701 7.375312919503989e-11
121.99024600147972 7.453480272306976e-10
122.09460036076241 1.8974841588752774e-09
122.19895472004512 1.21462227041351e-09
122.30330907932782 1.6521499319907275e-10
122.40766343861051 8.54049240069831e-11
122.51201779789322 1.683472579280952e-10
122.61637215717592 6.489400259029061e-10
122.72072651645863 9.909721597340853e-10
122.82508087574132 8.263302968256978e-10
122.92943523502403 8.405572438712422e-10
123.03378959430673 6.377480710899118e-10
123.13814395358943 2.2058119928927062e-10
123.24249831287213 8.31634779210273e-11
123.34685267215484 3.508759629878164e-10
123.45120703143753 8.879401493796493e-10
123.55556139072024 8.781624401044231e-10
123.65991575000294 6.824064765906904e-10
123.76427010928565 9.990795629540073e-10
123.86862446856834 6.632153939738268e-10
123.97297882785107 2.5175613996638476e-10
124.07733318713377 2.888944125300204e-10
124.18168754641647 1.5094977941351554e-10
124.28604190569918 1.2152001473348083e-09
124.39039626498187 2.2307154786957476e-09
124.49475062426458 8.947686466104321e-10
124.59910498354728 1.99048257486611e-11
124.70345934282999 2.514410142022459e-10
124.80781370211268 3.657205108360177e-10
124.91216806139539 1.5800029651545481e-09
125.01652242067809 1.6597316479882938e-09
125.1208767799608 2.882465558777994e-10
125.22523113924349 9.801986475350789e-10
125.3295854985262 1.5421338596488355e-09
125.4339398578089 5.597113783266023e-10
125.5382942170916 5.1417597883036e-10
125.6426485763743 2.4083687618927583e-10
125.74700293565701 4.723549633149861e-10
125.8513572949397 2.106338500162461e-09
125.9557116542224 1.7005538678450576e-09
126.06006601350511 1.8515157779823095e-10
126.1644203727878 1.1747533694359477e-10
126.26877473207054 8.973965741917705e-11
126.37312909135323 5.944846165930706e-10
126.47748345063594 1.4026169294940935e-09
126.58183780991864 9.357657373356643e-10
126.68619216920135 6.892170791137182e-10
126.79054652848404 8.28429921817286e-10
126.89490088776674 3.102470581303348e-10
126.99925524704945 5.5468806806892844e-11
127.10360960633214 2.4403141775444664e-10
127.20796396561485 6.411457525873579e-10
127.31231832489755 1.0943254498058918e-09
127.41667268418026 9.821049804176162e-10
127.52102704346295 7.232609497254552e-10
127.62538140274566 3.457759641446042e-10
127.72973576202835 6.024037366502039e-11
127.83409012131106 2.589013317918205e-10
127.93844448059376 3.3987681025905826e-10
128.04279883987647 9.249480134661014e-10
128.14715319915916 1.7106242474599305e-09
128.25150755844186 8.683972224578566e-10
128.35586191772458 4.5157114875667255e-11
128.4602162770073 1.1258089953299013e-10
128.56457063629 1.0076460840526363e-10
128.6689249955727 1.099935329729069e-09
128.7732793548554 1.5619862520926927e-09
128.8776337141381 4.436184267972602e-10
128.9819880734208 6.716001381447196e-10
129.0863424327035 1.1241744401300983e-09
129.1906967919862 3.901592459400898e-10
129.29505115126892 5.08441993222337e-10
129.39940551055162 3.54690407765165e-10
129.5037598698343 2.890192625042875e-10
129.608114229117 1.7382728161547589e-09
129.71246858839973 1.6294030926235831e-09
129.81682294768243 1.9093639376450565e-10
129.92117730696512 7.926192980689626e-11
130.02553166624782 6.333876764836997e-11
130.12988602553054 5.103878976000224e-10
130.23424038481323 1.4070947429379213e-09
130.33859474409593 8.12983727248816e-10
130.44294910337862 3.487401724234225e-10
130.54730346266132 7.314109669614549e-10
130.65165782194404 3.807580582812342e-10
130.75601218122677 1.4989794271671034e-10
130.86036654050946 2.9113257424719285e-10
130.96472089979216 3.246722801821847e-10
131.06907525907488 8.258468168635945e-10
131.17342961835757 9.521967458875046e-10
131.27778397764027 4.3083331178291157e-10
131.38213833692296 1.234345970103094e-10
131.4864926962057 2.537473675163925e-11
131.59084705548838 1.7594336526426798e-10
131.69520141477108 4.5200534473884395e-10
131.79955577405377 5.922482807269134e-10
131.90391013333647 8.226490602085742e-10
132.0082644926192 5.975856272452085e-10
132.11261885190189 1.115626431978796e-10
132.21697321118458 8.037540605613833e-12
132.32132757046728 3.8167283384270693e-11
132.42568192975 5.16244116710792e-10
132.5300362890327 9.38400649929524e-10
132.6343906483154 4.5090839384309075e-10
132.73874500759808 3.238613965047409e-10
132.8430993668808 5.717270916664848e-10
132.9474537261635 2.8232548466901654e-10
133.05180808544623 2.919602461185062e-10
133.15616244472892 2.3567191536068345e-10
133.26051680401162 1.4208250699228946e-10
133.36487116329434 9.937847396074175e-10
133.46922552257703 1.1601206711730265e-09
133.57357988185973 2.2765469622174177e-10
133.67793424114242 2.592503253731405e-11
133.78228860042515 9.562816740526155e-11
133.88664295970784 3.880237350064318e-10
133.99099731899054 1.0673897339968358e-09
134.09535167827323 6.51691903559827e-10
134.19970603755596 8.206536900530262e-11
134.30406039683865 5.64420703174792e-10
134.40841475612135 6.071171245763462e-10
134.51276911540404 3.1120329587191533e-10
134.61712347468676 3.0105753852842754e-10
134.72147783396946 5.971164665770753e-11
134.82583219325215 3.6963269101922097e-10
134.93018655253485 9.73559896560095e-10
135.03454091181757 5.936683149164065e-10
135.13889527110027 5.0915033299726425e-11
135.24324963038296 1.8067382716212882e-11
135.34760398966569 4.400992697591224e-11
135.45195834894838 3.1657754781261853e-10
135.5563127082311 5.572437709394599e-10
135.6606670675138 4.353358631037969e-10
135.7650214267965 2.913560835362754e-10
135.8693757860792 2.082149167801132e-10
135.9737301453619 9.282469403403009e-11
136.0780845046446 5.530744636177285e-11
136.1824388639273 2.1884127045630316e-10
136.28679322321 4.402136754159461e-10
136.3911475824927 3.000769521866779e-10
136.49550194177542 2.526537446217323e-10
136.5998563010581 5.346702074219639e-10
136.7042106603408 3.8030164868639276e-10
136.8085650196235 1.668434493026876e-10
136.91291937890622 1.868706460549289e-10
137.01727373818892 1.5476924081930113e-11
137.1216280974716 5.118927849765796e-10
137.2259824567543 1.1911228768210201e-09
137.33033681603703 5.478960200348156e-10
137.43469117531973 2.5987909065684116e-12
137.53904553460242 1.7794142023009934e-10
137.64339989388515 1.8776269763040348e-10
137.74775425316784 7.366964827659462e-10
137.85210861245056 1.0174994028536582e-09
137.95646297173326 1.910078616678912e-10
138.06081733101595 2.638133407767764e-10
138.16517169029865 7.970696528008754e-10
138.26952604958137 4.0332487339263867e-10
138.37388040886407 2.909968534714929e-10
138.47823476814676 2.6344294193100164e-10
138.58258912742946 4.80882449172699e-11
138.68694348671218 6.905730768828199e-10
138.79129784599488 9.668632267555555e-10
138.89565220527757 2.64827892631507e-10
139.00000656456027 5.672145578343139e-12
139.104360923843 2.0970590921038213e-11
139.20871528312568 6.209551123078493e-11
139.31306964240838 4.3305747329155876e-10
139.41742400169107 5.944295367097633e-10
139.5217783609738 4.426628777277991e-10
139.6261327202565 2.7635475509006003e-10
139.7304870795392 9.944549645406376e-11
139.8348414388219 1.0998559648415763e-11
139.9391957981046 5.587846819311701e-11
140.04355015738733 4.463465249552362e-10
140.14790451667002 6.523344621253075e-10
140.25225887595272 2.9893547183739767e-10
140.35661323523541 3.237558430027978e-10
140.46096759451814 4.2651462733356805e-10
140.56532195380083 1.1065553417726607e-10
140.66967631308353 2.681081745729098e-10
140.77403067236622 3.1814621052626725e-10
140.87838503164892 1.5403358045829813e-10
140.98273939093164 8.075994527092742e-10
141.08709375021434 8.832777733950047e-10
141.19144810949703 1.3489723539243067e-10
141.29580246877973 4.646533620713636e-11
141.40015682806245 2.8969850600573264e-11
141.50451118734514 1.7694003592866116e-10
141.60886554662784 8.417789149943821e-10
141.71321990591053 6.630073518583424e-10
141.81757426519326 2.539793039178072e-10
141.92192862447595 3.3362180299155766e-10
142.02628298375865 1.0985279682850488e-10
142.13063734304137 4.3482133101377244e-11
142.23499170232407 2.0166027735684564e-10
142.3393460616068 3.1168507637909394e-10
142.44370042088948 7.429726042514911e-10
142.54805478017218 6.273602522450262e-10
142.65240913945487 1.3210845805342312e-10
142.7567634987376 1.3735050365720946e-10
142.8611178580203 2.835857724600899e-11
142.965472217303 3.137680397618255e-10
143.06982657658568 7.894468971785341e-10
143.1741809358684 3.1640141485022604e-10
143.2785352951511 3.687252048761789e-10
143.3828896544338 8.719346310439212e-10
143.4872440137165 3.204432710515689e-10
143.59159837299921 1.7577529159615156e-10
143.6959527322819 3.4521897631572946e-10
143.8003070915646 3.417119780540657e-11
143.9046614508473 7.519242526331865e-10
144.00901581013002 1.3268393611679172e-09
144.11337016941272 4.104500889913629e-10
144.2177245286954 1.643573532571148e-11
144.3220788879781 1.5978260385272917e-10
144.42643324726083 1.1454168937362707e-11
144.53078760654356 5.477388466076269e-10
144.63514196582625 1.0383560299535598e-09
144.73949632510895 5.01644217362639e-10
144.84385068439164 1.248782225507697e-10
144.94820504367436 3.065754143415451e-10
145.05255940295706 1.6483287878257204e-10
145.15691376223975 1.689979912350931e-10
145.26126812152245 7.792712353504793e-10
145.36562248080517 6.496404166925248e-10
145.46997684008787 8.122534079982876e-11
145.57433119937056 7.251766347743045e-10
145.67868555865326 9.972808365830086e-10
145.78303991793595 3.7258942122102643e-10
145.88739427721868 6.932269863910942e-10
145.99174863650137 5.441957517431945e-10
146.09610299578407 6.542499219322377e-11
146.20045735506676 1.5892770909446737e-09
146.30481171434948 2.097523090625668e-09
146.40916607363218 5.599727028273789e-10
146.51352043291487 4.766013940727748e-10
146.61787479219757 6.220597198904598e-10
146.7222291514803 4.3494156926212725e-10
146.82658351076302 1.895055153384386e-09
146.9309378700457 2.006759098498971e-09
147.0352922293284 2.6853106292075656e-10
147.1396465886111 4.5354460372440504e-10
147.24400094789382 1.0541174118049787e-09
147.34835530717652 6.857584872892784e-10
147.4527096664592 1.2336877480051758e-09
147.5570640257419 1.221301001626312e-09
147.66141838502463 9.568671974474208e-11
147.76577274430733 5.193716623097541e-10
147.87012710359002 1.421225692280812e-09
147.97448146287272 8.620764181595059e-10
148.07883582215544 5.182108829531545e-10
148.18319018143814 6.979850552565065e-10
148.28754454072083 1.4316337357142107e-10
148.39189890000353 3.8787142836996056e-10
148.49625325928625 1.7508291932361632e-09
148.60060761856894 1.5337523513399175e-09
148.70496197785164 4.3923091749219053e-10
148.80931633713433 5.244000488270761e-10
148.91367069641706 4.503447348917745e-10
149.01802505569978 6.252328721161259e-10
149.12237941498248 2.0984119328900335e-09
149.22673377426517 1.928444735216417e-09
149.33108813354787 3.4988344775560066e-10
149.4354424928306 5.52491310390666e-10
149.53979685211328 1.1102171661432467e-09
149.64415121139598 1.0188726797556183e-09
149.74850557067867 1.6619519015666412e-09
149.8528599299614 1.3710701110117486e-09
149.9572142892441 1.4512049788659432e-10
150.0615686485268 6.451040187983677e-10
150.16592300780948 1.5280663483815628e-09
150.27027736709218 1.041189021564272e-09
150.3746317263749 7.26748819167609e-10
150.4789860856576 6.674800658426702e-10
150.5833404449403 1.1813796665195896e-10
150.68769480422299 3.936147503125843e-10
150.7920491635057 1.4749159398399414e-09
150.8964035227884 1.4250337197836315e-09
151.0007578820711 5.554287827764041e-10
151.1051122413538 4.2756216126302055e-10
151.20946660063652 3.87977057589866e-10
151.31382095991924 4.0363288001038855e-10
151.41817531920194 1.6409656369099266e-09
151.52252967848463 2.229526421557609e-09
151.62688403776733 8.7960675147935e-10
151.73123839705005 3.41091349424307e-10
151.83559275633274 9.189613472470397e-10
151.93994711561544 9.994695109776722e-10
152.04430147489813 1.6393046291485915e-09
152.14865583418086 2.0131725910412096e-09
152.25301019346355 6.489165462569577e-10
152.35736455274625 3.1984379031634616e-10
152.46171891202894 1.5268602572514432e-09
152.56607327131167 1.5155156710455628e-09
152.67042763059436 1.1042179042008193e-09
152.77478198987706 1.1528727517542882e-09
152.87913634915975 4.0951400744173105e-10
152.98349070844247 3.2163174313274184e-10
153.08784506772517 1.6834148349550562e-09
153.19219942700786 1.8264151595887175e-09
153.29655378629056 7.394092815789637e-10
153.40090814557328 5.332432858896364e-10
153.505262504856 4.973452524036258e-10
153.6096168641387 3.4492066762117783e-10
153.7139712234214 1.5481727359099056e-09
153.8183255827041 2.327372777088984e-09
153.92267994198681 9.83991208594249e-10
154.0270343012695 2.815565052957441e-10
154.1313886605522 8.758137530473377e-10
154.2357430198349 8.462072550842586e-10
154.34009737911762 1.4441446062821052e-09
154.44445173840032 2.186400484276986e-09
154.548806097683 8.334839467480621e-10
154.6531604569657 2.0876657540347434e-10
154.7575148162484 1.4300338085592378e-09
154.86186917553113 1.3585380089328927e-09
154.96622353481382 9.168350137068722e-10
155.07057789409652 1.1352773796231497e-09
155.1749322533792 3.213909716060088e-10
155.27928661266193 3.391445258855211e-10
155.38364097194463 1.6887891986879295e-09
155.48799533122732 1.323549930361464e-09
155.59234969051002 2.593984541450921e-10
155.69670404979274 3.0812656257747073e-10
155.80105840907547 1.4211055155157352e-10
155.90541276835816 2.4950767231587846e-10
156.00976712764086 1.171955933403435e-09
156.11412148692355 1.068333424983516e-09
156.21847584620627 1.623558767783955e-10
156.32283020548897 7.843739950617104e-11
156.42718456477166 2.224091782155074e-10
156.53153892405436 9.822399061539025e-11
156.63589328333708 5.830327489089721e-10
156.74024764261978 9.555685138506813e-10
156.84460200190247 3.254862270192359e-10
156.94895636118517 1.3730985075962277e-10
157.0533107204679 5.783656870057592e-10
157.1576650797506 3.261363002367915e-10
157.26201943903328 2.716607564274642e-10
157.36637379831598 5.522731036257241e-10
157.4707281575987 1.454659528150949e-10
157.5750825168814 3.313271796439306e-10
157.6794368761641 1.0246982139303887e-09
157.78379123544678 5.36275704472569e-10
157.8881455947295 2.2907802197830153e-11
157.9924999540122 1.193808421931441e-10
158.09685431329493 4.396025127172976e-12
158.20120867257762 3.8791161749362076e-10
158.30556303186032 8.737414925317713e-10
158.40991739114304 4.778400076463705e-10
158.51427175042573 1.3482982575294672e-10
158.61862610970843 1.2109315300435384e-10
158.72298046899112 7.911942324633177e-12
158.82733482827385 9.130424664920481e-11
158.93168918755654 3.121365599856373e-10
159.03604354683924 5.19747244575273e-10
159.14039790612193 4.918708703216605e-10
159.24475226540463 2.1086722534146412e-10
159.34910662468735 1.2841497893804974e-10
159.45346098397005 5.419279033748916e-11
159.55781534325274 9.332380730468368e-11
159.66216970253544 5.138228581860396e-10
159.76652406181816 4.2357522503751753e-10
159.87087842110085 2.04463409063372e-10
159.97523278038355 5.571543430125608e-10
160.07958713966624 4.067824194221977e-10
160.18394149894897 4.80514568956318e-11
160.28829585823166 1.9387606158661532e-10
160.3926502175144 8.608081211393783e-11
160.49700457679708 2.6715432448472173e-10
160.60135893607978 8.6008181248462e-10
160.7057132953625 5.510140819593809e-10
160.8100676546452 4.212943490138045e-11
160.9144220139279 7.157394440295605e-11
161.01877637321059 8.425456000820514e-12
161.1231307324933 1.7727108871880494e-10
161.227485091776 5.679650391297463e-10
161.3318394510587 4.6183712890095114e-10
161.4361938103414 2.4238065339113786e-10
161.54054816962412 2.108872452346919e-10
161.6449025289068 9.678887255980419e-11
161.7492568881895 6.858636791987286e-12
161.8536112474722 1.7298674929008996e-10
161.95796560675493 3.7569619445189256e-10
162.06231996603762 2.950214200225061e-10
162.16667432532032 2.7457192023214936e-10
162.271028684603 3.994381989849886e-10
162.37538304388573 1.8175479051762836e-10
162.47973740316843 5.143808793585815e-11
162.58409176245115 1.8034493037428988e-10
162.68844612173385 6.354482703988531e-11
162.79280048101654 3.464276738253709e-10
162.89715484029927 7.845695459264458e-10
163.00150919958196 3.584355944055298e-10
163.10586355886466 7.413720702040074e-14
163.21021791814735 9.537478537912652e-11
163.31457227743007 2.5304433545853393e-11
163.41892663671277 3.9067818409543563e-10
163.52328099599546 6.836843018273669e-10
163.62763535527816 2.0889114583946507e-10
163.73198971456088 1.3427809565706853e-10
163.83634407384358 3.534118177783791e-10
163.94069843312627 1.4303717452643128e-10
164.04505279240897 1.6355528201568557e-10
164.14940715169166 2.1750348564688844e-10
164.25376151097439 7.521974838667382e-11
164.35811587025708 3.5408790669634585e-10
164.46247022953978 4.966630272500704e-10
164.56682458882247 1.5754866317769398e-10
164.6711789481052 5.341184477668669e-13
164.7755333073879 5.126397352273285e-12
164.8798876666706 4.113759559406655e-11
164.9842420259533 2.523016752384387e-10
165.088596385236 3.498541226174445e-10
165.19295074451873 2.5192880031326633e-10
165.29730510380142 1.3166779675102568e-10
165.40165946308412 4.6333153605837486e-11
165.5060138223668 4.857766525048623e-12
165.61036818164953 4.4263844770627243e-11
165.71472254093223 2.1660151468979027e-10
165.81907690021492 2.9520653516917863e-10
165.92343125949762 1.622644981428221e-10
166.02778561878034 1.5438748814497795e-10
166.13213997806304 1.7381311900173195e-10
166.23649433734573 5.5710375745658717e-11
166.34084869662843 8.798304044604454e-11
166.44520305591115 9.469186974041702e-11
166.54955741519385 8.608953901552081e-11
166.65391177447654 3.5511998947257327e-10
166.75826613375924 3.830917467093095e-10
166.86262049304196 7.432975093698389e-11
166.96697485232465 7.626261439782789e-12
167.07132921160735 1.299425328205812e-11
167.17568357089007 9.569196209682774e-11
167.28003793017277 3.4242715266222315e-10
167.3843922894555 2.479555245825321e-10
167.48874664873819 7.829498674943584e-11
167.59310100802088 2.0581705328265229e-10
167.69745536730358 1.57166818510411e-10
167.8018097265863 4.722326768474842e-11
167.906164085869 8.465843160808549e-11
168.0105184451517 4.335897838495821e-11
168.11487280443438 1.9426021728637802e-10
168.2192271637171 3.846213411572578e-10
168.3235815229998 1.897338762992914e-10
168.4279358822825 2.0419133675220457e-11
168.5322902415652 2.3287551356423808e-11
168.6366446008479 1.4915550778435068e-11
168.7409989601306 1.5968178851160773e-10
168.8453533194133 2.292015674339253e-10
168.949707678696 1.5268609193080907e-10
169.0540620379787 1.994288028719292e-10
169.15841639726142 1.6698854778583335e-10
169.2627707565441 2.483582302285893e-11
169.3671251158268 1.009002588402915e-11
169.47147947510953 4.2203116973423524e-11
169.57583383439223 1.5619459556880354e-10
169.68018819367495 2.7516042729095636e-10
169.78454255295765 2.1490956457500097e-10
169.88889691224034 1.3116662639010781e-10
169.99325127152304 5.708471664646423e-11
170.09760563080576 1.296286879232313e-12
170.20195999008845 5.325536346513403e-11
170.30631434937115 1.0871479996996785e-10
170.41066870865384 2.2609762692628472e-10
170.51502306793657 3.17608517023376e-10
170.61937742721926 1.550007598980817e-10
170.72373178650196 4.338763077108641e-11
170.82808614578465 2.639718973773443e-11
170.93244050506738 1.754004531069075e-11
171.03679486435007 2.179437217836699e-10
171.14114922363277 2.69449870509047e-10
171.24550358291546 1.371850008097365e-10
171.34985794219818 2.6493948146137614e-10
171.45421230148088 2.188147576736806e-10
171.55856666076357 1.303609817266666e-11
171.6629210200463 8.393699522515089e-11
171.767275379329 5.329169777349402e-11
171.87162973861172 1.537610486262246e-10
171.9759840978944 4.967611159027519e-10
172.0803384571771 3.103091396743351e-10
172.1846928164598 2.828624238875703e-11
172.28904717574252 9.280013349035608e-11
172.39340153502522 1.4174440106127286e-11
172.49775589430791 1.4230510225254605e-10
172.6021102535906 3.796103135944701e-10
172.70646461287333 1.9538672812851937e-10
172.81081897215603 1.7847679446567131e-10
172.91517333143872 2.9030252115300905e-10
173.01952769072142 7.223666079870118e-11
173.1238820500041 2.595796773598307e-11
173.22823640928684 1.0818316751487503e-10
173.33259076856953 1.0721929188586152e-10
173.43694512785223 2.967754234272306e-10
173.54129948713492 3.6482193559517726e-10
173.64565384641764 1.6651290817279348e-10
173.75000820570034 5.07778336193488e-11
173.85436256498303 1.4402139321841551e-11
173.95871692426576 4.5128645236942206e-11
174.06307128354848 1.657806505420589e-10
174.16742564283118 2.8764469052336793e-10
174.27178000211387 3.304672554135836e-10
174.37613436139657 1.8801295728342488e-10
174.48048872067926 6.638991051407297e-11
174.58484307996198 3.6742082006772005e-11
174.68919743924468 1.321322318455889e-11
174.79355179852737 2.0602789597001045e-10
174.89790615781007 3.2935316832070105e-10
175.0022605170928 1.8107596226692794e-10
175.1066148763755 2.3838188001042957e-10
175.21096923565818 2.205405734902585e-10
175.31532359494088 8.863581723138785e-12
175.4196779542236 1.034262789575285e-10
175.5240323135063 1.268546423188879e-10
175.628386672789 1.2389605843215813e-10
175.7327410320717 4.4775718010704634e-10
175.8370953913544 3.5809440996181843e-10
175.9414497506371 3.169519060253013e-11
176.0458041099198 7.78789336472468e-11
176.1501584692025 2.2633184206696292e-11
176.25451282848522 1.0615803608703177e-10
176.35886718776794 4.104731202719598e-10
176.46322154705064 2.5738241817556457e-10
176.56757590633333 1.3486913494099966e-10
176.67193026561603 2.52540803981275e-10
176.77628462489875 7.615474629635325e-11
176.88063898418145 3.1580065568177413e-11
176.98499334346414 1.473244587552088e-10
177.08934770274684 1.0703467333645359e-10
177.19370206202956 2.641491506038266e-10
177.29805642131225 3.603779392870405e-10
177.40241078059495 1.3368702544320682e-10
177.50676513987764 3.046858832721789e-11
177.61111949916037 2.0747783110475243e-11
177.71547385844306 3.5594937871051684e-11
177.81982821772576 1.892851186641437e-10
177.92418257700845 2.5605955419491496e-10
178.02853693629115 2.237820457908103e-10
178.13289129557387 1.6630413848982661e-10
178.23724565485657 5.785519439181215e-11
178.34160001413926 7.84683750868853e-12
178.44595437342196 2.915759549184626e-11
178.5503087327047 1.3888726031160924e-10
178.6546630919874 2.5776076274893084e-10
178.7590174512701 1.9345190945762674e-10
178.8633718105528 1.4308477811745866e-10
178.9677261698355 1.1822257280758762e-10
179.0720805291182 9.521849527155591e-12
179.1764348884009 5.5108260449133696e-11
179.2807892476836 1.1251944664223414e-10
179.3851436069663 1.0515079716081126e-10
179.48949796624902 2.849550751221762e-10
179.5938523255317 2.779332958077143e-10
179.6982066848144 4.312858546272998e-11
179.8025610440971 2.0927354818108393e-11
179.90691540337983 9.379325189301237e-12
180.01126976266252 6.675932674880578e-11
180.11562412194522 2.919050007222168e-10
180.2199784812279 2.1116903705446034e-10
180.32433284051064 7.412981257630859e-11
180.42868719979333 1.6550560885690287e-10
180.53304155907603 8.29513477240909e-11
180.63739591835872 2.8705048112406153e-11
180.74175027764144 1.0870606635441553e-10
180.84610463692417 5.5676142768502964e-11
180.95045899620686 1.6225394474743395e-10
181.05481335548956 3.1048322742108744e-10
181.15916771477225 1.3052033284356995e-10
181.26352207405498 4.200788567567965e-12
181.36787643333767 1.530150070430162e-11
181.47223079262037 6.843236097644813e-12
181.57658515190306 1.432514473868275e-10
181.68093951118578 2.1955184376157973e-10
181.78529387046848 1.2302920349822582e-10
181.88964822975117 1.073388178060322e-10
181.99400258903387 8.807238368305363e-11
182.0983569483166 1.0975641640843232e-11
182.2027113075993 2.0678435756196236e-11
182.30706566688198 6.592912084837018e-11
182.41142002616468 1.269220138822103e-10
182.51577438544737 1.6950297072682774e-10
182.6201287447301 1.3926427183734783e-10
182.7244831040128 8.549191630419159e-11
182.82883746329549 2.3939446137616446e-11
182.93319182257818 8.390863773324166e-12
183.03754618186093 5.0486142958662445e-11
183.14190054114363 6.962705504061658e-11
183.24625490042632 1.6372013563142968e-10
183.35060925970902 2.2753184307021494e-10
183.4549636189917 9.37453792881801e-11
183.55931797827444 9.529640721956261e-12
183.66367233755713 1.139170660809329e-11
183.76802669683983 1.6480606758223168e-11
183.87238105612252 1.6666482111927878e-10
183.97673541540524 2.1269358275803142e-10
184.08108977468794 7.889356941703459e-11
184.18544413397063 1.2573943371292262e-10
184.28979849325333 1.4360755135556806e-10
184.39415285253605 3.039370914429908e-11
184.49850721181875 5.893595392933266e-11
184.60286157110144 5.0383710522507195e-11
184.70721593038414 7.217484547973196e-11
184.81157028966686 2.875243817974235e-10
184.91592464894956 2.4184069706416543e-10
185.02027900823225 3.238480875887835e-11
185.12463336751495 2.4060401697636682e-11
185.22898772679767 7.706909525183436e-12
185.3333420860804 6.990915797153917e-11
185.4376964453631 2.3281364871826293e-10
185.54205080464578 1.6620174413028266e-10
185.64640516392848 1.089055178788041e-10
185.7507595232112 1.6732344607751435e-10
185.8551138824939 6.905424310411161e-11
185.9594682417766 5.125771695720122e-12
186.0638226010593 4.8966662638231305e-11
186.168176960342 7.642193323699513e-11
186.2725313196247 1.821796535410952e-10
186.3768856789074 2.420772731638135e-10
186.4812400381901 1.4565224388917606e-10
186.58559439747282 5.4243702622563836e-11
186.6899487567555 4.600251399887201e-12
186.7943031160382 2.1188787648373478e-11
186.8986574753209 9.074522710065788e-11
187.0030118346036 1.7423033391392894e-10
187.10736619388632 2.5474690155598026e-10
187.21172055316902 1.8841738031750534e-10
187.3160749124517 5.7040434664776226e-11
187.4204292717344 2.3496977661004273e-11
187.52478363101713 5.875051628992029e-13
187.62913799029985 1.0446719513580672e-10
187.73349234958255 2.535634234924638e-10
187.83784670886524 1.7850053025479398e-10
187.94220106814797 1.6825308125814154e-10
188.04655542743066 2.0066431158019505e-10
188.15090978671336 4.2373000418232494e-11
188.25526414599605 3.13152802820434e-11
188.35961850527875 8.9173045459892e-11
188.46397286456147 8.245677861000883e-11
188.56832722384416 3.1241813836637726e-10
188.67268158312686 3.559523261091974e-10
188.77703594240955 8.685840159331823e-11
188.88139030169228 4.09351592852344e-11
188.98574466097497 2.6816061413696898e-11
189.09009902025767 3.764143307215284e-11
189.19445337954036 2.7758657051121136e-10
189.2988077388231 2.6402225761949437e-10
189.40316209810578 1.4828031633685142e-10
189.50751645738848 2.364763365991801e-10
189.61187081667117 1.2201734186607296e-10
189.7162251759539 1.8768657152842235e-12
189.8205795352366 8.52351982925556e-11
189.9249338945193 9.34719254824374e-11
190.029288253802 2.1658153330750816e-10
190.1336426130847 3.6122066984956e-10
190.23799697236743 2.005627466089186e-10
190.34235133165012 5.622053617180389e-11
190.44670569093282 2.5578833962192007e-11
190.5510600502155 1.1795059671626185e-11
190.65541440949823 1.3554799017063493e-10
190.75976876878093 2.5494118781083185e-10
190.86412312806362 2.630570871016719e-10
190.96847748734632 2.2272014481223999e-10
191.07283184662904 1.1066218397003859e-10
191.17718620591174 2.1011215964368088e-11
191.28154056519443 1.0069945454455986e-11
191.38589492447713 1.0348252888056977e-10
191.49024928375985 2.501128941387968e-10
191.59460364304255 2.424561767468431e-10
191.69895800232524 2.0198445886184347e-10
191.80331236160794 1.8377786889198912e-10
191.90766672089063 4.215871309212384e-11
192.01202108017335 2.086604288041796e-11
192.11637543945605 1.004285535437342e-10
192.22072979873877 1.1093084644356666e-10
192.32508415802147 2.9959330351120863e-10
192.4294385173042 3.6422805405121423e-10
192.5337928765869 1.1086584640459008e-10
192.63814723586958 2.9401945645171366e-11
192.74250159515228 2.4370097104395402e-11
192.84685595443497 3.140049776589121e-11
192.9512103137177 2.7537927492911353e-10
193.0555646730004 2.926097056285796e-10
193.15991903228309 1.3503275954367306e-10
193.26427339156578 2.072569781207826e-10
193.3686277508485 1.3350197728051564e-10
193.4729821101312 5.732610730715366e-12
193.5773364694139 9.529231320040271e-11
193.6816908286966 9.22496175329106e-11
193.7860451879793 1.7415445236596846e-10
193.890399547262 3.6157091348275763e-10
193.9947539065447 2.1679796622771863e-10
194.0991082658274 3.186487664381041e-11
194.20346262511012 1.9653573864267122e-11
194.30781698439282 3.740473858814164e-12
194.41217134367554 1.2141090546408603e-10
194.51652570295823 2.5584412132103786e-10
194.62088006224093 2.0842947628827927e-10
194.72523442152365 1.655172680347111e-10
194.82958878080635 1.1312432313323858e-10
194.93394314008904 1.7728433289210185e-11
195.03829749937174 9.490277412794328e-12
195.14265185865446 7.793596129339112e-11
195.24700621793716 1.7574053754982424e-10
195.35136057721985 2.1695690980989353e-10
195.45571493650255 1.7484664705427014e-10
195.56006929578527 1.2229990405960302e-10
195.66442365506796 3.889965694080444e-11
195.76877801435066 7.263081726576573e-12
195.87313237363335 6.582136822871381e-11
195.97748673291608 9.209717975413078e-11
196.08184109219877 1.9015528070461347e-10
196.18619545148147 2.686085854333192e-10
196.29054981076416 1.2741473692844918e-10
196.39490417004686 1.3899675718001906e-11
196.49925852932958 7.021903168979518e-12
196.60361288861228 1.4698358192593994e-11
196.707967247895 1.6469130857369652e-10
196.8123216071777 2.2982144780256517e-10
196.91667596646042 1.1555349142443489e-10
197.0210303257431 1.244183715171927e-10
197.1253846850258 1.1928012442790177e-10
197.2297390443085 2.342521060376285e-11
197.3340934035912 4.495292882788921e-11
197.43844776287392 5.351838711922834e-11
197.54280212215662 9.423098914573752e-11
197.6471564814393 2.507914643565656e-10
197.751510840722 2.0189946690958118e-10
197.85586520000473 4.1200958815709105e-11
197.96021955928742 1.3450843321745178e-11
198.06457391857012 4.139603222273944e-12
198.1689282778528 7.068802365776397e-11
198.27328263713554 1.803296392506599e-10
198.37763699641823 1.352649051687296e-10
198.48199135570093 1.1284274826175216e-10
198.58634571498362 1.3910001832889235e-10
198.69070007426635 5.839364810411151e-11
198.79505443354904 8.567292444971251e-12
198.89940879283174 2.8159123570173125e-11
199.00376315211446 5.967396331561534e-11
199.10811751139715 1.5733571908733465e-10
199.21247187067988 1.9742066365716184e-10
199.31682622996257 1.1669550398411377e-10
199.42118058924527 4.695034760562605e-11
199.52553494852796 9.614163278984031e-12
199.62988930781069 1.2177600256192606e-11
199.73424366709338 6.449873819943524e-11
199.83859802637608 1.3228279935738036e-10
199.94295238565877 1.800471820154897e-10
