0.0 0.0
0.10435435928270291 8.044170123782385e-12
0.20870871856540582 6.031056400806548e-10
0.3130630778481087 1.8244615479819984e-09
0.41741743713081164 3.1326515301615614e-07
0.5217717964135146 3.09355608826732e-06
0.6261261556962174 0.0004136951095346631
0.7304805149789203 0.0036823789209321084
0.8348348742616233 0.008865910907123525
0.9391892335443263 0.006786933014481057
1.0435435928270291 0.001197432333583201
1.1478979521097321 2.0471550004351844e-07
1.2522523113924349 1.1569824336481537e-05
1.3566066706751378 4.271643665226575e-06
1.4609610299578406 7.281372208163912e-08
1.5653153892405436 1.2986607457525987e-06
1.6696697485232466 3.5357387903992e-07
1.7740241078059495 8.976624250147755e-08
1.8783784670886525 3.37420986028274e-07
1.9827328263713553 1.1277364502933569e-07
2.0870871856540583 4.207846168552013e-07
2.1914415449367612 2.3615609457358714e-07
2.2957959042194642 2.4766101705667603e-06
2.400150263502167 5.345281457287481e-06
2.5045046227848697 3.951901081555742e-06
2.6088589820675727 3.6134830676562522e-06
2.7132133413502757 2.271278074460073e-06
2.8175677006329787 2.413115324119811e-07
2.921922059915681 2.7531626504574937e-08
3.026276419198384 5.829327435601417e-08
3.130630778481087 8.055447650960422e-09
3.23498513776379 8.662807009779562e-09
3.339339497046493 2.6463834201005724e-08
3.4436938563291957 1.6534262027076705e-09
3.548048215611899 1.0184703022234733e-08
3.6524025748946016 2.2295508561082316e-08
3.756756934177305 1.00649275494281e-09
3.8611112934600076 3.6463718684651547e-09
3.9654656527427106 2.9502976389264816e-08
4.0698200120254135 1.2651030102219347e-08
4.1741743713081165 7.795181626179062e-10
4.2785287305908195 2.0111357412997878e-08
4.3828830898735225 1.1420348980357381e-08
4.4872374491562255 4.730247961704546e-09
4.5915918084389284 3.3775554040182054e-09
4.6959461677216305 5.8060812133087416e-09
4.800300527004334 7.786038334731135e-09
4.9046548862870365 1.7938409162809085e-10
5.0090092455697395 6.135370238536e-09
5.1133636048524425 5.396668336144179e-09
5.217717964135145 8.52564862309818e-11
5.322072323417848 7.078973452166314e-09
5.426426682700551 2.6681087125748226e-09
5.530781041983254 6.395384814998788e-10
5.635135401265957 7.395411937357451e-09
5.73948976054866 8.448079415233776e-10
5.843844119831362 1.551914085618381e-09
5.948198479114066 6.267943532020039e-09
6.052552838396768 1.2912593314517604e-10
6.156907197679472 2.8186709769617176e-09
6.261261556962174 4.329191545830111e-09
6.365615916244878 2.0361727455369192e-11
6.46997027552758 3.7675177171639865e-09
6.574324634810284 2.6606978510039452e-09
6.678678994092986 4.290735017039758e-10
6.783033353375689 3.9530911768830035e-09
6.887387712658391 1.375083761927741e-09
6.991742071941095 1.24798107199937e-09
7.096096431223798 3.5154169829693423e-09
7.200450790506501 5.020448174060475e-10
7.304805149789203 2.194245983451934e-09
7.409159509071906 2.7885962110121973e-09
7.51351386835461 3.859462604148319e-11
7.617868227637313 2.7926049430219585e-09
7.722222586920015 1.992614916854243e-09
7.826576946202718 9.634532266439526e-11
7.930931305485421 3.056819229733002e-09
8.035285664768125 1.150793932994548e-09
8.139640024050827 5.732403708648246e-10
8.24399438333353 2.8981065740884914e-09
8.348348742616233 4.759967290403868e-10
8.452703101898935 1.2616982897259085e-09
8.557057461181639 2.444843646309934e-09
8.661411820464341 7.709823960303547e-11
8.765766179747045 1.950276129326778e-09
8.870120539029747 1.7467140607276364e-09
8.974474898312451 9.627722498701784e-12
9.078829257595153 2.6380546857559158e-09
9.183183616877857 8.933639408733959e-10
9.287537976160559 1.5752002496416604e-10
9.391892335443261 3.1082396944195107e-09
9.496246694725965 2.7168459383234263e-10
9.600601054008669 4.134172248377057e-10
9.704955413291371 3.285920258783141e-09
9.809309772574073 2.851953485323523e-12
9.913664131856777 6.460861263592283e-10
10.018018491139479 3.0768534463040735e-09
10.122372850422183 1.646177395027713e-10
10.226727209704885 8.092257812417348e-10
10.331081568987589 2.636695549066372e-09
10.43543592827029 7.628675782912602e-10
10.539790287552993 7.340999102213414e-10
10.644144646835697 2.1479069263508783e-09
10.7484990061184 1.7724668989342512e-09
10.852853365401103 4.947448180246795e-10
10.957207724683805 1.5902540879737313e-09
11.061562083966509 2.9489265805893887e-09
11.165916443249213 2.379381896693388e-10
11.270270802531915 9.486116913382366e-10
11.374625161814617 3.7602527096285955e-09
11.47897952109732 1.0674135113801102e-10
11.583333880380025 2.640910118077513e-10
11.687688239662725 3.618402960261069e-09
11.792042598945429 6.04066459015475e-11
11.896396958228133 6.774853737391196e-13
12.000751317510835 3.2287805776967576e-09
12.105105676793537 6.68154132690449e-11
12.20946003607624 2.75764902525034e-10
12.313814395358945 2.7873013981225764e-09
12.418168754641647 2.9019048540865467e-10
12.522523113924349 8.48121058936019e-10
12.626877473207053 2.6937071572980637e-09
12.731231832489756 5.735224126700586e-10
12.835586191772459 1.1804432568066378e-09
12.93994055105516 1.1922752078880626e-09
13.044294910337864 9.961672140930076e-11
13.148649269620568 4.098800297977682e-09
13.253003628903269 1.6924251426032885e-10
13.357357988185973 7.831694813429937e-10
13.461712347468676 1.3985692717286139e-08
13.566066706751378 6.876663962953836e-09
13.67042106603408 7.802742827423216e-09
13.774775425316783 3.691744400961593e-08
13.879129784599488 3.119668408748263e-08
13.98348414388219 2.9044793459968867e-08
14.087838503164894 7.114007115182066e-08
14.192192862447596 6.548995887184624e-08
14.296547221730298 5.0517033417390085e-08
14.400901581013002 8.511432177933522e-08
14.505255940295704 7.959206983372478e-08
14.609610299578407 5.6911778448157485e-08
14.71396465886111 8.906319678487291e-08
14.818319018143812 9.483896415192416e-08
14.922673377426518 7.01464992864295e-08
15.02702773670922 1.1136811639384792e-07
15.131382095991922 1.602406064810648e-07
15.235736455274626 1.703677262524058e-07
15.340090814557328 2.851712121250289e-07
15.44444517384003 4.6785339671629694e-07
15.548799533122734 5.545698573105828e-07
15.653153892405436 7.508305739280409e-07
15.757508251688138 1.0493699236329726e-06
15.861862610970842 1.1444529148889406e-06
15.966216970253544 1.2949028753076773e-06
16.07057132953625 1.6195998808820246e-06
16.174925688818952 1.7373234968410776e-06
16.279280048101654 1.8259998255463331e-06
16.38363440738436 2.0671524135504612e-06
16.48798876666706 1.9998270651948795e-06
16.59234312594976 1.7428342294405931e-06
16.696697485232466 1.692882881568037e-06
16.801051844515168 1.5918708132249811e-06
16.90540620379787 1.4247525581565134e-06
17.009760563080576 1.6316656013556967e-06
17.114114922363278 1.7708442223321248e-06
17.21846928164598 1.696275355421739e-06
17.322823640928682 2.1880028133408914e-06
17.427178000211384 2.7698230181456774e-06
17.53153235949409 3.105913242846754e-06
17.635886718776792 4.3110267535209725e-06
17.740241078059494 5.73940228489689e-06
17.8445954373422 6.67302769078423e-06
17.948949796624902 8.358003887876188e-06
18.053304155907604 9.593689999857851e-06
18.157658515190306 9.471376070881507e-06
18.262012874473008 1.0130497129297407e-05
18.366367233755714 1.1204839019816224e-05
18.470721593038416 1.1668357607540118e-05
18.575075952321118 1.27399034145935e-05
18.679430311603824 1.3288316071298526e-05
18.783784670886522 1.2137385510632968e-05
18.888139030169224 1.0906956961482157e-05
18.99249338945193 9.424443245622575e-06
19.096847748734632 7.778511933066804e-06
19.201202108017338 7.283053188008588e-06
19.30555646730004 7.554619078208501e-06
19.409910826582742 7.243553973516808e-06
19.514265185865444 5.933206006487235e-06
19.618619545148146 4.953568498599461e-06
19.722973904430848 5.4766766190324486e-06
19.827328263713554 5.98097860352638e-06
19.931682622996256 8.341391862748153e-06
20.036036982278958 1.258514331074982e-05
20.140391341561664 1.1344028477211747e-05
20.244745700844366 1.0330240238822807e-05
20.349100060127068 1.714184679680287e-05
20.45345441940977 2.1786856210588836e-05
20.557808778692472 2.1050641639293157e-05
20.662163137975178 2.847106683568676e-05
20.76651749725788 3.6452883203660756e-05
20.87087185654058 3.323353058943509e-05
20.975226215823287 3.432518148955969e-05
21.079580575105986 4.582439651097072e-05
21.18393493438869 5.584562448643264e-05
21.288289293671394 5.953150728835176e-05
21.392643652954096 6.044005178780281e-05
21.4969980122368 6.464531103378414e-05
21.601352371519503 7.40123739767429e-05
21.705706730802206 8.203488420587092e-05
21.810061090084908 9.203103635692169e-05
21.91441544936761 0.00010534343459608302
22.018769808650312 0.00010723483453069944
22.123124167933018 0.00010261543816666015
22.22747852721572 0.00010831472338994942
22.331832886498425 0.0001153857363514376
22.436187245781127 0.00011322470283705587
22.54054160506383 0.00010495462632136397
22.64489596434653 9.491055164125389e-05
22.749250323629234 9.321659221945114e-05
22.853604682911936 9.199157865206788e-05
22.95795904219464 7.603988610294499e-05
23.062313401477343 6.627335359126633e-05
23.16666776076005 6.877382822288955e-05
23.27102212004275 5.648050062687671e-05
23.37537647932545 4.620963648409518e-05
23.479730838608155 5.9129267288201435e-05
23.584085197890857 6.145644891381185e-05
23.68843955717356 4.728080645023164e-05
23.792793916456265 4.88648090964724e-05
23.897148275738967 5.5795126691187045e-05
24.00150263502167 5.0716986785710815e-05
24.10585699430437 4.937973678488247e-05
24.210211353587074 5.415201415202486e-05
24.31456571286978 5.4664589308664676e-05
24.41892007215248 5.150639316450867e-05
24.523274431435183 4.446961133171287e-05
24.62762879071789 3.7005165885864434e-05
24.73198315000059 3.556346119418336e-05
24.836337509283293 3.3645910707734e-05
24.940691868565995 2.749267340178563e-05
25.045046227848697 2.4083959972772162e-05
25.1494005871314 2.3279254552877253e-05
25.253754946414105 2.015943172972242e-05
25.358109305696807 1.4970527210219255e-05
25.462463664979513 1.0664723814557835e-05
25.566818024262215 9.497231574445095e-06
25.671172383544917 9.743942058128202e-06
25.77552674282762 8.708078816673266e-06
25.87988110211032 8.234998007910957e-06
25.984235461393023 8.916514045071092e-06
26.08858982067573 8.375334685679814e-06
26.19294417995843 6.597057093582689e-06
26.297298539241137 5.361291093132231e-06
26.401652898523835 6.190206536293889e-06
26.506007257806537 8.260322401138698e-06
26.610361617089243 8.00543924702543e-06
26.714715976371945 5.779075815031606e-06
26.819070335654647 4.945744553836278e-06
26.923424694937353 4.930480794667123e-06
27.027779054220055 4.056781645075034e-06
27.132133413502757 3.0175292165379773e-06
27.23648777278546 2.358849425970351e-06
27.34084213206816 2.1716140122887884e-06
27.445196491350863 2.0496939963755463e-06
27.549550850633565 1.1224110104282312e-06
27.653905209916275 2.1421099918266875e-07
27.758259569198977 2.1876031867450972e-07
27.86261392848168 4.4594463000273803e-07
27.96696828776438 2.6342019778965714e-07
28.07132264704708 1.0492044437520668e-07
28.17567700632979 2.1634021040497493e-07
28.28003136561249 4.2806964165438877e-07
28.384385724895193 4.33852637826642e-07
28.488740084177895 3.382597426462786e-07
28.593094443460597 5.678495991824918e-07
28.6974488027433 1.0256325452824412e-06
28.801803162026005 1.1688336447423081e-06
28.906157521308707 7.606707234951881e-07
29.01051188059141 3.120759174915011e-07
29.11486623987411 1.1269004716626272e-07
29.219220599156813 1.768737533854377e-07
29.323574958439522 3.2062199782446117e-07
29.42792931772222 3.6268632432298434e-07
29.532283677004923 2.7663850457591183e-07
29.636638036287625 2.3753322923938427e-07
29.740992395570327 2.5219581186576645e-07
29.845346754853036 3.466941575562061e-07
29.94970111413574 4.86713013865904e-07
30.05405547341844 4.454321191092809e-07
30.158409832701143 2.737613556426271e-07
30.262764191983845 1.2949276351561097e-07
30.367118551266543 1.0370861462555135e-07
30.471472910549252 1.2986595441921378e-07
30.575827269831954 1.285071726764386e-07
30.680181629114657 1.1557385587753961e-07
30.78453598839736 1.1171433777531211e-07
30.88889034768006 8.398133673702463e-08
30.993244706962766 8.847114692016973e-08
31.09759906624547 1.337299632589716e-07
31.20195342552817 1.9018297189231051e-07
31.306307784810873 2.1703381306828337e-07
31.410662144093575 2.2903836272631517e-07
31.515016503376277 3.040750049813502e-07
31.619370862658986 3.989332681982911e-07
31.723725221941685 4.4836947749940845e-07
31.828079581224387 4.7299279707278457e-07
31.93243394050709 3.8348842179901845e-07
32.03678829978979 2.2550041670206315e-07
32.1411426590725 1.490744803143894e-07
32.2454970183552 1.2038734717632936e-07
32.349851377637904 9.923707108616084e-08
32.454205736920606 9.498102917809512e-08
32.55856009620331 8.155291181190387e-08
32.66291445548601 7.523309350065029e-08
32.76726881476872 7.735559621760484e-08
32.87162317405142 8.890298277216847e-08
32.97597753333412 1.3257648099669216e-07
33.08033189261682 1.663664685312277e-07
33.18468625189952 1.844281331291413e-07
33.28904061118223 1.8324140349717234e-07
33.39339497046493 1.5373108738932267e-07
33.497749329747634 1.5450554592055264e-07
33.602103689030336 1.5986658530834703e-07
33.70645804831304 1.3991813483891385e-07
33.81081240759574 1.3441408499254695e-07
33.91516676687845 1.2852543178347048e-07
34.01952112616115 1.1926027374726505e-07
34.123875485443854 1.190427395561244e-07
34.228229844726556 1.266221871678203e-07
34.33258420400926 1.520834312688079e-07
34.43693856329196 1.5332082498156578e-07
34.54129292257466 1.3211271605577353e-07
34.645647281857364 1.3702118004437326e-07
34.75000164114007 1.361822328248934e-07
34.85435600042277 1.356016981851545e-07
34.95871035970548 1.5745208841135774e-07
35.06306471898818 1.5843011698660287e-07
35.16741907827088 1.402481966391098e-07
35.271773437553584 1.1268312732635239e-07
35.376127796836286 9.027495980319516e-08
35.48048215611899 8.271878161407037e-08
35.5848365154017 6.390318248617514e-08
35.6891908746844 5.8316173448296664e-08
35.7935452339671 7.555956612033793e-08
35.897899593249804 9.474736270435582e-08
36.002253952532506 1.2132993484071063e-07
36.10660831181521 1.4381316268532332e-07
36.21096267109791 1.5714860414297598e-07
36.31531703038061 1.718657182495915e-07
36.419671389663314 1.6290082997611436e-07
36.524025748946016 1.55584616000649e-07
36.62838010822872 1.59389828582243e-07
36.73273446751143 1.4775497475024456e-07
36.83708882679413 1.3722526683507872e-07
36.94144318607683 1.212265467674944e-07
37.045797545359534 1.0510981803891154e-07
37.150151904642236 9.90904655458871e-08
37.254506263924945 8.126432645072952e-08
37.35886062320765 7.317614078875463e-08
37.46321498249035 7.804812542571797e-08
37.567569341773044 8.194455959035899e-08
37.671923701055746 9.704145426291079e-08
37.77627806033845 1.1225473731501201e-07
37.88063241962116 1.20569714756542e-07
37.98498677890386 1.212757200594367e-07
38.08934113818656 1.0252123720651216e-07
38.193695497469264 9.325019864341396e-08
38.298049856751966 8.883753431853088e-08
38.402404216034675 7.905815883180681e-08
38.50675857531738 8.420093062291521e-08
38.61111293460008 9.706585404660599e-08
38.71546729388278 1.1271783113399136e-07
38.819821653165484 1.29357348213866e-07
38.924176012448186 1.2880740730952023e-07
39.02853037173089 1.2902822797396185e-07
39.13288473101359 1.1751365166155726e-07
39.23723909029629 9.195681407569846e-08
39.341593449578994 7.735047865715204e-08
39.445947808861696 6.757544153443787e-08
39.550302168144405 6.388699739997437e-08
39.65465652742711 6.458741175601197e-08
39.75901088670981 6.367591422784061e-08
39.86336524599251 7.154474090728339e-08
39.967719605275214 7.519916162487189e-08
40.072073964557916 7.147796542372028e-08
40.176428323840625 7.775617124269186e-08
40.28078268312333 8.230817679600645e-08
40.38513704240603 8.68735816815172e-08
40.48949140168873 9.281155870704398e-08
40.59384576097143 9.909747009342002e-08
40.698200120254135 1.1286066241958698e-07
40.80255447953684 1.1439068965493724e-07
40.90690883881954 1.0987619601684053e-07
41.01126319810224 1.1263521496118143e-07
41.115617557384944 1.0197073371041738e-07
41.21997191666765 8.89874044507843e-08
41.324326275950355 7.958199742320141e-08
41.42868063523306 7.26747269687629e-08
41.53303499451576 7.432155900937722e-08
41.63738935379846 7.27784688630664e-08
41.74174371308116 7.508275839815142e-08
41.84609807236387 8.388516394707776e-08
41.950452431646575 8.620629808486859e-08
42.05480679092928 9.248660911906628e-08
42.15916115021197 9.608481656631577e-08
42.263515509494674 9.458397214643937e-08
42.36786986877738 9.548778852800108e-08
42.472224228060085 8.638000122110505e-08
42.57657858734279 7.94250162974269e-08
42.68093294662549 7.734324076985073e-08
42.78528730590819 7.201237650420458e-08
42.889641665190894 6.930789111265357e-08
42.9939960244736 6.483257854618318e-08
43.098350383756305 6.645223245852213e-08
43.20270474303901 7.410673737702098e-08
43.30705910232171 7.308635009148213e-08
43.41141346160441 7.589132139867363e-08
43.51576782088712 8.028910133355717e-08
43.620122180169815 7.470943265179555e-08
43.72447653945252 7.037739867984235e-08
43.82883089873522 6.706436088145031e-08
43.93318525801792 6.68338409180169e-08
44.037539617300624 6.445282699418906e-08
44.14189397658333 5.7808916821078235e-08
44.246248335866035 6.309140350274551e-08
44.35060269514874 7.162900228529347e-08
44.45495705443144 7.632856068581592e-08
44.55931141371414 8.600305008888227e-08
44.66366577299685 9.199819881970302e-08
44.76802013227955 9.498382770694605e-08
44.872374491562255 9.39072928948592e-08
44.97672885084496 9.051340050829609e-08
45.08108321012766 9.318910188032793e-08
45.18543756941036 8.70235706523754e-08
45.28979192869306 7.741504244825021e-08
45.394146287975765 7.314992781760312e-08
45.49850064725847 6.770011411238623e-08
45.60285500654117 6.793212424077896e-08
45.70720936582387 6.821602200148914e-08
45.81156372510658 6.606744439299096e-08
45.91591808438928 6.779679802166488e-08
46.020272443671985 6.716263979248206e-08
46.12462680295469 6.91669977773811e-08
46.22898116223739 7.242445007472562e-08
46.3333355215201 7.274877018542137e-08
46.4376898808028 7.60352259937924e-08
46.5420442400855 7.24098191559987e-08
46.646398599368204 6.745834131074076e-08
46.7507529586509 6.968718968866816e-08
46.8551073179336 6.884844228745163e-08
46.95946167721631 6.722484762889037e-08
47.06381603649901 6.54453980260538e-08
47.168170395781715 6.556825892570724e-08
47.27252475506442 6.881309328234336e-08
47.37687911434712 6.613608710765233e-08
47.48123347362983 6.72445014930107e-08
47.58558783291253 7.194833210523198e-08
47.68994219219523 6.870709930393904e-08
47.794296551477935 6.618300560511657e-08
47.89865091076064 6.488015511744446e-08
48.00300527004334 6.416803805845404e-08
48.10735962932605 6.28839431916355e-08
48.21171398860874 5.7805259994867984e-08
48.316068347891445 5.880085169696825e-08
48.42042270717415 5.9928774737553e-08
48.52477706645685 5.713214382150726e-08
48.62913142573956 5.814265518126897e-08
48.73348578502226 5.8741997748413814e-08
48.83784014430496 6.071869800037071e-08
48.942194503587665 6.298074279763668e-08
49.04654886287037 6.277955541405044e-08
49.15090322215307 6.588682139150847e-08
49.25525758143578 6.576552163655843e-08
49.35961194071848 6.378701768711507e-08
49.46396630000118 6.386010262868649e-08
49.568320659283884 6.078345800632665e-08
49.672675018566586 6.003226676366197e-08
49.77702937784929 5.78846769996314e-08
49.88138373713199 5.424046911161911e-08
49.98573809641469 5.646006436472919e-08
50.090092455697395 5.9579384917613454e-08
50.1944468149801 6.409196625896808e-08
50.2988011742628 6.77299299303922e-08
50.40315553354551 6.874688005154626e-08
50.50750989282821 7.25703756813023e-08
50.61186425211091 7.095953241407403e-08
50.716218611393614 6.729800995537508e-08
50.82057297067632 6.625347942053068e-08
50.924927329959026 6.157093715601637e-08
51.02928168924173 5.708373454244671e-08
51.13363604852443 5.318439851948967e-08
51.23799040780713 5.3128558192989175e-08
51.342344767089834 5.731591142327608e-08
51.446699126372536 5.722129770079572e-08
51.55105348565524 5.838223731831141e-08
51.65540784493794 6.130688406383814e-08
51.75976220422064 6.08065597223819e-08
51.864116563503345 6.109438539799251e-08
51.96847092278605 5.929659154853706e-08
52.072825282068756 5.823215061546118e-08
52.17717964135146 5.7476852065758825e-08
52.28153400063416 5.4010760948985945e-08
52.38588835991686 5.5752259151852614e-08
52.490242719199564 5.978549637447622e-08
52.59459707848227 6.32461830724236e-08
52.698951437764975 6.735878501976214e-08
52.80330579704767 6.809856839655166e-08
52.90766015633037 7.052818490481311e-08
53.012014515613075 7.080874974128266e-08
53.11636887489578 6.579727618813756e-08
53.220723234178486 6.142342591668582e-08
53.32507759346119 5.4956146461844807e-08
53.42943195274389 5.004377875689214e-08
53.53378631202659 4.676022861236546e-08
53.638140671309294 4.4152373137087386e-08
53.742495030592 4.622677584495159e-08
53.846849389874706 4.7124052825347424e-08
53.95120374915741 4.7019410253548054e-08
54.05555810844011 4.9210721116548686e-08
54.15991246772281 5.0456936881338145e-08
54.264266827005514 5.231573366263109e-08
54.368621186288216 5.11181548936539e-08
54.47297554557092 4.8684582877600846e-08
54.57732990485362 4.949652303876384e-08
54.68168426413632 4.921870740603798e-08
54.786038623419024 5.092444065434049e-08
54.89039298270173 5.4387576473805946e-08
54.99474734198443 5.709338663643739e-08
55.09910170126713 6.131334395672434e-08
55.20345606054985 6.286604488377561e-08
55.30781041983255 6.542912453463459e-08
55.41216477911525 6.945514195339649e-08
55.51651913839795 6.901419199259313e-08
55.620873497680655 6.716981853323948e-08
55.72522785696336 6.262440359304796e-08
55.82958221624606 5.960034989402886e-08
55.93393657552876 5.880300479590994e-08
56.03829093481146 5.491395714439421e-08
56.14264529409416 5.2847747017068806e-08
56.24699965337686 5.147380420483384e-08
56.35135401265958 4.9683765005843394e-08
56.45570837194228 4.91564035467822e-08
56.56006273122498 4.7894454391066414e-08
56.66441709050768 4.904042106840125e-08
56.768771449790385 4.8526376891990466e-08
56.87312580907309 4.458264495715271e-08
56.97748016835579 4.358141737860628e-08
57.08183452763849 4.3368057373328445e-08
57.186188886921194 4.351470134756418e-08
57.290543246203896 4.405086740601601e-08
57.3948976054866 4.421472543507683e-08
57.49925196476931 4.693551122796607e-08
57.60360632405201 4.856922477295378e-08
57.70796068333471 5.057372727520769e-08
57.81231504261741 5.5650359691882125e-08
57.916669401900116 5.8677478164030164e-08
58.02102376118282 6.11997764974771e-08
58.12537812046552 6.200404634048007e-08
58.22973247974822 6.230684475200319e-08
58.334086839030924 6.426876018236088e-08
58.438441198313626 6.301271949726836e-08
58.54279555759633 6.144404600741322e-08
58.647149916879044 5.8738392645044784e-08
58.75150427616175 5.532206791567438e-08
58.85585863544444 5.471787776877224e-08
58.960212994727144 5.268087652229454e-08
59.064567354009846 5.1111474053356285e-08
59.16892171329255 4.972878801898154e-08
59.27327607257525 4.70300725708556e-08
59.37763043185795 4.4866132665779644e-08
59.481984791140654 4.102529452143554e-08
59.586339150423356 3.8967061040940064e-08
59.69069350970607 3.827182207336104e-08
59.795047868988775 3.5583208331678913e-08
59.89940222827148 3.49554633412398e-08
60.00375658755418 3.624628734883478e-08
60.10811094683688 3.841526082889645e-08
60.21246530611958 4.0714311748982583e-08
60.316819665402285 4.1823797145637544e-08
60.42117402468499 4.5027103823762365e-08
60.52552838396769 4.699798321424868e-08
60.629882743250384 4.675069173332158e-08
60.734237102533086 4.931145606581663e-08
60.8385914618158 5.212555534023549e-08
60.942945821098505 5.494567916413791e-08
61.04730018038121 5.7043951989484975e-08
61.15165453966391 5.893331454420255e-08
61.25600889894661 6.308986508037699e-08
61.36036325822931 6.421584843357928e-08
61.464717617512015 6.443944657553803e-08
61.56907197679472 6.499551448061119e-08
61.67342633607742 6.378021002197665e-08
61.77778069536012 6.321057976797882e-08
61.88213505464282 6.076492410406814e-08
61.98648941392553 5.852969056253075e-08
62.090843773208235 5.620017006177897e-08
62.19519813249094 5.174509582110522e-08
62.29955249177364 4.8463594826741035e-08
62.40390685105634 4.414821057943337e-08
62.50826121033904 4.044898445830874e-08
62.612615569621745 3.832115444349418e-08
62.71696992890445 3.536892784267444e-08
62.82132428818715 3.3320273819743274e-08
62.92567864746985 3.1262491397931254e-08
63.030033006752554 3.0220450633687066e-08
63.13438736603527 3.0072825657157265e-08
63.23874172531797 2.8511905899283588e-08
63.343096084600674 2.8736134102606464e-08
63.44745044388337 3.0092253368640267e-08
63.55180480316607 3.0729326193283675e-08
63.65615916244877 3.248029746853678e-08
63.760513521731475 3.489503979145555e-08
63.86486788101418 3.8843250897167636e-08
63.96922224029688 4.236128845765386e-08
64.07357659957958 4.474690202812115e-08
64.17793095886229 4.9726170404091374e-08
64.282285318145 5.3878351490060756e-08
64.3866396774277 5.6711762205797145e-08
64.4909940367104 5.9509859077438035e-08
64.5953483959931 6.159627365018433e-08
64.69970275527581 6.448989276522846e-08
64.8040571145585 6.468444462330878e-08
64.90841147384121 6.449552327168947e-08
65.01276583312391 6.552077638903075e-08
65.11712019240662 6.48331393775092e-08
65.22147455168931 6.458287033394802e-08
65.32582891097202 6.30661596684277e-08
65.43018327025473 6.182562397976303e-08
65.53453762953744 6.089729282174234e-08
65.63889198882013 5.776855700101328e-08
65.74324634810284 5.511838201041561e-08
65.84760070738554 5.122684640592254e-08
65.95195506666823 4.745987357681596e-08
66.05630942595094 4.445540159490926e-08
66.16066378523364 4.0310745406754675e-08
66.26501814451635 3.741384004983577e-08
66.36937250379904 3.461414630706916e-08
66.47372686308175 3.221698485058071e-08
66.57808122236446 3.0147477116065644e-08
66.68243558164717 2.713577051586367e-08
66.78678994092986 2.564629411476793e-08
66.89114430021257 2.4439379330827736e-08
66.99549865949527 2.2951009633879595e-08
67.09985301877798 2.2739075952844475e-08
67.20420737806067 2.315931750650639e-08
67.30856173734338 2.4872943198362327e-08
67.41291609662608 2.6694304436419202e-08
67.51727045590879 2.8441587007103607e-08
67.62162481519148 3.196922835800658e-08
67.72597917447419 3.474813703656756e-08
67.8303335337569 3.704760111236067e-08
67.9346878930396 3.9823769725434925e-08
68.0390422523223 4.2459395161933615e-08
68.143396611605 4.62310005060482e-08
68.24775097088771 4.8963632840868886e-08
68.3521053301704 5.2169593855640327e-08
68.45645968945311 5.655464029569182e-08
68.5608140487358 5.961863638439578e-08
68.66516840801852 6.273014275259724e-08
68.76952276730121 6.423661219045727e-08
68.87387712658392 6.58998774840132e-08
68.97823148586663 6.796051439832567e-08
69.08258584514932 6.810094328137537e-08
69.18694020443203 6.887473046352915e-08
69.29129456371473 6.886342002817885e-08
69.39564892299744 6.920135970847624e-08
69.50000328228013 6.928201268371759e-08
69.60435764156284 6.748742580203679e-08
69.70871200084554 6.7076574598019e-08
69.81306636012825 6.625394810034891e-08
69.91742071941096 6.544120263685434e-08
70.02177507869366 6.401974787911994e-08
70.12612943797636 6.12214955346582e-08
70.23048379725907 5.9367608091956815e-08
70.33483815654176 5.5627159455889206e-08
70.43919251582446 5.0962408740888364e-08
70.54354687510717 4.633959301070523e-08
70.64790123438986 4.139669282391312e-08
70.75225559367257 3.7597131668646215e-08
70.85660995295527 3.319445097487023e-08
70.96096431223798 2.9507325706770083e-08
71.06531867152069 2.6850680438745968e-08
71.1696730308034 2.4042258387921337e-08
71.27402739008609 2.2057896869458444e-08
71.3783817493688 1.9891083545699563e-08
71.4827361086515 1.8338700968872873e-08
71.5870904679342 1.7637955129712294e-08
71.6914448272169 1.6692810084935496e-08
71.79579918649961 1.649333984835685e-08
71.9001535457823 1.6615468105346752e-08
72.00450790506501 1.7268623946904024e-08
72.1088622643477 1.8612340858856707e-08
72.21321662363042 1.9468063566355064e-08
72.31757098291313 2.1301189277224216e-08
72.42192534219582 2.3791807664732872e-08
72.52627970147853 2.6052610446920086e-08
72.63063406076122 2.8841041179496863e-08
72.73498842004393 3.1668489908211764e-08
72.83934277932663 3.5856345810568934e-08
72.94369713860934 4.005885409615973e-08
73.04805149789203 4.355613121851944e-08
73.15240585717474 4.8541333816861655e-08
73.25676021645744 5.3327407641107484e-08
73.36111457574015 5.788803579764187e-08
73.46546893502286 6.13354639073561e-08
73.56982329430555 6.41744629529432e-08
73.67417765358826 6.800239205939966e-08
73.77853201287095 6.98570631548132e-08
73.88288637215366 7.15957943030013e-08
73.98724073143636 7.380237782095351e-08
74.09159509071907 7.617517265674473e-08
74.19594945000176 7.935279668046327e-08
74.30030380928447 8.121319979695277e-08
74.40465816856717 8.42656598866127e-08
74.50901252784989 8.729659560707394e-08
74.61336688713259 8.948013315515409e-08
74.7177212464153 9.206171922606063e-08
74.82207560569799 9.311124705215461e-08
74.9264299649807 9.463390948718136e-08
75.0307843242634 9.527467689256445e-08
75.13513868354609 9.539791016615161e-08
75.2394930428288 9.595465166988313e-08
75.34384740211149 9.505770865840713e-08
75.4482017613942 9.560959824460595e-08
75.5525561206769 9.614256072821284e-08
75.65691047995962 9.62142870156141e-08
75.76126483924232 9.605709430347066e-08
75.86561919852502 9.473077387238615e-08
75.96997355780772 9.447138656792067e-08
76.07432791709043 9.21849600668361e-08
76.17868227637312 8.856344436046381e-08
76.28303663565583 8.560980183377093e-08
76.38739099493853 8.239659632458879e-08
76.49174535422124 7.964607429008025e-08
76.59609971350393 7.545960929843937e-08
76.70045407278664 7.234938862986302e-08
76.80480843206935 7.070514730743155e-08
76.90916279135205 6.824242593632004e-08
77.01351715063475 6.629090087271143e-08
77.11787150991745 6.429308139819002e-08
77.22222586920016 6.360454558525042e-08
77.32658022848285 6.260707296872582e-08
77.43093458776556 6.018667061537329e-08
77.53528894704826 5.8604706493509274e-08
77.63964330633097 5.650273697938994e-08
77.74399766561366 5.434664203115366e-08
77.84835202489637 5.156059676196133e-08
77.95270638417908 4.84934504664786e-08
78.05706074346178 4.636322777878417e-08
78.16141510274448 4.3393581342813345e-08
78.26576946202718 4.0818403576210965e-08
78.37012382130989 3.8376550681501714e-08
78.47447818059258 3.597400659053452e-08
78.5788325398753 3.4313542669592844e-08
78.68318689915799 3.229006111543965e-08
78.7875412584407 3.081204803856296e-08
78.89189561772339 2.895493134067031e-08
78.9962499770061 2.6894876518655933e-08
79.10060433628881 2.536246791081631e-08
79.20495869557152 2.3286098029361582e-08
79.30931305485421 2.157583987816724e-08
79.41366741413692 2.0059020137978875e-08
79.51802177341962 1.9202986423737713e-08
79.62237613270231 1.887108883788951e-08
79.72673049198502 1.799714644719418e-08
79.83108485126772 1.7657122956785742e-08
79.93543921055043 1.7351281814275177e-08
80.03979356983312 1.6862205575407284e-08
80.14414792911583 1.602744422792172e-08
80.24850228839854 1.4781795966704588e-08
80.35285664768125 1.4125313591701203e-08
80.45721100696395 1.301486097302531e-08
80.56156536624665 1.1566379672500974e-08
80.66591972552935 1.0329106509697088e-08
80.77027408481206 9.147481967506548e-09
80.87462844409475 8.328152238663433e-09
80.97898280337746 7.3038584565397974e-09
81.08333716266016 6.642162459109986e-09
81.18769152194287 6.426299271160661e-09
81.29204588122558 6.176527387983312e-09
81.39640024050827 6.100596538568615e-09
81.50075459979098 5.815443718147675e-09
81.60510895907368 5.708007334076183e-09
81.70946331835638 5.587113685439209e-09
81.81381767763908 5.238159715889033e-09
81.91817203692179 5.0503709079890895e-09
82.02252639620448 4.694106896079106e-09
82.12688075548719 4.4811411278565736e-09
82.23123511476989 4.249580690681396e-09
82.3355894740526 3.881643746506869e-09
82.4399438333353 3.6606705956175993e-09
82.544298192618 3.339334112025283e-09
82.64865255190071 3.209165268349245e-09
82.7530069111834 3.043712145660757e-09
82.85736127046611 2.767495704092721e-09
82.96171562974881 2.6397771543972174e-09
83.06606998903152 2.3981908924357557e-09
83.17042434831421 2.1716535918536494e-09
83.27477870759692 1.8173564503858656e-09
83.37913306687962 1.4627399114620679e-09
83.48348742616233 1.2945735006530592e-09
83.58784178544504 1.0790410463746793e-09
83.69219614472775 9.860872532106104e-10
83.79655050401044 9.424417311113812e-10
83.90090486329315 1.026248899604299e-09
84.00525922257584 1.2147265097544198e-09
84.10961358185855 1.288980088530444e-09
84.21396794114125 1.4174282185657783e-09
84.31832230042394 1.4765224801142062e-09
84.42267665970665 1.5122734642502414e-09
84.52703101898935 1.4666270715083406e-09
84.63138537827206 1.2393165813700662e-09
84.73573973755477 1.0910209851577505e-09
84.84009409683748 8.909252071899526e-10
84.94444845612017 6.65621473322295e-10
85.04880281540288 4.879194297241923e-10
85.15315717468557 3.217075718965779e-10
85.25751153396828 2.684232071124618e-10
85.36186589325098 2.2176078385709109e-10
85.46622025253369 2.1241796158829794e-10
85.57057461181638 2.2468692064951517e-10
85.67492897109909 2.4905038326563525e-10
85.77928333038179 3.287112441564136e-10
85.8836376896645 3.381972011015792e-10
85.9879920489472 3.491428242111455e-10
86.0923464082299 3.5504384171133307e-10
86.19670076751261 3.4675197598559596e-10
86.3010551267953 3.398327967155534e-10
86.40540948607801 2.6516773413445896e-10
86.50976384536071 2.4227976405152607e-10
86.61411820464342 2.316774483046699e-10
86.71847256392611 1.9815780174823236e-10
86.82282692320882 1.877722540460235e-10
86.92718128249152 1.6098858303316505e-10
87.03153564177424 1.6951788885347541e-10
87.13589000105694 1.563885508663018e-10
87.24024436033963 1.198606289484391e-10
87.34459871962234 1.0602713821341086e-10
87.44895307890503 7.152694705499501e-11
87.55330743818774 4.707975554093455e-11
87.65766179747044 2.238806613597254e-11
87.76201615675315 3.1012946994046407e-12
87.86637051603584 1.8495228912999038e-12
87.97072487531855 1.2736648053959048e-11
88.07507923460125 4.706300184930953e-11
88.17943359388397 8.29264475197228e-11
88.28378795316667 1.3183005443429266e-10
88.38814231244938 1.6524010851113917e-10
88.49249667173207 2.0225615810320035e-10
88.59685103101478 2.411671316311186e-10
88.70120539029747 2.078546763224432e-10
88.80555974958018 1.95386174577093e-10
88.90991410886288 1.9878588084966888e-10
89.01426846814557 1.357571415600967e-10
89.11862282742828 9.652060969592604e-11
89.22297718671098 8.807297440134868e-11
89.3273315459937 5.450316381247715e-11
89.4316859052764 3.6457781788066164e-11
89.5360402645591 5.0543478351718714e-11
89.6403946238418 4.900615625217417e-11
89.74474898312451 5.274985298825802e-11
89.8491033424072 8.674009904586912e-11
89.95345770168991 9.620100811864833e-11
90.05781206097261 9.883741392839789e-11
90.16216642025532 1.1637926784560879e-10
90.26652077953801 1.1730114260905606e-10
90.37087513882072 1.0965899407438503e-10
90.47522949810343 9.442410954699559e-11
90.57958385738613 8.222122892330915e-11
90.68393821666884 7.157906251439951e-11
90.78829257595153 4.730594072941323e-11
90.89264693523424 3.502607560139657e-11
90.99700129451693 2.951136425008769e-11
91.10135565379964 1.7130499378217915e-11
91.20571001308234 1.2078073975762451e-11
91.31006437236505 1.2009486107455127e-11
91.41441873164774 9.647601682664175e-12
91.51877309093047 7.75661253356177e-12
91.62312745021316 7.858298481484867e-12
91.72748180949586 6.410546012804917e-12
91.83183616877857 5.2979128865014254e-12
91.93619052806126 2.9871365940810156e-12
92.04054488734397 7.354488214589376e-13
92.14489924662666 3.6270394938549015e-12
92.24925360590937 4.939499034433969e-12
92.35360796519207 6.2599510995341645e-12
92.45796232447478 1.0061480049273336e-11
92.56231668375747 1.7696180609738507e-11
92.6666710430402 2.5743474660061974e-11
92.77102540232289 2.2758255856321922e-11
92.8753797616056 3.111691318247117e-11
92.9797341208883 4.533237723182501e-11
93.084088480171 3.477290483678463e-11
93.1884428394537 3.918335755452585e-11
93.29279719873641 5.906562795015322e-11
93.3971515580191 4.804392707773422e-11
93.5015059173018 5.0149191726467374e-11
93.60586027658451 7.643626181077305e-11
93.7102146358672 7.041226364320419e-11
93.81456899514993 7.180650341236113e-11
93.91892335443262 1.0066059811599877e-10
94.02327771371533 9.966861067797285e-11
94.12763207299803 1.0172205824601827e-10
94.23198643228073 1.2655927353278813e-10
94.33634079156343 1.271829080739241e-10
94.44069515084614 1.3197321422266538e-10
94.54504951012883 1.488401668407411e-10
94.64940386941154 1.472377111516072e-10
94.75375822869424 1.5787259388413302e-10
94.85811258797695 1.6916793764788346e-10
94.96246694725966 1.6161185499143495e-10
95.06682130654235 1.7682207467747262e-10
95.17117566582506 1.8770542531907647e-10
95.27553002510776 1.7427581238724815e-10
95.37988438439046 1.9020966834392626e-10
95.48423874367316 2.0464952002762684e-10
95.58859310295587 1.8856451695584622e-10
95.69294746223856 1.992541708583556e-10
95.79730182152127 2.1453402092793147e-10
95.90165618080397 1.9821148255385648e-10
96.00601054008668 1.9796937777991472e-10
96.11036489936939 2.0990180575805005e-10
96.2147192586521 2.0031817351654367e-10
96.31907361793479 1.9137661804666828e-10
96.42342797721749 1.9603471963095043e-10
96.5277823365002 1.97109992626566e-10
96.63213669578289 1.8573621775661022e-10
96.7364910550656 1.8032346149788793e-10
96.8408454143483 1.9013229739991106e-10
96.945199773631 1.8165836284963807e-10
97.0495541329137 1.663258198501281e-10
97.15390849219641 1.8031463978061137e-10
97.25826285147912 1.785044733076992e-10
97.36261721076183 1.5705580009890322e-10
97.46697157004452 1.6972461627571133e-10
97.57132592932723 1.741653009924292e-10
97.67568028860993 1.5130748342457363e-10
97.78003464789263 1.5771492441221113e-10
97.88438900717533 1.6287362472660954e-10
97.98874336645804 1.4290721673384103e-10
98.09309772574073 1.4349748197870961e-10
98.19745208502343 1.456369423641904e-10
98.30180644430614 1.3200273577281956e-10
98.40616080358885 1.3048469179592616e-10
98.51051516287156 1.2657931727425373e-10
98.61486952215425 1.183342020294349e-10
98.71922388143696 1.1794867780133163e-10
98.82357824071966 1.0673269841622451e-10
98.92793260000236 1.0047007964107523e-10
99.03228695928506 1.0385751588310994e-10
99.13664131856777 8.903738822427112e-11
99.24099567785046 8.289785576655338e-11
99.34535003713317 9.04048019907861e-11
99.44970439641587 7.601696047266023e-11
99.55405875569858 6.867258767079484e-11
99.65841311498129 7.786259033425129e-11
99.76276747426398 6.649343969147424e-11
99.86712183354669 5.801623465960813e-11
99.97147619282939 6.543973806093211e-11
100.0758305521121 5.856037290617142e-11
100.18018491139479 5.1505009190820595e-11
100.2845392706775 5.5232195488995445e-11
100.3888936299602 5.15852507454413e-11
100.4932479892429 4.7830667024254236e-11
100.5976023485256 4.718467709514804e-11
100.70195670780832 4.391664492381927e-11
100.80631106709102 4.375491591343808e-11
100.91066542637373 3.981931372607046e-11
101.01501978565642 3.5187289801652335e-11
101.11937414493912 3.861923940704752e-11
101.22372850422182 3.4258184884103284e-11
101.32808286350452 2.747665448393417e-11
101.43243722278723 3.2428412417312974e-11
101.53679158206992 2.933794191518937e-11
101.64114594135263 2.092712574945873e-11
101.74550030063534 2.5112787934416618e-11
101.84985465991805 2.4025588812272368e-11
101.95420901920075 1.6041769673599204e-11
102.05856337848346 1.8569068648020134e-11
102.16291773776615 1.933801681788268e-11
102.26727209704886 1.3361930912764329e-11
102.37162645633155 1.394157345183816e-11
102.47598081561426 1.5249983178901035e-11
102.58033517489696 1.20086043844284e-11
102.68468953417967 1.1074320275934017e-11
102.78904389346236 1.1511032424876159e-11
102.89339825274507 1.0720912935276338e-11
102.99775261202778 9.553183990573235e-12
103.10210697131048 8.893303409723487e-12
103.20646133059319 9.71011946039198e-12
103.31081568987588 9.035436427301462e-12
103.41517004915859 7.157210125250082e-12
103.51952440844128 8.269124528281587e-12
103.623878767724 8.138038737097893e-12
103.72823312700669 5.646801368587874e-12
103.8325874862894 6.243194932228653e-12
103.9369418455721 6.629455666203685e-12
104.0412962048548 4.595092695861981e-12
104.14565056413751 4.61113487665872e-12
104.2500049234202 4.96050135348353e-12
104.35435928270292 3.697699476686801e-12
104.45871364198561 3.3666520708127326e-12
104.56306800126832 3.1078842564311846e-12
104.66742236055102 2.6991430021869034e-12
104.77177671983372 2.5110540835652184e-12
104.87613107911642 1.5684022576227724e-12
104.98048543839913 1.779098363844823e-12
105.08483979768182 2.1897226022140357e-12
105.18919415696455 7.25063453583566e-13
105.29354851624724 1.0617867033923852e-12
105.39790287552995 2.1211601014199305e-12
105.50225723481265 3.742029789013219e-13
105.60661159409534 5.028696250426016e-13
105.71096595337805 1.943772555467179e-12
105.81532031266075 3.556579367689922e-13
105.91967467194345 2.280491109198287e-13
106.02402903122615 1.810273217104089e-12
106.12838339050886 5.059459092663844e-13
106.23273774979155 1.4496221906109303e-13
106.33709210907428 1.5050207942376612e-12
106.44144646835697 5.440710140468448e-13
106.54580082763968 1.2294066435103562e-13
106.65015518692238 1.0308633500330026e-12
106.75450954620509 3.8874537888321715e-13
106.85886390548778 1.0746829276148007e-13
106.96321826477049 6.742249736579043e-13
107.06757262405318 2.311533161734518e-13
107.1719269833359 9.461956293822642e-14
107.27628134261859 3.7922962503601894e-13
107.38063570190128 5.696626082727164e-14
107.484990061184 4.0949437384826284e-14
107.5893444204667 1.851494849574628e-13
107.69369877974941 1.007992735010628e-14
107.7980531390321 3.05133330943058e-15
107.90240749831482 1.154699290988069e-13
108.00676185759751 6.368871558320549e-14
108.11111621688022 5.345172792938365e-15
108.21547057616291 9.691260888494356e-14
108.31982493544562 2.21406464149562e-13
108.42417929472832 6.532830064164266e-14
108.52853365401103 8.199916186014331e-14
108.63288801329374 3.563816651297273e-13
108.73724237257643 1.4115440296035297e-13
108.84159673185914 9.624740218355503e-14
108.94595109114184 4.156393869555081e-13
109.05030545042455 2.0847820353039664e-13
109.15465980970724 9.82242621588252e-14
109.25901416898995 4.305004668956528e-13
109.36336852827264 2.859511232046927e-13
109.46772288755535 8.294120026766768e-14
109.57207724683805 3.108771786803285e-13
109.67643160612076 2.520115700805529e-13
109.78078596540345 9.551027296836563e-14
109.88514032468616 1.9147133385396144e-13
109.98949468396886 2.2677095521814696e-13
110.09384904325157 7.32943733892121e-14
110.19820340253426 7.691571591616035e-14
110.30255776181698 1.5259714429488094e-13
110.4069121210997 7.670562596518362e-14
110.51126648038239 1.2066745840518403e-14
110.6156208396651 6.800514429533827e-14
110.7199751989478 6.284841487632137e-14
110.8243295582305 2.22149501726311e-14
110.9286839175132 3.460812180324112e-14
111.0330382767959 3.6412395357596925e-14
111.1373926360786 9.862867500360436e-14
111.24174699536131 1.640580811321957e-14
111.346101354644 3.153393970934568e-14
111.45045571392671 1.8618916155995806e-13
111.55481007320941 2.6214337402510122e-14
111.65916443249212 1.1192958581056076e-14
111.76351879177481 2.7831192008341116e-13
111.86787315105752 6.535924088643783e-14
111.97222751034022 5.664612027232984e-15
112.07658186962291 3.525360090036093e-13
112.18093622890562 1.0287635559138791e-13
112.28529058818832 1.1933991560949841e-14
112.38964494747103 3.352865687342616e-13
112.49399930675372 1.1950189176882976e-13
112.59835366603646 1.689860518465761e-14
112.70270802531915 3.2266851511319485e-13
112.80706238460186 1.4994066647339488e-13
112.91141674388456 2.460531131616633e-14
113.01577110316725 2.3540698770171356e-13
113.12012546244996 1.3565698406145288e-13
113.22447982173266 4.053420965472524e-14
113.32883418101537 1.4493746452136513e-13
113.43318854029806 1.2834890575813566e-13
113.53754289958077 3.256189990122784e-14
113.64189725886347 7.907430473682897e-14
113.74625161814618 1.142400766228119e-13
113.85060597742887 3.4200021021535857e-14
113.95496033671158 1.5047183841595432e-14
114.05931469599427 8.430443176577661e-14
114.16366905527698 2.5740602682844874e-14
114.26802341455968 2.67947045328882e-16
114.37237777384239 6.902210827021719e-14
114.47673213312508 1.4249438654331463e-14
114.58108649240779 2.3154726420611944e-14
114.68544085169049 3.678983491573173e-14
114.7897952109732 1.03856410804016e-14
114.89414957025592 6.683640287584963e-14
114.99850392953861 2.5611476017883833e-14
115.10285828882132 1.8139881300316756e-15
115.20721264810402 1.1297521186420129e-13
115.31156700738673 7.36678293755119e-15
115.41592136666942 1.0962660893353666e-15
115.52027572595213 1.8691306959950074e-13
115.62463008523483 9.23308156380297e-16
115.72898444451754 1.0294859221921632e-16
115.83333880380023 1.9417371888617546e-13
115.93769316308294 4.444989824983842e-15
116.04204752236564 4.970697404269968e-16
116.14640188164834 2.1172218287426822e-13
116.25075624093104 3.027367667300242e-14
116.35511060021375 1.933169048709922e-16
116.45946495949644 1.7807226960843265e-13
116.56381931877915 5.536370047403837e-14
116.66817367806185 2.009313606602786e-16
116.77252803734454 1.2481831340833214e-13
116.87688239662725 1.0714531390012757e-13
116.98123675590995 1.3712605271723673e-16
117.08559111519266 8.451553434119802e-14
117.18994547447538 1.5410077373279418e-13
117.29429983375809 2.767579507403244e-15
117.39865419304078 2.542574169859736e-14
117.5030085523235 1.721861149386728e-13
117.60736291160619 2.699145836678695e-15
117.71171727088888 5.89672561771221e-15
117.81607163017159 2.1877499203829264e-13
117.92042598945429 7.064325548189498e-15
118.024780348737 1.940769738969999e-15
118.12913470801969 1.919278267132691e-13
118.2334890673024 1.1226438528311529e-14
118.3378434265851 2.384651251747379e-14
118.4421977858678 1.7302374922841916e-13
118.5465521451505 1.0643402950401633e-14
118.65090650443321 4.7559544406074823e-14
118.7552608637159 1.2762216626671147e-13
118.85961522299861 1.6268090402344235e-14
118.96396958228131 8.86593972460279e-14
119.06832394156402 6.896564615709335e-14
119.17267830084671 1.0865425652771117e-14
119.27703266012942 1.0010066759555316e-13
119.38138701941214 4.065979302859994e-14
119.48574137869484 9.092038367472832e-15
119.59009573797755 1.0529115971753622e-13
119.69445009726024 1.4791975313402097e-14
119.79880445654295 1.2285856961506751e-14
119.90315881582565 1.0351381895550879e-13
120.00751317510836 2.0268206426262776e-14
120.11186753439105 8.349960556848197e-15
120.21622189367376 6.366382790720876e-14
120.32057625295646 6.477132764187049e-14
120.42493061223917 1.1238555469738497e-14
120.52928497152186 4.3902641854184645e-14
120.63363933080457 1.281500031380941e-13
120.73799369008727 2.0373802196354818e-14
120.84234804936997 1.6809747609738498e-14
120.94670240865267 1.8718241945872124e-13
121.05105676793538 1.9995847238387963e-14
121.15541112721807 7.106340596679557e-15
121.25976548650077 2.6252666696269094e-13
121.36411984578348 3.210496873891835e-14
121.46847420506617 4.289806443519621e-15
121.57282856434888 2.780084193759206e-13
121.6771829236316 3.3005626823000806e-14
121.78153728291431 2.0638889962416195e-14
121.88589164219701 2.8961399192109993e-13
121.99024600147972 2.3977697634671037e-14
122.09460036076241 3.0873078390980063e-14
122.19895472004512 2.7297601507644823e-13
122.30330907932782 2.6485779420469062e-14
122.40766343861051 4.208616685865744e-14
122.51201779789322 1.9753900439060912e-13
122.61637215717592 1.7077939316788614e-14
122.72072651645863 5.3478131366442594e-14
122.82508087574132 1.3873086944207454e-13
122.92943523502403 1.1495461317834632e-14
123.03378959430673 4.440935542536709e-14
123.13814395358943 7.371588281799689e-14
123.24249831287213 1.1481241889563447e-14
123.34685267215484 4.6922942721770965e-14
123.45120703143753 3.246928095679803e-14
123.55556139072024 9.273203299417941e-15
123.65991575000294 2.535607595631e-14
123.76427010928565 3.652537357402757e-14
123.86862446856834 1.177953916090224e-14
123.97297882785107 2.0259507408829856e-14
124.07733318713377 6.983548805068902e-14
124.18168754641647 2.2570873150992438e-14
124.28604190569918 1.0524328403127632e-14
124.39039626498187 1.1670705016710137e-13
124.49475062426458 2.4001335533519294e-14
124.59910498354728 1.1475110180008785e-14
124.70345934282999 1.989725629731736e-13
124.80781370211268 2.780303021354502e-14
124.91216806139539 1.300108361869193e-14
125.01652242067809 2.445920344896254e-13
125.1208767799608 3.1818752704324445e-14
125.22523113924349 1.784799958727736e-14
125.3295854985262 2.7195740775586226e-13
125.4339398578089 2.1244174409820355e-14
125.5382942170916 2.4131207873646102e-14
125.6426485763743 2.868885622564579e-13
125.74700293565701 1.8619772157938095e-14
125.8513572949397 2.1930221790815118e-14
125.9557116542224 2.3243007155407386e-13
126.06006601350511 8.540838114626464e-15
126.1644203727878 2.6075260111928624e-14
126.26877473207054 1.9660491724432543e-13
126.37312909135323 1.5337275823104243e-15
126.47748345063594 1.5119552388950578e-14
126.58183780991864 1.2437767339674105e-13
126.68619216920135 7.202343911652545e-16
126.79054652848404 1.3290703545766646e-14
126.89490088776674 5.868678959960622e-14
126.99925524704945 3.593046891976822e-15
127.10360960633214 7.941809177312144e-15
127.20796396561485 2.8080817708627604e-14
127.31231832489755 6.46399380378504e-15
127.41667268418026 8.526707636063258e-15
127.52102704346295 1.3378343280197566e-14
127.62538140274566 1.4570220031922465e-14
127.72973576202835 9.369487112264406e-15
127.83409012131106 2.2993509998262162e-14
127.93844448059376 2.0456173276293215e-14
128.04279883987647 1.4217094512275017e-14
128.14715319915916 6.346683457647747e-14
128.25150755844186 1.6579741552682232e-14
128.35586191772458 2.1366807740670168e-14
128.4602162770073 1.0109941546270691e-13
128.56457063629 1.976662948850628e-14
128.6689249955727 1.8035969857695887e-14
128.7732793548554 1.2837314223088488e-13
128.8776337141381 9.970641262744635e-15
128.9819880734208 2.221499641103727e-14
129.0863424327035 1.6258184223626612e-13
129.1906967919862 4.673391030605795e-15
129.29505115126892 1.3592497361861908e-14
129.39940551055162 1.5046768493300702e-13
129.5037598698343 9.050483909178898e-16
129.608114229117 8.642393991895844e-15
129.71246858839973 1.4281440424523473e-13
129.81682294768243 1.545555820824036e-15
129.92117730696512 3.2118948776915774e-15
130.02553166624782 1.1076247202867768e-13
130.12988602553054 4.6990001702770085e-15
130.23424038481323 6.827164177776064e-16
130.33859474409593 7.117654535419682e-14
130.44294910337862 1.6540232910525813e-14
130.54730346266132 1.4004494242239421e-15
130.65165782194404 4.6818809303942114e-14
130.75601218122677 2.701990198915919e-14
130.86036654050946 8.444872273919247e-15
130.96472089979216 1.482460456612531e-14
131.06907525907488 2.8628035584597586e-14
131.17342961835757 1.7580161753693832e-14
131.27778397764027 3.2774000201197053e-15
131.38213833692296 3.6867155001324756e-14
131.4864926962057 2.2691499644947563e-14
131.59084705548838 2.432925044453757e-16
131.69520141477108 2.895594186110534e-14
131.79955577405377 3.327455427179511e-14
131.90391013333647 7.701992844032549e-15
132.0082644926192 2.3868742816863012e-14
132.11261885190189 2.8018580093220552e-14
132.21697321118458 1.6637132209203998e-14
132.32132757046728 1.4057834776678508e-14
132.42568192975 2.936562461099079e-14
132.5300362890327 3.861853071246312e-14
132.6343906483154 3.1291659224889345e-15
132.73874500759808 2.2240313412475692e-14
132.8430993668808 4.7980684975899565e-14
132.9474537261635 1.8254575775832717e-15
133.05180808544623 1.0345717290227972e-14
133.15616244472892 6.191788638051234e-14
133.26051680401162 9.1659883896164e-15
133.36487116329434 7.689716762329642e-15
133.46922552257703 7.241394961911926e-14
133.57357988185973 1.9887273027304735e-14
133.67793424114242 5.450840787275313e-15
133.78228860042515 7.008626576952202e-14
133.88664295970784 3.669825004247118e-14
133.99099731899054 6.934691605935073e-15
134.09535167827323 7.640811965920393e-14
134.19970603755596 5.743607890833175e-14
134.30406039683865 1.72483303271798e-14
134.40841475612135 6.037738172839041e-14
134.51276911540404 6.209771943187547e-14
134.61712347468676 2.651927812262903e-14
134.72147783396946 5.534334241086743e-14
134.82583219325215 7.139152925775579e-14
134.93018655253485 3.276467866942279e-14
135.03454091181757 3.5101710197944195e-14
135.13889527110027 6.151229351583796e-14
135.24324963038296 4.6284921253144534e-14
135.34760398966569 1.721187754800121e-14
135.45195834894838 4.27178934892805e-14
135.5563127082311 4.3499774958143823e-14
135.6606670675138 7.657261470352818e-15
135.7650214267965 3.1717170229610684e-14
135.8693757860792 3.910760058778378e-14
135.9737301453619 5.927044791293317e-17
136.0780845046446 1.3154209366029916e-14
136.1824388639273 3.539218759484094e-14
136.28679322321 2.575046785851011e-15
136.3911475824927 5.42067288298204e-15
136.49550194177542 2.4190478818639664e-14
136.5998563010581 1.7124180975220366e-14
136.7042106603408 9.645749691742586e-15
136.8085650196235 2.082878449268844e-14
136.91291937890622 3.623109882713181e-14
137.01727373818892 1.9141150415198177e-14
137.1216280974716 2.079019687223884e-14
137.2259824567543 5.3898043428565835e-14
137.33033681603703 3.2673261953550015e-14
137.43469117531973 1.8413540923871998e-14
137.53904553460242 8.328950210615718e-14
137.64339989388515 5.718887202559317e-14
137.74775425316784 2.6079392985892646e-14
137.85210861245056 8.843495721903268e-14
137.95646297173326 6.293745131699985e-14
138.06081733101595 3.635812517407122e-14
138.16517169029865 9.496547043352105e-14
138.26952604958137 7.2013611849905e-14
138.37388040886407 3.753498817857729e-14
138.47823476814676 8.554517186209857e-14
138.58258912742946 6.71646473601647e-14
138.68694348671218 4.594850207109734e-14
138.79129784599488 6.314456019375489e-14
138.89565220527757 4.9738475641007036e-14
139.00000656456027 4.3873525336958815e-14
139.104360923843 4.7346534747135345e-14
139.20871528312568 3.979768386456528e-14
139.31306964240838 3.6676230857690614e-14
139.41742400169107 2.0722912881294314e-14
139.5217783609738 1.7673279173049045e-14
139.6261327202565 3.765872599990262e-14
139.7304870795392 7.118414313245044e-15
139.8348414388219 6.5334771453761316e-15
139.9391957981046 2.7995362355247684e-14
140.04355015738733 4.56434565651192e-15
140.14790451667002 8.691455716925768e-16
140.25225887595272 2.3524564603266943e-14
140.35661323523541 1.1462862657904653e-14
140.46096759451814 1.8072798398439074e-15
140.56532195380083 2.6128973162828663e-14
140.66967631308353 2.5189799685609523e-14
140.77403067236622 6.332567723719401e-15
140.87838503164892 2.3684362104068203e-14
140.98273939093164 5.123954402767406e-14
141.08709375021434 1.7497425519117486e-14
141.19144810949703 2.7244953820204956e-14
141.29580246877973 6.52256975425878e-14
141.40015682806245 2.233063424726794e-14
141.50451118734514 3.4316106764945104e-14
141.60886554662784 7.989385693548324e-14
141.71321990591053 2.744248743261731e-14
141.81757426519326 3.0030849590666934e-14
141.92192862447595 8.805790811247927e-14
142.02628298375865 3.2867875014143115e-14
142.13063734304137 3.166260505715565e-14
142.23499170232407 7.311837562118469e-14
142.3393460616068 2.8300806674500683e-14
142.44370042088948 2.973433375182331e-14
142.54805478017218 6.523404396281526e-14
142.65240913945487 3.1354654305466956e-14
142.7567634987376 2.139497386797229e-14
142.8611178580203 4.221859451166142e-14
142.965472217303 2.5669902519872193e-14
143.06982657658568 2.0308136178469397e-14
143.1741809358684 2.4015177283046507e-14
143.2785352951511 2.6283100454968017e-14
143.3828896544338 1.6146836457458124e-14
143.4872440137165 1.241088914419367e-14
143.59159837299921 2.311133026431303e-14
143.6959527322819 1.2442439952389207e-14
143.8003070915646 3.80210256138476e-15
143.9046614508473 1.681967443620564e-14
144.00901581013002 1.6236138570826078e-14
144.11337016941272 5.8574639040773124e-15
144.2177245286954 1.3922032720756072e-14
144.3220788879781 1.7747538264785664e-14
144.42643324726083 1.8974700726129884e-14
144.53078760654356 4.782331096608403e-15
144.63514196582625 1.6489802317537446e-14
144.73949632510895 3.171516740302755e-14
144.84385068439164 1.0323530546030653e-15
144.94820504367436 1.8795804100241733e-14
145.05255940295706 4.8766957126128896e-14
145.15691376223975 1.4383214094034786e-15
145.26126812152245 1.4932080462280127e-14
145.36562248080517 6.576848912013775e-14
145.46997684008787 9.450895246711944e-15
145.57433119937056 1.0019451340789915e-14
145.67868555865326 6.445235636344192e-14
145.78303991793595 2.287346227576375e-14
145.88739427721868 8.91989493873288e-15
145.99174863650137 6.828553924807625e-14
146.09610299578407 4.978884643365322e-14
146.20045735506676 6.023680831270155e-15
146.30481171434948 5.588272363346178e-14
146.40916607363218 6.540374219270714e-14
146.51352043291487 5.574141716349395e-15
146.61787479219757 3.8074583477266525e-14
146.7222291514803 8.430771707779839e-14
146.82658351076302 1.0924964804246654e-14
146.9309378700457 2.5061726005596657e-14
147.0352922293284 8.982061022680605e-14
147.1396465886111 1.5611972493284463e-14
147.24400094789382 1.0993373237418704e-14
147.34835530717652 7.426367074765619e-14
147.4527096664592 1.7096238711865503e-14
147.5570640257419 8.038742641325683e-15
147.66141838502463 6.166614577508195e-14
147.76577274430733 2.2441507323992075e-14
147.87012710359002 1.8958188304207563e-14
147.97448146287272 3.3563710001444555e-14
148.07883582215544 1.9608442789904152e-14
148.18319018143814 3.4649251354666e-14
148.28754454072083 1.3948102895035677e-14
148.39189890000353 1.4450292084067706e-14
148.49625325928625 4.868835289357579e-14
148.60060761856894 8.03975620757425e-15
148.70496197785164 1.5735176431650455e-14
148.80931633713433 6.73942644527871e-14
148.91367069641706 1.2698991007095347e-14
149.01802505569978 1.7495096883803108e-14
149.12237941498248 6.5775784726437e-14
149.22673377426517 2.319912546017307e-14
149.33108813354787 2.256600185419536e-14
149.4354424928306 5.596448864413479e-14
149.53979685211328 4.098463757842921e-14
149.64415121139598 3.846763735901387e-14
149.74850557067867 4.276630809295653e-14
149.8528599299614 4.535536336661719e-14
149.9572142892441 4.889615267393185e-14
150.0615686485268 2.1545144408423962e-14
150.16592300780948 4.146180666592272e-14
150.27027736709218 5.262760839292937e-14
150.3746317263749 1.3403014351939034e-14
150.4789860856576 3.6755330129314826e-14
150.5833404449403 5.95225343426297e-14
150.68769480422299 2.071883032474782e-14
150.7920491635057 2.2063048617365936e-14
150.8964035227884 4.99626941914141e-14
151.0007578820711 3.530246453713731e-14
151.1051122413538 2.0605874403839056e-14
151.20946660063652 3.66140298230376e-14
151.31382095991924 5.210903537530247e-14
151.41817531920194 2.09218972916483e-14
151.52252967848463 3.076031489009844e-14
151.62688403776733 7.317534610763914e-14
151.73123839705005 3.033281445863856e-14
151.83559275633274 2.393624758873532e-14
151.93994711561544 7.114406691413527e-14
152.04430147489813 3.548779330348993e-14
152.14865583418086 2.37027568540335e-14
152.25301019346355 6.190874194270572e-14
152.35736455274625 3.0367798117241883e-14
152.46171891202894 3.332228430907919e-14
152.56607327131167 5.091920461268904e-14
152.67042763059436 2.6485099180222116e-14
152.77478198987706 3.726752313328022e-14
152.87913634915975 3.1278947404058614e-14
152.98349070844247 1.6053416992180696e-14
153.08784506772517 3.492912145922402e-14
153.19219942700786 2.2724526585604985e-14
153.29655378629056 1.4141502991337007e-14
153.40090814557328 3.322720524946716e-14
153.505262504856 2.7622967067265184e-14
153.6096168641387 3.2068888674017614e-14
153.7139712234214 2.1240286903002346e-14
153.8183255827041 3.4274070088176595e-14
153.92267994198681 6.214285600344813e-14
154.0270343012695 1.1767838630645671e-14
154.1313886605522 4.3200996618068044e-14
154.2357430198349 9.444411787237016e-14
154.34009737911762 5.1169022868590844e-15
154.44445173840032 5.430224248320386e-14
154.548806097683 1.3568508780338022e-13
154.6531604569657 2.8236197294705655e-16
154.7575148162484 4.859323067223997e-14
154.86186917553113 1.4747804308097673e-13
154.96622353481382 1.0064484569750912e-16
155.07057789409652 4.116894047727775e-14
155.1749322533792 1.4082516318825963e-13
155.27928661266193 1.3330373179577905e-15
155.38364097194463 3.2616384671302876e-14
155.48799533122732 1.2484108684011583e-13
155.59234969051002 2.6959113013954368e-15
155.69670404979274 1.8062165983578884e-14
155.80105840907547 8.510587359676417e-14
155.90541276835816 2.0129937068803554e-15
156.00976712764086 1.1023342981783939e-14
156.11412148692355 5.715324528336162e-14
156.21847584620627 2.8089557004565144e-15
156.32283020548897 6.820482633939207e-15
156.42718456477166 3.668701019938201e-14
156.53153892405436 1.8254837569876253e-15
156.63589328333708 4.607045612661078e-15
156.74024764261978 2.4929553479498167e-14
156.84460200190247 4.938898201705128e-15
156.94895636118517 6.637772315807957e-15
157.0533107204679 3.2055694667078815e-14
157.1576650797506 5.913983722805581e-15
157.26201943903328 1.065325314619157e-14
157.36637379831598 4.995461133704266e-14
157.4707281575987 9.204223025215218e-15
157.5750825168814 1.0238888544689154e-14
157.6794368761641 6.188105850295032e-14
157.78379123544678 1.058641566246493e-14
157.8881455947295 1.209559506287216e-14
157.9924999540122 7.732364897756168e-14
158.09685431329493 8.796556115785212e-15
158.20120867257762 1.0511712570218866e-14
158.30556303186032 7.960025114445689e-14
158.40991739114304 8.437341349639166e-15
158.51427175042573 6.805054295022579e-15
158.61862610970843 6.896281581955395e-14
158.72298046899112 3.3058915824970697e-15
158.82733482827385 5.926741921303707e-15
158.93168918755654 6.04599957880824e-14
159.03604354683924 1.216559074007496e-15
159.14039790612193 2.133790285035874e-15
159.24475226540463 3.878685492823854e-14
159.34910662468735 1.2246894507245001e-17
159.45346098397005 6.897611378205385e-16
159.55781534325274 2.2551338270683948e-14
159.66216970253544 2.041944379530273e-15
159.76652406181816 3.345207756641832e-16
159.87087842110085 1.0664494098918147e-14
159.97523278038355 4.674179525732172e-15
160.07958713966624 5.816234189683172e-16
160.18394149894897 2.0745643335470207e-15
160.28829585823166 1.1117826998215974e-14
160.3926502175144 9.41859667571213e-16
160.49700457679708 4.629442114250731e-16
160.60135893607978 1.4438002535735462e-14
160.7057132953625 2.8138299849835185e-15
160.8100676546452 3.1635201113514727e-15
160.9144220139279 1.5437859483950567e-14
161.01877637321059 2.6850658564028286e-15
161.1231307324933 6.278994626176007e-15
161.227485091776 1.64900107345744e-14
161.3318394510587 2.4296435516971166e-15
161.4361938103414 1.0117082102124931e-14
161.54054816962412 1.0183150183759422e-14
161.6449025289068 2.8489972194193815e-15
161.7492568881895 1.47625380043281e-14
161.8536112474722 6.468927830436097e-15
161.95796560675493 1.1305392335752272e-15
162.06231996603762 1.3920704452882517e-14
162.16667432532032 2.0614848197513243e-15
162.271028684603 7.528871530528553e-16
162.37538304388573 1.6779008535404416e-14
162.47973740316843 1.1981588094506118e-17
162.58409176245115 6.914080525014632e-16
162.68844612173385 1.4062114250861706e-14
162.79280048101654 1.05711403929259e-15
162.89715484029927 7.667011985393234e-16
163.00150919958196 1.526528178949765e-14
163.10586355886466 6.480967660253675e-15
163.21021791814735 1.5659157606036742e-15
163.31457227743007 1.519003799820581e-14
163.41892663671277 1.1339691893265219e-14
163.52328099599546 4.01278537475987e-15
163.62763535527816 1.3416546797731447e-14
163.73198971456088 1.7148700596115566e-14
163.83634407384358 4.3456212616186964e-15
163.94069843312627 1.3888370385756818e-14
164.04505279240897 2.247299963629283e-14
164.14940715169166 5.560921596079082e-15
164.25376151097439 9.29819011370585e-15
164.35811587025708 1.982515708994225e-14
164.46247022953978 6.4684477900192774e-15
164.56682458882247 7.560648618337556e-15
164.6711789481052 1.9103370493341845e-14
164.7755333073879 4.9031121746107316e-15
164.8798876666706 3.224264962432206e-15
164.9842420259533 1.2132217089291421e-14
165.088596385236 5.4634968001781346e-15
165.19295074451873 5.993951077921384e-16
165.29730510380142 5.51644843494029e-15
165.40165946308412 5.180350116393409e-15
165.5060138223668 5.865220200023977e-16
165.61036818164953 2.1826189260974287e-15
165.71472254093223 4.371361986508507e-15
165.81907690021492 3.940189903133396e-15
165.92343125949762 7.468670603937874e-16
166.02778561878034 6.618379335934385e-15
166.13213997806304 8.46826108885465e-15
166.23649433734573 2.7063274770341903e-15
166.34084869662843 8.205144196807733e-15
166.44520305591115 1.819536463703227e-14
166.54955741519385 9.154684008897781e-15
166.65391177447654 9.271368300027409e-15
166.75826613375924 2.612109567991676e-14
166.86262049304196 1.5852827413031158e-14
166.96697485232465 1.3186670210574546e-14
167.07132921160735 3.16008587544381e-14
167.17568357089007 2.0411771458457665e-14
167.28003793017277 1.299959613659231e-14
167.3843922894555 3.8307437967372306e-14
167.48874664873819 2.6672386396712704e-14
167.59310100802088 1.2776801644210443e-14
167.69745536730358 3.394512738373427e-14
167.8018097265863 2.3303456253595174e-14
167.906164085869 1.4074302415464086e-14
168.0105184451517 3.0714192672814384e-14
168.11487280443438 2.0511327234812154e-14
168.2192271637171 1.1147256650692707e-14
168.3235815229998 2.389376359860044e-14
168.4279358822825 1.453209667355967e-14
168.5322902415652 1.0708614713259077e-14
168.6366446008479 1.4218552884157385e-14
168.7409989601306 6.582926947364856e-15
168.8453533194133 1.1396102339176627e-14
168.949707678696 1.0181724756217078e-14
169.0540620379787 2.706817396023174e-15
169.15841639726142 1.0364824608119982e-14
169.2627707565441 8.236875973582693e-15
169.3671251158268 3.834342773131455e-16
169.47147947510953 1.3299322465969725e-14
169.57583383439223 9.429153306964061e-15
169.68018819367495 1.3116594526622326e-15
169.78454255295765 1.615566696026773e-14
169.88889691224034 1.7642639963608716e-14
169.99325127152304 5.074778207691233e-15
170.09760563080576 1.6273226003800886e-14
170.20195999008845 2.6499268053012775e-14
170.30631434937115 1.1191360783620853e-14
170.41066870865384 1.9791845547978863e-14
170.51502306793657 3.228599818591686e-14
170.61937742721926 1.3774546060992579e-14
170.72373178650196 1.8793355888133118e-14
170.82808614578465 4.103077125359806e-14
170.93244050506738 1.812657717167895e-14
171.03679486435007 1.641185037171127e-14
171.14114922363277 3.9678152399489335e-14
171.24550358291546 1.7180091051400695e-14
171.34985794219818 1.6179410834555922e-14
171.45421230148088 3.7140411340248925e-14
171.55856666076357 1.4340130749166662e-14
171.6629210200463 1.1512554706712681e-14
171.767275379329 3.2326846505778794e-14
171.87162973861172 1.1338302443840765e-14
171.9759840978944 9.326445248753231e-15
172.0803384571771 2.1054604200363268e-14
172.1846928164598 5.377202439046666e-15
172.28904717574252 9.605342335828411e-15
172.39340153502522 1.5302761625026458e-14
172.49775589430791 3.1948483273544876e-15
172.6021102535906 8.370841654714517e-15
172.70646461287333 9.722942083536993e-15
172.81081897215603 8.490934269982971e-16
172.91517333143872 9.852998561365572e-15
173.01952769072142 6.656499627446259e-15
173.1238820500041 1.4095598696043245e-15
173.22823640928684 1.3282392353378319e-14
173.33259076856953 9.493855639099854e-15
173.43694512785223 1.7902826043953017e-15
173.54129948713492 1.3059515678127942e-14
173.64565384641764 1.3650449170963875e-14
173.75000820570034 4.090284873067725e-15
173.85436256498303 1.4692757017742754e-14
173.95871692426576 1.644137472254221e-14
174.06307128354848 4.558550327618011e-15
174.16742564283118 1.4596140040159545e-14
174.27178000211387 2.237953507441193e-14
174.37613436139657 5.1895196697829016e-15
174.48048872067926 1.1170231160515128e-14
174.58484307996198 2.2634671254052483e-14
174.68919743924468 5.05023535987807e-15
174.79355179852737 9.686519675415722e-15
174.89790615781007 2.033055531334416e-14
175.0022605170928 3.5620405344763215e-15
175.1066148763755 5.835308573575013e-15
175.21096923565818 1.8642928408716354e-14
175.31532359494088 4.367621194896484e-15
175.4196779542236 3.1731260119950216e-15
175.5240323135063 1.1740043547436533e-14
175.628386672789 3.9970991548661e-15
175.7327410320717 2.32146280792789e-15
175.8370953913544 7.404342405702295e-15
175.9414497506371 7.079198113355361e-15
176.0458041099198 1.5444384957507297e-15
176.1501584692025 3.770889360814694e-15
176.25451282848522 7.682928834647714e-15
176.35886718776794 1.9256293595826963e-15
176.46322154705064 1.1110930241143267e-15
176.56757590633333 1.024377106890026e-14
176.67193026561603 3.70867876233136e-15
176.77628462489875 1.0115299369816962e-15
176.88063898418145 1.0736918058284082e-14
176.98499334346414 4.008372006218877e-15
177.08934770274684 2.5897561953857968e-15
177.19370206202956 9.070120802735137e-15
177.29805642131225 4.6275178325446936e-15
177.40241078059495 3.2999508746747887e-15
177.50676513987764 7.608801563823893e-15
177.61111949916037 4.9627612811574135e-15
177.71547385844306 4.522122303905091e-15
177.81982821772576 3.30594744586257e-15
177.92418257700845 2.9224433339989868e-15
178.02853693629115 5.252517404279121e-15
178.13289129557387 1.2209160601501712e-15
178.23724565485657 2.7043306956769758e-15
178.34160001413926 3.678544142957469e-15
178.44595437342196 2.5588482358932466e-16
178.5503087327047 1.2842546403085175e-15
178.6546630919874 3.177834276519289e-15
178.7590174512701 2.0536638286280096e-15
178.8633718105528 1.0793235597539065e-15
178.9677261698355 1.2018721547555264e-15
179.0720805291182 5.889903964180578e-15
179.1764348884009 8.615529017353421e-16
179.2807892476836 3.981543531189163e-16
179.3851436069663 1.364143479456955e-14
179.48949796624902 1.1906225442236318e-15
179.5938523255317 1.1408148406881892e-16
179.6982066848144 1.8998546049157793e-14
179.8025610440971 1.7557755883115412e-15
179.90691540337983 9.288995792585509e-16
180.01126976266252 2.5245271752797377e-14
180.11562412194522 1.3791426090085698e-15
180.2199784812279 1.7070362191775146e-15
180.32433284051064 2.870384498541026e-14
180.42868719979333 1.5798606684846902e-15
180.53304155907603 2.530953895489853e-15
180.63739591835872 2.5078731362614992e-14
180.74175027764144 5.171490368292491e-16
180.84610463692417 3.723556130148715e-15
180.95045899620686 2.321520939947707e-14
181.05481335548956 1.8107684535079506e-16
181.15916771477225 2.7763573595682975e-15
181.26352207405498 1.5920227856612518e-14
181.36787643333767 3.673835653852192e-17
181.47223079262037 2.6831014255024104e-15
181.57658515190306 9.18356238008823e-15
181.68093951118578 1.1371991808702441e-15
181.78529387046848 1.8076206275867844e-15
181.88964822975117 6.419687795129956e-15
181.99400258903387 2.291280121327622e-15
182.0983569483166 8.580447521547007e-16
182.2027113075993 5.353538574385216e-15
182.30706566688198 5.442267867616065e-15
182.41142002616468 1.2428912524734039e-15
182.51577438544737 8.080721849833465e-15
182.6201287447301 7.735218489864133e-15
182.7244831040128 2.349174098499227e-15
182.82883746329549 1.6609759180766792e-14
182.93319182257818 9.246870423396532e-15
183.03754618186093 3.222558541445842e-15
183.14190054114363 2.3710695626125554e-14
183.24625490042632 1.1077258198633453e-14
183.35060925970902 5.7601342101450195e-15
183.4549636189917 3.0418862032471245e-14
183.55931797827444 8.84879017987016e-15
183.66367233755713 7.385465875523891e-15
183.76802669683983 3.7147703210648084e-14
183.87238105612252 7.944302655503668e-15
183.97673541540524 7.730398843842961e-15
184.08108977468794 3.466042094286574e-14
184.18544413397063 5.36243765957908e-15
184.28979849325333 9.170741018788727e-15
184.39415285253605 3.2698249605657024e-14
184.49850721181875 2.322796293381911e-15
184.60286157110144 7.600220678730895e-15
184.70721593038414 2.5848583648528367e-14
184.81157028966686 1.904316406559913e-15
184.91592464894956 6.522602287765637e-15
185.02027900823225 1.6764398177252375e-14
185.12463336751495 2.8998988386720945e-15
185.22898772679767 6.129081816456814e-15
185.3333420860804 1.1606613587062185e-14
185.4376964453631 4.719651817947888e-15
185.54205080464578 4.377703396297346e-15
185.64640516392848 6.848626116674072e-15
185.7507595232112 9.58431017032464e-15
185.8551138824939 4.57943913659065e-15
185.9594682417766 5.9799519110801834e-15
186.0638226010593 1.3824389780075278e-14
186.168176960342 5.7190949730498754e-15
186.2725313196247 1.0087319215386651e-14
186.3768856789074 1.5579529648835625e-14
186.4812400381901 5.599525899216056e-15
186.58559439747282 1.4844789718378012e-14
186.6899487567555 1.879867678310275e-14
186.7943031160382 7.299874473477179e-15
186.8986574753209 1.9347444261223205e-14
187.0030118346036 1.632431855279711e-14
187.10736619388632 8.4672229880317e-15
187.21172055316902 2.5362661783576275e-14
187.3160749124517 1.3469923703005643e-14
187.4204292717344 7.371596998796226e-15
187.52478363101713 2.4925569191343284e-14
187.62913799029985 1.017648729481224e-14
187.73349234958255 7.987435465964727e-15
187.83784670886524 2.4101940027312716e-14
187.94220106814797 5.0808919322442636e-15
188.04655542743066 6.4782809689099716e-15
188.15090978671336 2.0744655295163367e-14
188.25526414599605 3.03648429022135e-15
188.35961850527875 4.669842577495378e-15
188.46397286456147 1.3413682404288279e-14
188.56832722384416 2.927573682138241e-15
188.67268158312686 4.494384372255075e-15
188.77703594240955 9.150128641705175e-15
188.88139030169228 4.141041590478931e-15
188.98574466097497 3.1510404933776282e-15
189.09009902025767 4.181146975589161e-15
189.19445337954036 7.786475039423729e-15
189.2988077388231 2.6359598747505775e-15
189.40316209810578 1.3622383424092748e-15
189.50751645738848 1.2671377492655477e-14
189.61187081667117 3.317011078052735e-15
189.7162251759539 1.3987425563849927e-15
189.8205795352366 1.4332585854912786e-14
189.9249338945193 2.8674662965488892e-15
190.029288253802 2.7183563485679955e-15
190.1336426130847 1.705512054116091e-14
190.23799697236743 2.9833417047086813e-15
190.34235133165012 3.928683519930674e-15
190.44670569093282 1.564620796809506e-14
190.5510600502155 3.266266533893867e-15
190.65541440949823 6.728149312854805e-15
190.75976876878093 1.2000921129446918e-14
190.86412312806362 2.0710682709443137e-15
190.96847748734632 7.215246126334584e-15
191.07283184662904 9.189500621994253e-15
191.17718620591174 1.7639210020774294e-15
191.28154056519443 7.129579992718816e-15
191.38589492447713 4.153984963225169e-15
191.49024928375985 1.0757732001770442e-15
191.59460364304255 7.104883488675208e-15
191.69895800232524 1.5818075360244647e-15
191.80331236160794 2.807001311222618e-16
191.90766672089063 4.805216399441358e-15
192.01202108017335 1.043546630060254e-15
192.11637543945605 1.982108093806964e-16
192.22072979873877 4.3971578147170106e-15
192.32508415802147 2.169332163161828e-15
192.4294385173042 2.786863006025236e-16
192.5337928765869 2.6078014101033933e-15
192.63814723586958 4.358830781546546e-15
192.74250159515228 2.7612024056084785e-16
192.84685595443497 2.289009524073661e-15
192.9512103137177 8.529581921123712e-15
193.0555646730004 4.694149257404744e-16
193.15991903228309 1.845861715929433e-15
193.26427339156578 9.928190548460704e-15
193.3686277508485 7.382602679507506e-16
193.4729821101312 1.3770032554095317e-15
193.5773364694139 1.0908530901015223e-14
193.6816908286966 3.59224198657628e-16
193.7860451879793 1.2881869567028421e-15
193.890399547262 1.0638042447661815e-14
193.9947539065447 3.2671122360238984e-16
194.0991082658274 3.831370256739033e-16
194.20346262511012 6.959321116624298e-15
194.30781698439282 3.927777020688319e-16
194.41217134367554 1.4537851221771737e-16
194.51652570295823 4.8508898581700914e-15
194.62088006224093 4.553366570869863e-16
194.72523442152365 1.3581352957796194e-16
194.82958878080635 1.6878430638967174e-15
194.93394314008904 9.919250890786136e-16
195.03829749937174 8.581516858570538e-16
195.14265185865446 1.223538971863678e-16
195.24700621793716 2.466865351546141e-15
195.35136057721985 2.189193124971231e-15
195.45571493650255 3.16136367829363e-16
195.56006929578527 3.037263084782665e-15
195.66442365506796 5.163590090718004e-15
195.76877801435066 2.459125464128166e-15
195.87313237363335 4.332533267163333e-15
195.97748673291608 6.750588615128861e-15
196.08184109219877 4.328927818834251e-15
196.18619545148147 5.465647527331227e-15
196.29054981076416 9.71279448550761e-15
196.39490417004686 7.200562910672319e-15
196.49925852932958 4.782890351841097e-15
196.60361288861228 1.115010275749525e-14
196.707967247895 8.75855833411073e-15
196.8123216071777 5.291408584857451e-15
196.91667596646042 1.044803984805113e-14
197.0210303257431 7.714805991445432e-15
197.1253846850258 4.629694387881966e-15
197.2297390443085 1.0653860595237247e-14
197.3340934035912 7.261908808899253e-15
197.43844776287392 3.7006562978738395e-15
197.54280212215662 7.786524236074437e-15
197.6471564814393 4.070838270628689e-15
197.751510840722 4.593576161842753e-15
197.85586520000473 5.770154494118893e-15
197.96021955928742 1.8920526996415167e-15
198.06457391857012 5.195457033860048e-15
198.1689282778528 4.983091166821024e-15
198.27328263713554 4.350820754638951e-16
198.37763699641823 6.358913464431902e-15
198.48199135570093 4.04225764862953e-15
198.58634571498362 1.737164726866432e-16
198.69070007426635 9.736580215450919e-15
198.79505443354904 5.300213534405578e-15
198.89940879283174 1.0943161153974805e-15
199.00376315211446 1.1277493149129873e-14
199.10811751139715 8.56031344417492e-15
199.21247187067988 3.6952467012744845e-15
199.31682622996257 1.2943067361403391e-14
199.42118058924527 1.0554238155151683e-14
199.52553494852796 5.924195775229586e-15
199.62988930781069 1.4900767332925182e-14
199.73424366709338 1.4270843454864713e-14
199.83859802637608 7.130504359275158e-15
199.94295238565877 1.314703005293468e-14
