0.0 0.0
0.10435435928270291 5.0807234154901864e-11
0.20870871856540582 1.8219799672578082e-09
0.3130630778481087 3.212156165024355e-09
0.41741743713081164 3.010066062437328e-07
0.5217717964135146 3.098893264906769e-06
0.6261261556962174 0.0004106503085736271
0.7304805149789203 0.00366187945389763
0.8348348742616233 0.008827686073522464
0.9391892335443263 0.006763811158668226
1.0435435928270291 0.0011945607172790182
1.1478979521097321 2.046402493228186e-07
1.2522523113924349 1.1490838956473195e-05
1.3566066706751378 4.270148869710536e-06
1.4609610299578406 7.046418305484805e-08
1.5653153892405436 1.2994802468439198e-06
1.6696697485232466 3.5828046581433853e-07
1.7740241078059495 8.976905860526157e-08
1.8783784670886525 3.3127204750300045e-07
1.9827328263713553 1.2190836629071943e-07
2.0870871856540583 4.3066500958074535e-07
2.1914415449367612 2.430168281113002e-07
2.2957959042194642 2.4999839679833262e-06
2.400150263502167 5.358801261318117e-06
2.5045046227848697 3.948825328291189e-06
2.6088589820675727 3.5958388481012944e-06
2.7132133413502757 2.2572781796132905e-06
2.8175677006329787 2.3714868806689676e-07
2.921922059915681 2.4632316715033262e-08
3.026276419198384 5.578005225304894e-08
3.130630778481087 8.245864711578781e-09
3.23498513776379 1.0320042068217072e-08
3.339339497046493 2.3996238249998735e-08
3.4436938563291957 1.8062408331450777e-09
3.548048215611899 1.1465916386188525e-08
3.6524025748946016 1.9945832949354952e-08
3.756756934177305 8.122712714793236e-10
3.8611112934600076 4.0516593023707636e-09
3.9654656527427106 2.8881321484182157e-08
4.0698200120254135 1.2075179322175921e-08
4.1741743713081165 9.7630772668968e-10
4.2785287305908195 1.9905022976803112e-08
4.3828830898735225 1.022323737745586e-08
4.4872374491562255 6.199319960270026e-09
4.5915918084389284 2.8728852341194422e-09
4.6959461677216305 4.799228238362575e-09
4.800300527004334 9.76262495914013e-09
4.9046548862870365 9.978608488652968e-11
5.0090092455697395 5.510595453196507e-09
5.1133636048524425 6.3825519484896255e-09
5.217717964135145 1.4307717947494427e-10
5.322072323417848 6.734934840015186e-09
5.426426682700551 2.9087723687835367e-09
5.530781041983254 6.70833338854899e-10
5.635135401265957 7.018931490096769e-09
5.73948976054866 8.280375423852512e-10
5.843844119831362 1.3224518971926825e-09
5.948198479114066 6.235648993916379e-09
6.052552838396768 8.95602567150039e-11
6.156907197679472 2.290683527006233e-09
6.261261556962174 4.649639456303778e-09
6.365615916244878 1.3135294437202434e-10
6.46997027552758 2.739463998106505e-09
6.574324634810284 3.3179721478737063e-09
6.678678994092986 8.624725189663558e-10
6.783033353375689 2.7197133243263802e-09
6.887387712658391 2.1262439076059802e-09
6.991742071941095 2.1467313926538294e-09
7.096096431223798 2.26991629974988e-09
7.200450790506501 1.1436592845105533e-09
7.304805149789203 3.676988451150783e-09
7.409159509071906 1.538965416180541e-09
7.51351386835461 3.834706756098268e-10
7.617868227637313 4.628798841223862e-09
7.722222586920015 1.0046231982895803e-09
7.826576946202718 4.324784615183837e-11
7.930931305485421 4.6207156037242144e-09
8.035285664768125 5.349820098839833e-10
8.139640024050827 3.637104472182495e-10
8.24399438333353 3.843854905862542e-09
8.348348742616233 3.0144950407401225e-10
8.452703101898935 1.4785545080994854e-09
8.557057461181639 2.1943989594234982e-09
8.661411820464341 3.2141610230458263e-10
8.765766179747045 3.931127628688227e-09
8.870120539029747 5.874720466663746e-10
8.974474898312451 5.352799704569381e-10
9.078829257595153 7.466142012761603e-09
9.183183616877857 7.070911250039295e-11
9.287537976160559 1.0965254221444205e-09
9.391892335443261 1.2672796776363678e-08
9.496246694725965 1.6825936467671178e-09
9.600601054008669 2.4923824122422453e-09
9.704955413291371 1.8731987168987157e-08
9.809309772574073 5.96186097605904e-09
9.913664131856777 4.9436608241532004e-09
10.018018491139479 2.598693593365808e-08
10.122372850422183 1.4530603714039115e-08
10.226727209704885 1.0584023448951126e-08
10.331081568987589 3.720950824027168e-08
10.43543592827029 3.060209580355354e-08
10.539790287552993 2.1397234248057392e-08
10.644144646835697 5.0566529220217394e-08
10.7484990061184 5.094685587160628e-08
10.852853365401103 3.4982084128653534e-08
10.957207724683805 6.185155340455323e-08
11.061562083966509 7.176654388241871e-08
11.165916443249213 4.793287370526238e-08
11.270270802531915 6.27558145106122e-08
11.374625161814617 7.497012859890704e-08
11.47897952109732 4.344677552221055e-08
11.583333880380025 4.124674773195625e-08
11.687688239662725 5.651401484238612e-08
11.792042598945429 2.911221372938053e-08
11.896396958228133 2.0999451718533728e-08
12.000751317510835 4.549306909774e-08
12.105105676793537 2.514947031368286e-08
12.20946003607624 1.7875099868201903e-08
12.313814395358945 4.9048129899469615e-08
12.418168754641647 3.365033188723729e-08
12.522523113924349 3.069568742144031e-08
12.626877473207053 5.9242085648582186e-08
12.731231832489756 3.064337952340653e-08
12.835586191772459 1.3451256556338573e-08
12.93994055105516 9.79588325521641e-09
13.044294910337864 4.272113494364717e-09
13.148649269620568 7.442013046686693e-08
13.253003628903269 1.0473520614861747e-07
13.357357988185973 2.7642322141564825e-07
13.461712347468676 6.535010494490301e-07
13.566066706751378 8.78410169796872e-07
13.67042106603408 1.4418059772966725e-06
13.774775425316783 2.4195596034446154e-06
13.879129784599488 3.062410383705121e-06
13.98348414388219 4.0966795928124915e-06
14.087838503164894 5.477544067721554e-06
14.192192862447596 5.998412684409083e-06
14.296547221730298 6.613932378310357e-06
14.400901581013002 7.347882326109442e-06
14.505255940295704 7.2503298326491445e-06
14.609610299578407 7.5032231670130234e-06
14.71396465886111 8.025113570873741e-06
14.818319018143812 8.232659765226281e-06
14.922673377426518 9.117673562932464e-06
15.02702773670922 1.0828047009140862e-05
15.131382095991922 1.4295880318106908e-05
15.235736455274626 2.0203702271626112e-05
15.340090814557328 2.8802386522572476e-05
15.44444517384003 4.219606132815688e-05
15.548799533122734 5.826966367193008e-05
15.653153892405436 7.579155379195101e-05
15.757508251688138 9.758868566735388e-05
15.861862610970842 0.00011791007372491985
15.966216970253544 0.00013519649635827368
16.07057132953625 0.00015684028305645137
16.174925688818952 0.00017552210113795937
16.279280048101654 0.00018675609995212709
16.38363440738436 0.0001973202533572788
16.48798876666706 0.00019562108627899118
16.59234312594976 0.0001799062847322071
16.696697485232466 0.00016877578311030755
16.801051844515168 0.00015857115059377604
16.90540620379787 0.00015025877567545208
17.009760563080576 0.0001576470472957556
17.114114922363278 0.00016594755757511529
17.21846928164598 0.00017858157038072386
17.322823640928682 0.0002165724875972745
17.427178000211384 0.00026612568563969246
17.53153235949409 0.00033700195543215594
17.635886718776792 0.0004449134482326846
17.740241078059494 0.0005587007676993554
17.8445954373422 0.0006822738152926555
17.948949796624902 0.0008155442331436817
18.053304155907604 0.000908732718373075
18.157658515190306 0.000979473586674925
18.262012874473008 0.0010492326080246
18.366367233755714 0.0011010767162601394
18.470721593038416 0.0011764273542241787
18.575075952321118 0.0012487847554271062
18.679430311603824 0.0012459955000265336
18.783784670886522 0.001203561769512126
18.888139030169224 0.00110501905351165
18.99249338945193 0.0009302857405534574
19.096847748734632 0.0007979317752414378
19.201202108017338 0.0007395473078451047
19.30555646730004 0.0007278045826404462
19.409910826582742 0.0007181829930756866
19.514265185865444 0.0005933074886484923
19.618619545148146 0.00048543014973962957
19.722973904430848 0.000559617144384295
19.827328263713554 0.0006759047778156522
19.931682622996256 0.0008701385607657792
20.036036982278958 0.0010862714579556914
20.140391341561664 0.0010751688107872622
20.244745700844366 0.0012670027188928718
20.349100060127068 0.0017882845404066697
20.45345441940977 0.0019489284026424376
20.557808778692472 0.0021727567919055638
20.662163137975178 0.003019138628786516
20.76651749725788 0.0034572384606296517
20.87087185654058 0.0033005301217246034
20.975226215823287 0.0036974638746783447
21.079580575105986 0.004589944407385267
21.18393493438869 0.005360574236905818
21.288289293671394 0.005874597694910161
21.392643652954096 0.0061041285826517995
21.4969980122368 0.006575467950017948
21.601352371519503 0.007483906957547578
21.705706730802206 0.008253839389459248
21.810061090084908 0.009105486783880882
21.91441544936761 0.010133422426327622
22.018769808650312 0.010598986529331887
22.123124167933018 0.010712825577876043
22.22747852721572 0.010931276160904477
22.331832886498425 0.011088881965648964
22.436187245781127 0.011120548796970692
22.54054160506383 0.010437172634172133
22.64489596434653 0.009344087194631976
22.749250323629234 0.00933750462103622
22.853604682911936 0.00918783243515797
22.95795904219464 0.007522684334026887
23.062313401477343 0.00665375116352914
23.16666776076005 0.0067565625150048745
23.27102212004275 0.005620121913032328
23.37537647932545 0.004933607141460701
23.479730838608155 0.0058095386814976105
23.584085197890857 0.005621581759548862
23.68843955717356 0.004711235523165456
23.792793916456265 0.005128467378633242
23.897148275738967 0.005569227268854065
24.00150263502167 0.005156482493619436
24.10585699430437 0.004993904056692777
24.210211353587074 0.0051014144208773714
24.31456571286978 0.005173322883350276
24.41892007215248 0.005150206470272583
24.523274431435183 0.004587698941681551
24.62762879071789 0.0038729516646544833
24.73198315000059 0.003563949957615453
24.836337509283293 0.0032226344305966337
24.940691868565995 0.0027509298586660368
25.045046227848697 0.002479629869914717
25.1494005871314 0.0022414618344256364
25.253754946414105 0.0018819500040014214
25.358109305696807 0.0014725273214609258
25.462463664979513 0.0011291781524471706
25.566818024262215 0.0010115834368831847
25.671172383544917 0.0009633719502851229
25.77552674282762 0.0008149643264662952
25.87988110211032 0.000785259735864666
25.984235461393023 0.0008859681435699169
26.08858982067573 0.0008564335942254538
26.19294417995843 0.0006936912776844559
26.297298539241137 0.0005805238118240859
26.401652898523835 0.0006475534882272394
26.506007257806537 0.0007976329208737025
26.610361617089243 0.0007577806083488222
26.714715976371945 0.0005627665080360278
26.819070335654647 0.00047915838004155273
26.923424694937353 0.0004962109465763789
27.027779054220055 0.00045186043227335063
27.132133413502757 0.0003294200656168167
27.23648777278546 0.00021079397180155966
27.34084213206816 0.0001736720609860716
27.445196491350863 0.00017714957767874366
27.549550850633565 0.0001231930933378092
27.653905209916275 4.541051335767962e-05
27.758259569198977 1.870867717113552e-05
27.86261392848168 2.4256102150977286e-05
27.96696828776438 2.48653166544095e-05
28.07132264704708 1.9290509724351777e-05
28.17567700632979 2.3107387723637343e-05
28.28003136561249 3.950733932757388e-05
28.384385724895193 4.3664731451809394e-05
28.488740084177895 3.6547749540491225e-05
28.593094443460597 5.020308822117216e-05
28.6974488027433 7.979914725356782e-05
28.801803162026005 9.352147119896696e-05
28.906157521308707 7.939552982269087e-05
29.01051188059141 4.858165109355884e-05
29.11486623987411 2.240066973278653e-05
29.219220599156813 1.5443291177560576e-05
29.323574958439522 2.0092947440968338e-05
29.42792931772222 2.330356885792666e-05
29.532283677004923 2.428409569867821e-05
29.636638036287625 2.751485146576501e-05
29.740992395570327 3.2131115418956715e-05
29.845346754853036 3.768757368732173e-05
29.94970111413574 4.320028118297079e-05
30.05405547341844 4.0447646001402254e-05
30.158409832701143 2.7792150430719765e-05
30.262764191983845 1.5661305215884557e-05
30.367118551266543 1.0552872539447182e-05
30.471472910549252 9.188776114757069e-06
30.575827269831954 8.877572056697107e-06
30.680181629114657 9.175452243043777e-06
30.78453598839736 9.685826227602407e-06
30.88889034768006 1.0584421075529248e-05
30.993244706962766 1.3359880055217128e-05
31.09759906624547 1.792935375028894e-05
31.20195342552817 2.0942915383807247e-05
31.306307784810873 2.0877043124053103e-05
31.410662144093575 2.196247596941228e-05
31.515016503376277 2.663353422559525e-05
31.619370862658986 3.3183980882999536e-05
31.723725221941685 4.0040911824307475e-05
31.828079581224387 4.231515741741494e-05
31.93243394050709 3.5718964650051095e-05
32.03678829978979 2.572547698096936e-05
32.1411426590725 1.8275257077517037e-05
32.2454970183552 1.2621009354692681e-05
32.349851377637904 8.707742481382188e-06
32.454205736920606 6.821206461611532e-06
32.55856009620331 5.640888885918074e-06
32.66291445548601 5.140426051572095e-06
32.76726881476872 6.144958839731999e-06
32.87162317405142 8.795156799576374e-06
32.97597753333412 1.2090661922861482e-05
33.08033189261682 1.471463520892369e-05
33.18468625189952 1.6631439618583623e-05
33.28904061118223 1.707754752395469e-05
33.39339497046493 1.6040620342263878e-05
33.497749329747634 1.590423857642837e-05
33.602103689030336 1.6358347157874508e-05
33.70645804831304 1.554526971691439e-05
33.81081240759574 1.4245669644423739e-05
33.91516676687845 1.3234155754689691e-05
34.01952112616115 1.2246948181227054e-05
34.123875485443854 1.161121377110328e-05
34.228229844726556 1.2076918715997637e-05
34.33258420400926 1.319078491917155e-05
34.43693856329196 1.3502588262285716e-05
34.54129292257466 1.3428103928509398e-05
34.645647281857364 1.3939525115208716e-05
34.75000164114007 1.4199394215442924e-05
34.85435600042277 1.4303261782602884e-05
34.95871035970548 1.4765702052700068e-05
35.06306471898818 1.4388214231265987e-05
35.16741907827088 1.2836226759330726e-05
35.271773437553584 1.1044620578545669e-05
35.376127796836286 9.648913986194295e-06
35.48048215611899 8.6195153095477e-06
35.5848365154017 7.894121025432151e-06
35.6891908746844 8.068367553783482e-06
35.7935452339671 9.000613779759153e-06
35.897899593249804 1.0077648775486866e-05
36.002253952532506 1.1497763226717387e-05
36.10660831181521 1.3010270550603504e-05
36.21096267109791 1.394257557782108e-05
36.31531703038061 1.431827972608683e-05
36.419671389663314 1.422675449066611e-05
36.524025748946016 1.375745798399336e-05
36.62838010822872 1.3047051716430548e-05
36.73273446751143 1.2307590474080253e-05
36.83708882679413 1.1677182901125789e-05
36.94144318607683 1.0863255004857334e-05
37.045797545359534 1.0076388130749867e-05
37.150151904642236 9.612845130691726e-06
37.254506263924945 9.145635783093666e-06
37.35886062320765 8.837016531895141e-06
37.46321498249035 8.888992020487115e-06
37.567569341773044 9.148304889906873e-06
37.671923701055746 9.522043428515444e-06
37.77627806033845 9.821948793518616e-06
37.88063241962116 1.0004273695264146e-05
37.98498677890386 9.904312272818855e-06
38.08934113818656 9.392980486507434e-06
38.193695497469264 8.952442331269896e-06
38.298049856751966 8.707951004052386e-06
38.402404216034675 8.585219618587137e-06
38.50675857531738 8.86286461894533e-06
38.61111293460008 9.517300396470916e-06
38.71546729388278 1.0397147793380723e-05
38.819821653165484 1.125458164042526e-05
38.924176012448186 1.17661807107064e-05
39.02853037173089 1.1994243444216042e-05
39.13288473101359 1.1697406403637743e-05
39.23723909029629 1.0824889714576793e-05
39.341593449578994 9.835238729312816e-06
39.445947808861696 8.854337028659835e-06
39.550302168144405 7.95898222547199e-06
39.65465652742711 7.205396230379685e-06
39.75901088670981 6.662026018992187e-06
39.86336524599251 6.452993593357967e-06
39.967719605275214 6.371490314875335e-06
40.072073964557916 6.456078946644228e-06
40.176428323840625 6.945755635882363e-06
40.28078268312333 7.65153145268555e-06
40.38513704240603 8.499386738399376e-06
40.48949140168873 9.523489441789774e-06
40.59384576097143 1.0542865981606936e-05
40.698200120254135 1.1289227232774223e-05
40.80255447953684 1.1455164713569772e-05
40.90690883881954 1.1174565739533764e-05
41.01126319810224 1.0513358449914364e-05
41.115617557384944 9.384235554815176e-06
41.21997191666765 8.288306319680337e-06
41.324326275950355 7.462330169766021e-06
41.42868063523306 6.84983572062983e-06
41.53303499451576 6.594019197262641e-06
41.63738935379846 6.6629723429424294e-06
41.74174371308116 6.91271195169249e-06
41.84609807236387 7.177066247113633e-06
41.950452431646575 7.404644926261613e-06
42.05480679092928 7.654171694786982e-06
42.15916115021197 7.695954147713286e-06
42.263515509494674 7.63220218949863e-06
42.36786986877738 7.744436310681214e-06
42.472224228060085 7.803855985817766e-06
42.57657858734279 7.823731725780322e-06
42.68093294662549 8.013874000671103e-06
42.78528730590819 8.242160859771512e-06
42.889641665190894 8.319370424340814e-06
42.9939960244736 8.25248612663732e-06
43.098350383756305 8.313403659257832e-06
43.20270474303901 8.373646154619042e-06
43.30705910232171 8.170194532860393e-06
43.41141346160441 8.051460920412626e-06
43.51576782088712 7.995048923713158e-06
43.620122180169815 7.637002336434404e-06
43.72447653945252 7.138314723321929e-06
43.82883089873522 6.686043111267162e-06
43.93318525801792 6.214169318983548e-06
44.037539617300624 5.662250476845701e-06
44.14189397658333 5.3023379843021584e-06
44.246248335866035 5.389105340768395e-06
44.35060269514874 5.683882277028754e-06
44.45495705443144 6.176029251122098e-06
44.55931141371414 7.0615089134833675e-06
44.66366577299685 7.986112339392003e-06
44.76802013227955 8.639684812330545e-06
44.872374491562255 9.05988768124641e-06
44.97672885084496 9.21302975540472e-06
45.08108321012766 8.955325906738157e-06
45.18543756941036 8.30310090440759e-06
45.28979192869306 7.65972443308575e-06
45.394146287975765 7.09149979588647e-06
45.49850064725847 6.500072251537332e-06
45.60285500654117 6.184589187248446e-06
45.70720936582387 6.12357015643653e-06
45.81156372510658 6.048532008905537e-06
45.91591808438928 5.998026479656815e-06
46.020272443671985 6.0580854270286766e-06
46.12462680295469 6.14456881574869e-06
46.22898116223739 6.089843130749282e-06
46.3333355215201 6.040044018280391e-06
46.4376898808028 6.146364204662175e-06
46.5420442400855 6.149175883690809e-06
46.646398599368204 6.131658733985298e-06
46.7507529586509 6.349402200104868e-06
46.8551073179336 6.581501908398315e-06
46.95946167721631 6.691823851873552e-06
47.06381603649901 6.827170315867715e-06
47.168170395781715 7.057948128980541e-06
47.27252475506442 7.191682037955861e-06
47.37687911434712 7.128806607591228e-06
47.48123347362983 7.1664953945872995e-06
47.58558783291253 7.224845285115047e-06
47.68994219219523 7.028033358367986e-06
47.794296551477935 6.793632238351178e-06
47.89865091076064 6.617024946488527e-06
48.00300527004334 6.3365717614719515e-06
48.10735962932605 5.927575987611448e-06
48.21171398860874 5.550504592919789e-06
48.316068347891445 5.305668287420358e-06
48.42042270717415 5.040705396981276e-06
48.52477706645685 4.853032730393592e-06
48.62913142573956 4.9437954095296935e-06
48.73348578502226 5.162077392435495e-06
48.83784014430496 5.45989287362793e-06
48.942194503587665 5.914236891916983e-06
49.04654886287037 6.379142891475066e-06
49.15090322215307 6.678052438447068e-06
49.25525758143578 6.772657173771127e-06
49.35961194071848 6.770536050950805e-06
49.46396630000118 6.629510180069822e-06
49.568320659283884 6.316214128572318e-06
49.672675018566586 6.097954621133005e-06
49.77702937784929 5.996654475690915e-06
49.88138373713199 5.914951305572327e-06
49.98573809641469 5.964804941570802e-06
50.090092455697395 6.159538756949251e-06
50.1944468149801 6.363787896462636e-06
50.2988011742628 6.413284679605703e-06
50.40315553354551 6.350929866360585e-06
50.50750989282821 6.245094751963112e-06
50.61186425211091 5.92771930230905e-06
50.716218611393614 5.499623234802162e-06
50.82057297067632 5.166775856723063e-06
50.924927329959026 4.889464581011616e-06
51.02928168924173 4.67403137771825e-06
51.13363604852443 4.613474426448624e-06
51.23799040780713 4.765855346285844e-06
51.342344767089834 5.023202802836336e-06
51.446699126372536 5.255599022928448e-06
51.55105348565524 5.541328771851059e-06
51.65540784493794 5.81183109277631e-06
51.75976220422064 5.925575883698199e-06
51.864116563503345 5.972851907347405e-06
51.96847092278605 5.98540326658292e-06
52.072825282068756 5.956206018146856e-06
52.17717964135146 5.895703427118774e-06
52.28153400063416 5.8607630423680285e-06
52.38588835991686 5.939455947533753e-06
52.490242719199564 6.0365717934652206e-06
52.59459707848227 6.128930481086589e-06
52.698951437764975 6.238326032216582e-06
52.80330579704767 6.256944257866047e-06
52.90766015633037 6.177897941915685e-06
53.012014515613075 5.989490701613835e-06
53.11636887489578 5.691567431191858e-06
53.220723234178486 5.3293365826089674e-06
53.32507759346119 4.9245630644014395e-06
53.42943195274389 4.59192701881372e-06
53.53378631202659 4.356756137295763e-06
53.638140671309294 4.208391601915504e-06
53.742495030592 4.206787445081109e-06
53.846849389874706 4.302596032861637e-06
53.95120374915741 4.459764783541767e-06
54.05555810844011 4.671031946406748e-06
54.15991246772281 4.892079865362957e-06
54.264266827005514 5.117960831352123e-06
54.368621186288216 5.2819289040945255e-06
54.47297554557092 5.392389872966234e-06
54.57732990485362 5.515965074919294e-06
54.68168426413632 5.617466227685517e-06
54.786038623419024 5.722779298349378e-06
54.89039298270173 5.829451575030228e-06
54.99474734198443 5.9250899128420965e-06
55.09910170126713 6.024373777382487e-06
55.20345606054985 6.052936012599155e-06
55.30781041983255 6.0393545632673056e-06
55.41216477911525 5.9969034697270074e-06
55.51651913839795 5.865612416165606e-06
55.620873497680655 5.660736965401007e-06
55.72522785696336 5.398181348583517e-06
55.82958221624606 5.157743047092628e-06
55.93393657552876 4.941583487841826e-06
56.03829093481146 4.699374436335535e-06
56.14264529409416 4.514381884127878e-06
56.24699965337686 4.391505504478512e-06
56.35135401265958 4.291907945699458e-06
56.45570837194228 4.229688370276739e-06
56.56006273122498 4.219193298962866e-06
56.66441709050768 4.270784447919922e-06
56.768771449790385 4.306456846020022e-06
56.87312580907309 4.327967719681947e-06
56.97748016835579 4.414917551708535e-06
57.08183452763849 4.50382151512917e-06
57.186188886921194 4.580637332425059e-06
57.290543246203896 4.696519095455513e-06
57.3948976054866 4.845030206474e-06
57.49925196476931 5.0152433763044606e-06
57.60360632405201 5.186700247421772e-06
57.70796068333471 5.411483877321164e-06
57.81231504261741 5.659465019894561e-06
57.916669401900116 5.820396420880691e-06
58.02102376118282 5.941078807277084e-06
58.12537812046552 6.014085150729336e-06
58.22973247974822 5.9851258550036295e-06
58.334086839030924 5.873418852925551e-06
58.438441198313626 5.7139274670466896e-06
58.54279555759633 5.53887898909072e-06
58.647149916879044 5.295661901097209e-06
58.75150427616175 5.041201500091912e-06
58.85585863544444 4.865743381617857e-06
58.960212994727144 4.6796343673670345e-06
59.064567354009846 4.465757607730532e-06
59.16892171329255 4.282592255636319e-06
59.27327607257525 4.1310094355019275e-06
59.37763043185795 3.966762605591869e-06
59.481984791140654 3.7879414862861698e-06
59.586339150423356 3.698504618016919e-06
59.69069350970607 3.6717612675617628e-06
59.795047868988775 3.6292750028445336e-06
59.89940222827148 3.6641670246581724e-06
60.00375658755418 3.805189704880139e-06
60.10811094683688 3.970194291187274e-06
60.21246530611958 4.131085206620478e-06
60.316819665402285 4.33180389004899e-06
60.42117402468499 4.579542665460209e-06
60.52552838396769 4.760900294161895e-06
60.629882743250384 4.898913615763493e-06
60.734237102533086 5.096207604306501e-06
60.8385914618158 5.26699126188909e-06
60.942945821098505 5.372683831945902e-06
61.04730018038121 5.479418963259948e-06
61.15165453966391 5.615683125348203e-06
61.25600889894661 5.723500626995359e-06
61.36036325822931 5.749408309083379e-06
61.464717617512015 5.7874582923752135e-06
61.56907197679472 5.810805296547352e-06
61.67342633607742 5.71948249165717e-06
61.77778069536012 5.579009081034421e-06
61.88213505464282 5.4265141561958964e-06
61.98648941392553 5.2250398239594335e-06
62.090843773208235 4.944045566670086e-06
62.19519813249094 4.65466031026012e-06
62.29955249177364 4.417240300612331e-06
62.40390685105634 4.148225160287479e-06
62.50826121033904 3.880556339696946e-06
62.612615569621745 3.698810572320825e-06
62.71696992890445 3.5542728997676038e-06
62.82132428818715 3.408310969686765e-06
62.92567864746985 3.297338982073543e-06
63.030033006752554 3.269102231422474e-06
63.13438736603527 3.2641419542825797e-06
63.23874172531797 3.2383995685199176e-06
63.343096084600674 3.288010041100011e-06
63.44745044388337 3.4023082099675615e-06
63.55180480316607 3.501867133107958e-06
63.65615916244877 3.632334623921833e-06
63.760513521731475 3.840713997478789e-06
63.86486788101418 4.089762540606541e-06
63.96922224029688 4.3095597746792e-06
64.07357659957958 4.540247659401546e-06
64.17793095886229 4.829905527769972e-06
64.282285318145 5.067086545881642e-06
64.3866396774277 5.236797759634218e-06
64.4909940367104 5.413446070536605e-06
64.5953483959931 5.579296817865791e-06
64.69970275527581 5.691089988128768e-06
64.8040571145585 5.75119789438945e-06
64.90841147384121 5.838558164868847e-06
65.01276583312391 5.917511426093762e-06
65.11712019240662 5.911412635099537e-06
65.22147455168931 5.884279967529603e-06
65.32582891097202 5.836726969459583e-06
65.43018327025473 5.718016820291343e-06
65.53453762953744 5.517846195810866e-06
65.63889198882013 5.2817050704734335e-06
65.74324634810284 5.044628921040488e-06
65.84760070738554 4.752460595072491e-06
65.95195506666823 4.451298877053052e-06
66.05630942595094 4.203779056536369e-06
66.16066378523364 3.968145771887527e-06
66.26501814451635 3.7347647548135104e-06
66.36937250379904 3.525579778604951e-06
66.47372686308175 3.3611021716051778e-06
66.57808122236446 3.2017605650263275e-06
66.68243558164717 3.0255656815944518e-06
66.78678994092986 2.8992841091053482e-06
66.89114430021257 2.8126055290939872e-06
66.99549865949527 2.7314107574834963e-06
67.09985301877798 2.6923597687380456e-06
67.20420737806067 2.7182578745937703e-06
67.30856173734338 2.796384293067931e-06
67.41291609662608 2.894450397529157e-06
67.51727045590879 3.0332721085016653e-06
67.62162481519148 3.235372099843717e-06
67.72597917447419 3.4403361252619928e-06
67.8303335337569 3.6456519969143225e-06
67.9346878930396 3.881616719470732e-06
68.0390422523223 4.133198488012101e-06
68.143396611605 4.385578154031517e-06
68.24775097088771 4.6284588389748864e-06
68.3521053301704 4.897409888996618e-06
68.45645968945311 5.177152270887919e-06
68.5608140487358 5.423676893639799e-06
68.66516840801852 5.661452980668713e-06
68.76952276730121 5.874354639317232e-06
68.87387712658392 6.049643804544705e-06
68.97823148586663 6.176736751546966e-06
69.08258584514932 6.251980680194062e-06
69.18694020443203 6.302951020775599e-06
69.29129456371473 6.304519069606161e-06
69.39564892299744 6.278055487989475e-06
69.50000328228013 6.240857752848319e-06
69.60435764156284 6.17697661994935e-06
69.70871200084554 6.10324529355986e-06
69.81306636012825 6.001399197700461e-06
69.91742071941096 5.877481997678311e-06
70.02177507869366 5.7173761248515035e-06
70.12612943797636 5.502506781428292e-06
70.23048379725907 5.260510847385521e-06
70.33483815654176 4.9791314422487175e-06
70.43919251582446 4.6759429752375895e-06
70.54354687510717 4.367419976212409e-06
70.64790123438986 4.059811351324529e-06
70.75225559367257 3.779559189403566e-06
70.85660995295527 3.511791820853504e-06
70.96096431223798 3.263028660520341e-06
71.06531867152069 3.036191592013078e-06
71.1696730308034 2.8238545069889924e-06
71.27402739008609 2.635751380025182e-06
71.3783817493688 2.4555917430589425e-06
71.4827361086515 2.2981458713051272e-06
71.5870904679342 2.179129443869078e-06
71.6914448272169 2.0853178231798523e-06
71.79579918649961 2.02236988523789e-06
71.9001535457823 1.9939309864925683e-06
72.00450790506501 2.0099422226301714e-06
72.1088622643477 2.060644281080464e-06
72.21321662363042 2.1267847007507546e-06
72.31757098291313 2.234603441053612e-06
72.42192534219582 2.3799728395340995e-06
72.52627970147853 2.5381653925819844e-06
72.63063406076122 2.7172082437375895e-06
72.73498842004393 2.928464383020217e-06
72.83934277932663 3.1776387705855697e-06
72.94369713860934 3.4345897346316858e-06
73.04805149789203 3.705761028267941e-06
73.15240585717474 4.025627119202808e-06
73.25676021645744 4.355807088279306e-06
73.36111457574015 4.675778514745633e-06
73.46546893502286 4.994313907710701e-06
73.56982329430555 5.319350708114207e-06
73.67417765358826 5.629954055737309e-06
73.77853201287095 5.891594210885403e-06
73.88288637215366 6.156369662610222e-06
73.98724073143636 6.432685440445543e-06
74.09159509071907 6.6864304706479445e-06
74.19594945000176 6.935961368407731e-06
74.30030380928447 7.200148724401645e-06
74.40465816856717 7.482871586603418e-06
74.50901252784989 7.727414116635986e-06
74.61336688713259 7.939082676804706e-06
74.7177212464153 8.158447340342407e-06
74.82207560569799 8.330113129062677e-06
74.9264299649807 8.438494012811123e-06
75.0307843242634 8.51477978802296e-06
75.13513868354609 8.596655343643871e-06
75.2394930428288 8.656736667781333e-06
75.34384740211149 8.660455331809299e-06
75.4482017613942 8.68658695394564e-06
75.5525561206769 8.734044168104446e-06
75.65691047995962 8.739284153886331e-06
75.76126483924232 8.693677696959722e-06
75.86561919852502 8.638838562218578e-06
75.96997355780772 8.593317911375506e-06
76.07432791709043 8.475459049730065e-06
76.17868227637312 8.307129056693438e-06
76.28303663565583 8.167622553717584e-06
76.38739099493853 8.032552965022743e-06
76.49174535422124 7.859559386941318e-06
76.59609971350393 7.654398753908893e-06
76.70045407278664 7.485066214823074e-06
76.80480843206935 7.320697126652032e-06
76.90916279135205 7.096283676206473e-06
77.01351715063475 6.866221089119902e-06
77.11787150991745 6.66466563816408e-06
77.22222586920016 6.468692169150072e-06
77.32658022848285 6.240064054955018e-06
77.43093458776556 6.014935849468159e-06
77.53528894704826 5.8357132408867025e-06
77.63964330633097 5.6385740428505974e-06
77.74399766561366 5.4102225172040245e-06
77.84835202489637 5.187019574306867e-06
77.95270638417908 4.9765159605737225e-06
78.05706074346178 4.746530629258622e-06
78.16141510274448 4.484941665684311e-06
78.26576946202718 4.25401219771565e-06
78.37012382130989 4.049074414132914e-06
78.47447818059258 3.834301224304913e-06
78.5788325398753 3.6289842263822224e-06
78.68318689915799 3.4556259000967823e-06
78.7875412584407 3.3036083601797394e-06
78.89189561772339 3.1257071033014167e-06
78.9962499770061 2.9410755450283343e-06
79.10060433628881 2.78265145911502e-06
79.20495869557152 2.6191040527401454e-06
79.30931305485421 2.4405907097908565e-06
79.41366741413692 2.2714203603653513e-06
79.51802177341962 2.138363558536889e-06
79.62237613270231 2.016165249660318e-06
79.72673049198502 1.8808959045063822e-06
79.83108485126772 1.7653130602710277e-06
79.93543921055043 1.670697144762855e-06
80.03979356983312 1.5714947228100655e-06
80.14414792911583 1.458142777397461e-06
80.24850228839854 1.3528193508724542e-06
80.35285664768125 1.2675755996588822e-06
80.45721100696395 1.1731784575325844e-06
80.56156536624665 1.0740016309962823e-06
80.66591972552935 9.90843653347608e-07
80.77027408481206 9.204915061315528e-07
80.87462844409475 8.491847328711275e-07
80.97898280337746 7.744051286194307e-07
81.08333716266016 7.154592240379429e-07
81.18769152194287 6.652243076616605e-07
81.29204588122558 6.10089648075929e-07
81.39640024050827 5.590540533785134e-07
81.50075459979098 5.179188252602782e-07
81.60510895907368 4.836861090256357e-07
81.70946331835638 4.4573644932525155e-07
81.81381767763908 4.1030690113930426e-07
81.91817203692179 3.836454173802946e-07
82.02252639620448 3.5419382040532804e-07
82.12688075548719 3.210531783413482e-07
82.23123511476989 2.895171565249738e-07
82.3355894740526 2.6316234381262293e-07
82.4399438333353 2.3722101195475438e-07
82.544298192618 2.1004164711421674e-07
82.64865255190071 1.908629515877273e-07
82.7530069111834 1.7695805428494045e-07
82.85736127046611 1.6283948933589332e-07
82.96171562974881 1.4842279642990433e-07
83.06606998903152 1.3631677510386103e-07
83.17042434831421 1.2645954923118567e-07
83.27477870759692 1.1260609426807229e-07
83.37913306687962 9.817407228005616e-08
83.48348742616233 8.741090392117602e-08
83.58784178544504 7.838372870505084e-08
83.69219614472775 6.997441417366765e-08
83.79655050401044 6.2404579099397e-08
83.90090486329315 5.8626760514501566e-08
84.00525922257584 5.618679405186514e-08
84.10961358185855 5.216626351923474e-08
84.21396794114125 4.81982910728736e-08
84.31832230042394 4.4404150141026936e-08
84.42267665970665 4.050489395328215e-08
84.52703101898935 3.517381660515107e-08
84.63138537827206 2.9781588269714014e-08
84.73573973755477 2.5912572030204392e-08
84.84009409683748 2.2214095329545236e-08
84.94444845612017 1.9134174015449296e-08
85.04880281540288 1.666040976923264e-08
85.15315717468557 1.488835956432293e-08
85.25751153396828 1.3578235370165785e-08
85.36186589325098 1.2025229261859573e-08
85.46622025253369 1.0945321467322034e-08
85.57057461181638 9.93309985692412e-09
85.67492897109909 9.102947321030877e-09
85.77928333038179 8.562891398321846e-09
85.8836376896645 7.987855660100125e-09
85.9879920489472 7.651813726788229e-09
86.0923464082299 7.067910028298386e-09
86.19670076751261 6.457990365570086e-09
86.3010551267953 5.767208926044077e-09
86.40540948607801 4.791954762479644e-09
86.50976384536071 3.9854724659922375e-09
86.61411820464342 3.1555048712252146e-09
86.71847256392611 2.5270208595725754e-09
86.82282692320882 2.1364865350623735e-09
86.92718128249152 1.882387863373132e-09
87.03153564177424 1.835995620526167e-09
87.13589000105694 1.7121163990979777e-09
87.24024436033963 1.6774656145936339e-09
87.34459871962234 1.580758510754207e-09
87.44895307890503 1.2802148857694054e-09
87.55330743818774 1.0008638796762619e-09
87.65766179747044 7.480055984007452e-10
87.76201615675315 5.932723486205607e-10
87.86637051603584 4.491799243371818e-10
87.97072487531855 4.055329601165836e-10
88.07507923460125 5.6072280379654e-10
88.17943359388397 7.568622444447009e-10
88.28378795316667 8.605866153977099e-10
88.38814231244938 8.128933063553097e-10
88.49249667173207 8.858773933429328e-10
88.59685103101478 8.740214061025012e-10
88.70120539029747 5.57232535033566e-10
88.80555974958018 3.975536281973918e-10
88.90991410886288 3.373634892940148e-10
89.01426846814557 1.5548322338311495e-10
89.11862282742828 3.7562097889500225e-11
89.22297718671098 1.3240878522745367e-11
89.3273315459937 9.816881650893312e-12
89.4316859052764 3.1066742927533436e-11
89.5360402645591 6.31360206990353e-11
89.6403946238418 5.050292738044978e-11
89.74474898312451 1.1042859494652552e-10
89.8491033424072 2.1820728642361523e-10
89.95345770168991 1.8298080930301928e-10
90.05781206097261 1.9260690815177487e-10
90.16216642025532 3.0907731184376934e-10
90.26652077953801 2.829873207230896e-10
90.37087513882072 2.0678646210980197e-10
90.47522949810343 2.432490726025188e-10
90.57958385738613 2.1116660496590259e-10
90.68393821666884 9.905653508013993e-11
90.78829257595153 9.994057350719611e-11
90.89264693523424 8.290902799720146e-11
90.99700129451693 2.976938939576821e-11
91.10135565379964 7.947746970606629e-11
91.20571001308234 6.574721555250958e-11
91.31006437236505 4.5098121026348584e-11
91.41441873164774 1.188310939243464e-10
91.51877309093047 8.295259887724824e-11
91.62312745021316 4.159315921837282e-11
91.72748180949586 9.047410276286069e-11
91.83183616877857 4.8776098368762586e-11
91.93619052806126 3.883220030170459e-12
92.04054488734397 2.2804066992639327e-11
92.14489924662666 4.882125640143037e-12
92.24925360590937 1.5909658840708915e-11
92.35360796519207 2.618043264943757e-11
92.45796232447478 5.63117698839494e-12
92.56231668375747 5.924282527119475e-11
92.6666710430402 6.482902878185558e-11
92.77102540232289 1.7057744442113562e-11
92.8753797616056 7.412589275189452e-11
92.9797341208883 7.603155289615628e-11
93.084088480171 1.5748125519236648e-11
93.1884428394537 6.615628573200645e-11
93.29279719873641 7.288877524664818e-11
93.3971515580191 1.6728749105734166e-11
93.5015059173018 6.686270297237973e-11
93.60586027658451 8.755679117720919e-11
93.7102146358672 2.5981349758673456e-11
93.81456899514993 7.329372664239951e-11
93.91892335443262 1.2015801258136773e-10
94.02327771371533 5.130302434820314e-11
94.12763207299803 9.49733461262512e-11
94.23198643228073 1.7481622024225405e-10
94.33634079156343 9.793450263061523e-11
94.44069515084614 1.3563055683208444e-10
94.54504951012883 2.4364615636365027e-10
94.64940386941154 1.5605974481396132e-10
94.75375822869424 1.877242151935299e-10
94.85811258797695 3.177041062971183e-10
94.96246694725966 2.1423018605957513e-10
95.06682130654235 2.3803818234263996e-10
95.17117566582506 3.846316165673018e-10
95.27553002510776 2.6406641706568573e-10
95.37988438439046 2.726735905673358e-10
95.48423874367316 4.2588972612928215e-10
95.58859310295587 2.9262543998253166e-10
95.69294746223856 2.7272078483000776e-10
95.79730182152127 4.1621688259109084e-10
95.90165618080397 2.8282096598572345e-10
96.00601054008668 2.2935792926429463e-10
96.11036489936939 3.5228087514531756e-10
96.2147192586521 2.4363206490356874e-10
96.31907361793479 1.7081124755056814e-10
96.42342797721749 2.725136533301767e-10
96.5277823365002 2.049686233779878e-10
96.63213669578289 1.254748516400478e-10
96.7364910550656 2.0548086863098408e-10
96.8408454143483 1.8275974184371442e-10
96.945199773631 1.04758024141729e-10
97.0495541329137 1.6498363255292693e-10
97.15390849219641 1.8230060699382543e-10
97.25826285147912 1.1017557521922394e-10
97.36261721076183 1.5257497519637162e-10
97.46697157004452 1.9534914865653483e-10
97.57132592932723 1.2848209487004396e-10
97.67568028860993 1.560551468264411e-10
97.78003464789263 2.0776105418281239e-10
97.88438900717533 1.4142041626503893e-10
97.98874336645804 1.556159782019996e-10
98.09309772574073 2.0270463681252674e-10
98.19745208502343 1.3441539169652753e-10
98.30180644430614 1.3898085246787713e-10
98.40616080358885 1.7750500437469245e-10
98.51051516287156 1.1081135871519783e-10
98.61486952215425 1.0950032488890865e-10
98.71922388143696 1.406462707433813e-10
98.82357824071966 7.914043160607796e-11
98.92793260000236 7.117264902921614e-11
99.03228695928506 9.781878239646384e-11
99.13664131856777 4.9355064185850034e-11
99.24099567785046 3.657092271554563e-11
99.34535003713317 6.163900889508856e-11
99.44970439641587 3.202443296151187e-11
99.55405875569858 1.6493120357798354e-11
99.65841311498129 4.0750911752115146e-11
99.76276747426398 3.1351990818328066e-11
99.86712183354669 1.5287696207256656e-11
99.97147619282939 3.6234655369465435e-11
100.0758305521121 4.232094627317981e-11
100.18018491139479 2.7241118327100773e-11
100.2845392706775 4.0922989762986756e-11
100.3888936299602 5.357858223501419e-11
100.4932479892429 4.1110336716995626e-11
100.5976023485256 4.7482414702949805e-11
100.70195670780832 5.949464919877907e-11
100.80631106709102 5.0500841072311154e-11
100.91066542637373 5.043125956569105e-11
101.01501978565642 5.674458299437015e-11
101.11937414493912 5.1084952743510475e-11
101.22372850422182 4.62017194272922e-11
101.32808286350452 4.5102491412056986e-11
101.43243722278723 4.19780003072005e-11
101.53679158206992 3.5087743683126586e-11
101.64114594135263 2.8971230851538274e-11
101.74550030063534 2.791692162880301e-11
101.84985465991805 2.2352317932952267e-11
101.95420901920075 1.584326464688038e-11
102.05856337848346 1.6477476477320415e-11
102.16291773776615 1.3569282197058658e-11
102.26727209704886 9.664398460898232e-12
102.37162645633155 1.1421938368465882e-11
102.47598081561426 1.1479895129912784e-11
102.58033517489696 1.1003262684307975e-11
102.68468953417967 1.3926088801585447e-11
102.78904389346236 1.6082737372669314e-11
102.89339825274507 1.7174572683465348e-11
102.99775261202778 2.1211299931773537e-11
103.10210697131048 2.4577997144140485e-11
103.20646133059319 2.4405463302582443e-11
103.31081568987588 2.925994274837958e-11
103.41517004915859 3.2479638121048213e-11
103.51952440844128 2.7610444934946107e-11
103.623878767724 3.242262964237289e-11
103.72823312700669 3.480672553755944e-11
103.8325874862894 2.444568727296458e-11
103.9369418455721 3.01238941234714e-11
104.0412962048548 3.1990947642487093e-11
104.14565056413751 1.7139626531241655e-11
104.2500049234202 2.3700276478595177e-11
104.35435928270292 2.5094916909256354e-11
104.45871364198561 9.328738903340914e-12
104.56306800126832 1.7881103579920605e-11
104.66742236055102 1.875630719189636e-11
104.77177671983372 3.9432282138077945e-12
104.87613107911642 1.242129617180047e-11
104.98048543839913 1.2287194262795647e-11
105.08483979768182 8.563922243137042e-13
105.18919415696455 7.1550688263423076e-12
105.29354851624724 6.43255409740382e-12
105.39790287552995 5.958407381810984e-13
105.50225723481265 3.461375500177193e-12
105.60661159409534 2.8419254080835033e-12
105.71096595337805 2.547127360182136e-12
105.81532031266075 1.8264465791250203e-12
105.91967467194345 1.9998622010429653e-12
106.02402903122615 5.079844804901193e-12
106.12838339050886 8.13623543250953e-13
106.23273774979155 2.9344258391051957e-12
106.33709210907428 6.333712385724454e-12
106.44144646835697 1.5923563827781798e-13
106.54580082763968 5.495761661950117e-12
106.65015518692238 6.879286336870638e-12
106.75450954620509 4.751668735133469e-13
106.85886390548778 8.892083384296506e-12
106.96321826477049 6.478020104081183e-12
107.06757262405318 2.069480618480708e-12
107.1719269833359 1.1910608021539232e-11
107.27628134261859 4.753192300778306e-12
107.38063570190128 4.77910179605389e-12
107.484990061184 1.3532998679222246e-11
107.5893444204667 2.3283777828685836e-12
107.69369877974941 9.53289507855703e-12
107.7980531390321 1.5275612869288356e-11
107.90240749831482 8.311068965132855e-13
108.00676185759751 1.4932262281550998e-11
108.11111621688022 1.5926805395870173e-11
108.21547057616291 3.1349275314639263e-13
108.31982493544562 1.9191570728326664e-11
108.42417929472832 1.4747652156334718e-11
108.52853365401103 3.5157970592800246e-13
108.63288801329374 2.0672394350204132e-11
108.73724237257643 1.1515232431242013e-11
108.84159673185914 1.0928674922552195e-12
108.94595109114184 2.0024732829099258e-11
109.05030545042455 7.485008044694055e-12
109.15465980970724 2.6297456717405094e-12
109.25901416898995 1.8478949291122715e-11
109.36336852827264 4.6665026298989076e-12
109.46772288755535 3.6970021128619845e-12
109.57207724683805 1.4737221551143793e-11
109.67643160612076 2.6268500430686097e-12
109.78078596540345 4.015301952580745e-12
109.88514032468616 9.595404245487466e-12
109.98949468396886 1.8676344611205785e-12
110.09384904325157 4.0784270170137904e-12
110.19820340253426 5.227746579718077e-12
110.30255776181698 2.6417802400415506e-12
110.4069121210997 4.021530761173667e-12
110.51126648038239 3.25254727279569e-12
110.6156208396651 4.467349577395941e-12
110.7199751989478 3.069542633509917e-12
110.8243295582305 3.525286891213953e-12
110.9286839175132 6.759470064383952e-12
111.0330382767959 1.627325581607962e-12
111.1373926360786 6.192035780820372e-12
111.24174699536131 9.375605254263795e-12
111.346101354644 4.893640045417901e-13
111.45045571392671 1.036472832882861e-11
111.55481007320941 1.1621541554373544e-11
111.65916443249212 9.526037615933522e-14
111.76351879177481 1.418310647251239e-11
111.86787315105752 1.1873269361371346e-11
111.97222751034022 1.459361582675293e-13
112.07658186962291 1.694095298096821e-11
112.18093622890562 1.020103657671665e-11
112.28529058818832 8.635367280129479e-13
112.38964494747103 1.903351967835462e-11
112.49399930675372 8.307339576056251e-12
112.59835366603646 2.0952093655547355e-12
112.70270802531915 1.9054514252424856e-11
112.80706238460186 5.959704298444297e-12
112.91141674388456 3.2491259152310543e-12
113.01577110316725 1.7054184985566258e-11
113.12012546244996 3.698885975188433e-12
113.22447982173266 3.77199238120389e-12
113.32883418101537 1.277252726275211e-11
113.43318854029806 1.4837342730994441e-12
113.53754289958077 4.081376082808091e-12
113.64189725886347 8.545667387326958e-12
113.74625161814618 3.0896939077152835e-13
113.85060597742887 3.931320810143332e-12
113.95496033671158 5.037115525173746e-12
114.05931469599427 2.2010546861315626e-14
114.16366905527698 3.069852378769358e-12
114.26802341455968 2.6754595624341654e-12
114.37237777384239 3.4179650657824335e-13
114.47673213312508 1.6417135765590124e-12
114.58108649240779 1.523963862441876e-12
114.68544085169049 1.143838554239793e-12
114.7897952109732 6.69372261668902e-13
114.89414957025592 1.9522015840650346e-12
114.99850392953861 2.0911892096930337e-12
115.10285828882132 1.2523237488021794e-13
115.20721264810402 3.275720515573144e-12
115.31156700738673 2.627327246737096e-12
115.41592136666942 2.523186548343579e-14
115.52027572595213 5.153341728739026e-12
115.62463008523483 2.991838816040109e-12
115.72898444451754 5.135361226847662e-13
115.83333880380023 7.078075268041854e-12
115.93769316308294 3.4335349382827982e-12
116.04204752236564 1.5703330099146671e-12
116.14640188164834 8.648504096907273e-12
116.25075624093104 3.9384463897319086e-12
116.35511060021375 2.4720486584852213e-12
116.45946495949644 8.530846931857026e-12
116.56381931877915 3.8583099675393886e-12
116.66817367806185 3.0629379906888713e-12
116.77252803734454 7.658539987813429e-12
116.87688239662725 3.7869858754110714e-12
116.98123675590995 3.2297394113760514e-12
117.08559111519266 6.155831078951205e-12
117.18994547447538 3.713187066897265e-12
117.29429983375809 3.0764349037061513e-12
117.39865419304078 4.533914033349326e-12
117.5030085523235 3.3598953481198746e-12
117.60736291160619 2.3098236005580585e-12
117.71171727088888 2.827770798699547e-12
117.81607163017159 2.7400297492974456e-12
117.92042598945429 1.3833425811639366e-12
118.024780348737 1.417371397582046e-12
118.12913470801969 1.7837019102066632e-12
118.2334890673024 5.049630147056148e-13
118.3378434265851 5.418770819796954e-13
118.4421977858678 9.692739228317108e-13
118.5465521451505 5.1080913655002634e-14
118.65090650443321 9.316436229752097e-14
118.7552608637159 3.097858489010798e-13
118.85961522299861 1.0304148747876165e-13
118.96396958228131 4.10903943162569e-14
119.06832394156402 2.2062815804958278e-13
119.17267830084671 7.190205762875088e-13
119.27703266012942 2.859031753153941e-13
119.38138701941214 8.294455452283003e-13
119.48574137869484 1.5641012863407618e-12
119.59009573797755 5.789900179312383e-13
119.69445009726024 2.1429857840520147e-12
119.79880445654295 2.4021844670660793e-12
119.90315881582565 9.81584991887642e-13
120.00751317510836 4.06750084556823e-12
120.11186753439105 2.941998689373737e-12
120.21622189367376 1.4678230678798426e-12
120.32057625295646 6.384165373308107e-12
120.42493061223917 3.2158447985501847e-12
120.52928497152186 2.1169561604620218e-12
120.63363933080457 8.364499827225225e-12
120.73799369008727 2.907306435592713e-12
120.84234804936997 2.7298132232311263e-12
120.94670240865267 9.546599753536713e-12
121.05105676793538 2.1244836939650498e-12
121.15541112721807 3.2411854940148782e-12
121.25976548650077 9.498424829429706e-12
121.36411984578348 1.1176387795574388e-12
121.46847420506617 3.932303877302449e-12
121.57282856434888 8.888719987930348e-12
121.6771829236316 4.060100799122506e-13
121.78153728291431 4.273458293154403e-12
121.88589164219701 7.311907333548038e-12
121.99024600147972 4.2966934181963606e-14
122.09460036076241 4.1978204800867555e-12
122.19895472004512 5.3306998220380635e-12
122.30330907932782 1.6485859667156617e-13
122.40766343861051 3.523480938094143e-12
122.51201779789322 3.3419819410322827e-12
122.61637215717592 7.890916811941026e-13
122.72072651645863 2.6764618181700613e-12
122.82508087574132 2.1571980354045243e-12
122.92943523502403 1.7460564733457619e-12
123.03378959430673 1.7439749056736913e-12
123.13814395358943 2.0370169272242943e-12
123.24249831287213 2.5902466934970105e-12
123.34685267215484 9.342733857982992e-13
123.45120703143753 3.1904286122873073e-12
123.55556139072024 3.2135347912722775e-12
123.65991575000294 4.696940625038687e-13
123.76427010928565 5.2008848568285455e-12
123.86862446856834 3.460976104370538e-12
123.97297882785107 6.759421433301299e-13
124.07733318713377 7.658214005991105e-12
124.18168754641647 3.218368261685776e-12
124.28604190569918 1.518532091237699e-12
124.39039626498187 9.732603919589327e-12
124.49475062426458 2.4174167662346164e-12
124.59910498354728 3.0088935827360917e-12
124.70345934282999 1.1244855031665459e-11
124.80781370211268 1.484551070064939e-12
124.91216806139539 4.703889734245831e-12
125.01652242067809 1.1618403225594855e-11
125.1208767799608 6.465610583260185e-13
125.22523113924349 6.329050533461974e-12
125.3295854985262 1.0890569984459625e-11
125.4339398578089 1.8541054896117414e-13
125.5382942170916 7.225997600088747e-12
125.6426485763743 8.877934392975231e-12
125.74700293565701 1.581756475909709e-13
125.8513572949397 7.599615953098893e-12
125.9557116542224 6.4913416105100064e-12
126.06006601350511 6.095190672538824e-13
126.1644203727878 7.261722973832966e-12
126.26877473207054 4.257639556945788e-12
126.37312909135323 1.318603248113879e-12
126.47748345063594 6.111456236808466e-12
126.58183780991864 2.5723085704475214e-12
126.68619216920135 2.1044664798313138e-12
126.79054652848404 4.544333759858999e-12
126.89490088776674 1.704106165666798e-12
126.99925524704945 2.727260436175641e-12
127.10360960633214 3.0385800268037366e-12
127.20796396561485 1.8289591696816918e-12
127.31231832489755 3.0078482144479786e-12
127.41667268418026 1.9684888095224615e-12
127.52102704346295 2.6601316303112124e-12
127.62538140274566 2.71724103450679e-12
127.72973576202835 1.567442358146682e-12
127.83409012131106 3.9916966812421046e-12
127.93844448059376 2.082269189208051e-12
128.04279883987647 1.8948480352881354e-12
128.14715319915916 5.3699033613881686e-12
128.25150755844186 1.2456877480593392e-12
128.35586191772458 2.863821955097567e-12
128.4602162770073 6.378477473986121e-12
128.56457063629 5.510267299492693e-13
128.6689249955727 4.153586151478758e-12
128.7732793548554 6.690932839010563e-12
128.8776337141381 9.039235901933675e-14
128.9819880734208 5.473208910212719e-12
129.0863424327035 6.365668247683228e-12
129.1906967919862 4.004833649187858e-14
129.29505115126892 6.3763167264888675e-12
129.39940551055162 5.4002438206594325e-12
129.5037598698343 3.5086278255779145e-13
129.608114229117 6.6300977474487946e-12
129.71246858839973 4.050216453412676e-12
129.81682294768243 9.019417186943075e-13
129.92117730696512 6.299365075376243e-12
130.02553166624782 2.698375021972727e-12
130.12988602553054 1.4753517799370887e-12
130.23424038481323 5.31530505323577e-12
130.33859474409593 1.4951530213826655e-12
130.44294910337862 1.864467893802004e-12
130.54730346266132 4.024933099978301e-12
130.65165782194404 6.566633811925699e-13
130.75601218122677 1.8566703573625995e-12
130.86036654050946 2.5937373187082553e-12
130.96472089979216 1.890024480444931e-13
131.06907525907488 1.5749579606339224e-12
131.17342961835757 1.4674386839244049e-12
131.27778397764027 1.3430533853333064e-13
131.38213833692296 1.0569463862919154e-12
131.4864926962057 8.014838591728438e-13
131.59084705548838 3.4589997073179126e-13
131.69520141477108 5.253539025672367e-13
131.79955577405377 7.013792388499023e-13
131.90391013333647 7.715486440548381e-13
132.0082644926192 9.364192469442667e-14
132.11261885190189 1.038032573158509e-12
132.21697321118458 1.3382251862064924e-12
132.32132757046728 2.040775195731587e-14
132.42568192975 1.6335312735093552e-12
132.5300362890327 1.9517695045685787e-12
132.6343906483154 3.275604900300148e-13
132.73874500759808 2.1925421663491197e-12
132.8430993668808 2.429730832334883e-12
132.9474537261635 9.083117014095565e-13
133.05180808544623 2.6191941481020517e-12
133.15616244472892 2.855996222616338e-12
133.26051680401162 1.5923452637643024e-12
133.36487116329434 2.7069570723089924e-12
133.46922552257703 3.118302478913223e-12
133.57357988185973 2.1754881751295505e-12
133.67793424114242 2.5234142073576932e-12
133.78228860042515 3.2349669117381555e-12
133.88664295970784 2.4015594001157517e-12
133.99099731899054 1.945086363131452e-12
134.09535167827323 2.990475053637654e-12
134.19970603755596 2.2391152801515544e-12
134.30406039683865 1.3135704973425103e-12
134.40841475612135 2.5534600710506e-12
134.51276911540404 1.7186486036292935e-12
134.61712347468676 6.842398547146586e-13
134.72147783396946 1.9172037198455307e-12
134.82583219325215 1.057064619502386e-12
134.93018655253485 2.387028726538962e-13
135.03454091181757 1.2025655330863014e-12
135.13889527110027 4.647755326662145e-13
135.24324963038296 3.957900617220371e-14
135.34760398966569 6.46224106546854e-13
135.45195834894838 2.6318737197743354e-13
135.5563127082311 7.111621297973801e-14
135.6606670675138 3.580257583031847e-13
135.7650214267965 5.282957834343679e-13
135.8693757860792 2.4258460858996086e-13
135.9737301453619 4.593929041949744e-13
136.0780845046446 1.236754865764109e-12
136.1824388639273 4.00149604728107e-13
136.28679322321 1.0002952527138558e-12
136.3911475824927 2.2764372199277603e-12
136.49550194177542 4.956176580021666e-13
136.5998563010581 1.8757794145081792e-12
136.7042106603408 3.358892236546195e-12
136.8085650196235 4.780894908212067e-13
136.91291937890622 2.8244921661900748e-12
137.01727373818892 4.0459820545799864e-12
137.1216280974716 2.9464478600527603e-13
137.2259824567543 3.665789030349745e-12
137.33033681603703 4.179803824204677e-12
137.43469117531973 9.464254319907726e-14
137.53904553460242 4.2441400975850125e-12
137.64339989388515 3.736396271531516e-12
137.74775425316784 9.247743816231397e-16
137.85210861245056 4.492516277437711e-12
137.95646297173326 2.9792811025432314e-12
138.06081733101595 1.3167739301607096e-13
138.16517169029865 4.176643300463861e-12
138.26952604958137 2.0039832364061057e-12
138.37388040886407 5.458036767622434e-13
138.47823476814676 3.472340246743758e-12
138.58258912742946 1.2148374549595153e-12
138.68694348671218 1.206240209999991e-12
138.79129784599488 2.4846595737391136e-12
138.89565220527757 8.431893730179391e-13
139.00000656456027 2.1039251580702317e-12
139.104360923843 1.6384761972770542e-12
139.20871528312568 1.1007682539498084e-12
139.31306964240838 2.880504933617941e-12
139.41742400169107 8.882058313780927e-13
139.5217783609738 1.8435683328559494e-12
139.6261327202565 3.4373870536362113e-12
139.7304870795392 4.821386682501286e-13
139.8348414388219 2.8567791966769948e-12
139.9391957981046 3.615718243732774e-12
140.04355015738733 3.619434518927624e-13
140.14790451667002 3.824860470482805e-12
140.25225887595272 3.479919732261602e-12
140.35661323523541 5.619584323426214e-13
140.46096759451814 4.375931465275374e-12
140.56532195380083 3.1208104537252743e-12
140.66967631308353 9.051060176269922e-13
140.77403067236622 4.201174754205271e-12
140.87838503164892 2.6923187013055592e-12
140.98273939093164 1.4436680642064101e-12
141.08709375021434 3.491480487763177e-12
141.19144810949703 2.527703232743753e-12
141.29580246877973 1.987713917261085e-12
141.40015682806245 2.3818558066781774e-12
141.50451118734514 2.8847738092844652e-12
141.60886554662784 2.600274088219565e-12
141.71321990591053 1.3666606409782875e-12
141.81757426519326 3.868703139288245e-12
141.92192862447595 3.074290073687689e-12
142.02628298375865 6.438625996827631e-13
142.13063734304137 5.502242212210669e-12
142.23499170232407 3.5525055268996546e-12
142.3393460616068 5.471922638630509e-13
142.44370042088948 7.514966536943752e-12
142.54805478017218 3.942086766252746e-12
142.65240913945487 1.046416798259172e-12
142.7567634987376 9.476437428417235e-12
142.8611178580203 4.150614877524861e-12
142.965472217303 1.873633404335094e-12
143.06982657658568 1.0942277760610625e-11
143.1741809358684 4.085043157629305e-12
143.2785352951511 2.7158735819878234e-12
143.3828896544338 1.1601900459499714e-11
143.4872440137165 3.7447734110268595e-12
143.59159837299921 3.194861286452898e-12
143.6959527322819 1.1576345642910735e-11
143.8003070915646 3.437163013741906e-12
143.9046614508473 3.093481922903799e-12
144.00901581013002 1.0848582079663164e-11
144.11337016941272 3.308261922799134e-12
144.2177245286954 2.4162170701820254e-12
144.3220788879781 9.86489353001514e-12
144.42643324726083 3.751610332899371e-12
144.53078760654356 1.5676784147367167e-12
144.63514196582625 9.090954759455345e-12
144.73949632510895 4.929006013616123e-12
144.84385068439164 1.0348155483004977e-12
144.94820504367436 9.162155048158701e-12
145.05255940295706 7.138371654941344e-12
145.15691376223975 1.2934230595010196e-12
145.26126812152245 1.0187513503876529e-11
145.36562248080517 1.0036928846360342e-11
145.46997684008787 2.493307774414591e-12
145.57433119937056 1.2108925531481812e-11
145.67868555865326 1.3349676049283254e-11
145.78303991793595 4.6391588462611585e-12
145.88739427721868 1.4473156582134393e-11
145.99174863650137 1.6253252214905277e-11
146.09610299578407 6.951724134078484e-12
146.20045735506676 1.6562873907271532e-11
146.30481171434948 1.8346938417021086e-11
146.40916607363218 8.974324322471931e-12
146.51352043291487 1.758342325083242e-11
146.61787479219757 1.887837078965378e-11
146.7222291514803 9.919015839290604e-12
146.82658351076302 1.7289462060302655e-11
146.9309378700457 1.8188326369739126e-11
147.0352922293284 9.897354343139455e-12
147.1396465886111 1.589455375918556e-11
147.24400094789382 1.67424837513919e-11
147.34835530717652 9.118489648737739e-12
147.4527096664592 1.4034158628481023e-11
147.5570640257419 1.57282422932888e-11
147.66141838502463 8.695821673467705e-12
147.76577274430733 1.2496302674314007e-11
147.87012710359002 1.5513551558484375e-11
147.97448146287272 9.090896351163164e-12
148.07883582215544 1.2008827363261257e-11
148.18319018143814 1.6728011549410492e-11
148.28754454072083 1.1108707065706807e-11
148.39189890000353 1.3101372005357223e-11
148.49625325928625 1.9068018322563828e-11
148.60060761856894 1.4398196128792182e-11
148.70496197785164 1.543380125428943e-11
148.80931633713433 2.1839149557073697e-11
148.91367069641706 1.8410202218734004e-11
149.01802505569978 1.8448878092141545e-11
149.12237941498248 2.3858125048824215e-11
149.22673377426517 2.1572504771257882e-11
149.33108813354787 2.0874908394940738e-11
149.4354424928306 2.4307765331715782e-11
149.53979685211328 2.312161903720693e-11
149.64415121139598 2.2143682118045216e-11
149.74850557067867 2.2742333269382905e-11
149.8528599299614 2.2101382385597034e-11
149.9572142892441 2.166267963908602e-11
150.0615686485268 1.9877778328212524e-11
150.16592300780948 1.959576699418703e-11
150.27027736709218 2.0587480880131548e-11
150.3746317263749 1.7143733519555246e-11
150.4789860856576 1.6632394190444168e-11
150.5833404449403 1.9757681700545817e-11
150.68769480422299 1.601942160468383e-11
150.7920491635057 1.4968725292799747e-11
150.8964035227884 2.0423296863866204e-11
151.0007578820711 1.7258211462039495e-11
151.1051122413538 1.5182162038101387e-11
151.20946660063652 2.2595933904533893e-11
151.31382095991924 2.0388590701073158e-11
151.41817531920194 1.711923991678038e-11
151.52252967848463 2.605877280752059e-11
151.62688403776733 2.4460576690938368e-11
151.73123839705005 1.9411941564920056e-11
151.83559275633274 2.9067389941875675e-11
151.93994711561544 2.767222824816441e-11
152.04430147489813 2.0766169800774857e-11
152.14865583418086 3.068312118704957e-11
152.25301019346355 2.9179181172001896e-11
152.35736455274625 2.0241630026337318e-11
152.46171891202894 2.990729734970137e-11
152.56607327131167 2.8578799908191458e-11
152.67042763059436 1.779847302269527e-11
152.77478198987706 2.691958376227153e-11
152.87913634915975 2.6886738873993992e-11
152.98349070844247 1.4696009574129343e-11
153.08784506772517 2.2481243286213856e-11
153.19219942700786 2.4983581567885417e-11
153.29655378629056 1.2357892275873789e-11
153.40090814557328 1.8297783258220795e-11
153.505262504856 2.4334348470809906e-11
153.6096168641387 1.1939272990072227e-11
153.7139712234214 1.5228222045811e-11
153.8183255827041 2.5041359409280467e-11
153.92267994198681 1.3396336521762684e-11
154.0270343012695 1.3555163417286848e-11
154.1313886605522 2.67671655510263e-11
154.2357430198349 1.6102929772794714e-11
154.34009737911762 1.2852604944549616e-11
154.44445173840032 2.81822475469226e-11
154.548806097683 1.8435149892808503e-11
154.6531604569657 1.2271974840006057e-11
154.7575148162484 2.8445781236223477e-11
154.86186917553113 1.9457387183524447e-11
154.96622353481382 1.1084212682322681e-11
155.07057789409652 2.6817853479156896e-11
155.1749322533792 1.8576186063386192e-11
155.27928661266193 9.135596034161235e-12
155.38364097194463 2.367576608110631e-11
155.48799533122732 1.636709684477168e-11
155.59234969051002 6.686207323335203e-12
155.69670404979274 1.9592036493505146e-11
155.80105840907547 1.3566128995967197e-11
155.90541276835816 4.1776849450235e-12
156.00976712764086 1.5466818683967855e-11
156.11412148692355 1.1286732745394701e-11
156.21847584620627 2.1854819997678854e-12
156.32283020548897 1.1869534705928395e-11
156.42718456477166 9.969987706758366e-12
156.53153892405436 1.0157776660639002e-12
156.63589328333708 9.320109535612796e-12
156.74024764261978 9.830156229202336e-12
156.84460200190247 6.73799944368255e-13
156.94895636118517 7.798359241684997e-12
157.0533107204679 1.0497289498870462e-11
157.1576650797506 8.585699567592014e-13
157.26201943903328 7.0305141381752295e-12
157.36637379831598 1.1365044870442985e-11
157.4707281575987 1.2144575838653574e-12
157.5750825168814 6.551565124949702e-12
157.6794368761641 1.1716726147907158e-11
157.78379123544678 1.3866043297675977e-12
157.8881455947295 6.027772653225739e-12
157.9924999540122 1.1207409521671473e-11
158.09685431329493 1.2728560842681062e-12
158.20120867257762 5.311732738839866e-12
158.30556303186032 9.802053005517318e-12
158.40991739114304 9.188949750177888e-13
158.51427175042573 4.4093048962338275e-12
158.61862610970843 7.885805153537323e-12
158.72298046899112 5.670909510694372e-13
158.82733482827385 3.389355672595115e-12
158.93168918755654 5.8289967537793576e-12
159.03604354683924 4.0568065130288375e-13
159.14039790612193 2.3750910098500573e-12
159.24475226540463 4.052879789082944e-12
159.34910662468735 5.576906675735771e-13
159.45346098397005 1.5017533663701584e-12
159.55781534325274 2.8409772617685812e-12
159.66216970253544 1.0296424916653405e-12
159.76652406181816 8.725845123692959e-13
159.87087842110085 2.285542332789579e-12
159.97523278038355 1.6542372287964854e-12
160.07958713966624 4.3973505621625485e-13
160.18394149894897 2.2337375385645596e-12
160.28829585823166 2.239381259424222e-12
160.3926502175144 2.0437097817009195e-13
160.49700457679708 2.4633690583263242e-12
160.60135893607978 2.6036440783879003e-12
160.7057132953625 9.786614834777304e-14
160.8100676546452 2.7036166211738876e-12
160.9144220139279 2.6696196582002896e-12
161.01877637321059 7.346074564204527e-14
161.1231307324933 2.687487701368269e-12
161.227485091776 2.353914342941139e-12
161.3318394510587 9.794818982822133e-14
161.4361938103414 2.3952059491627215e-12
161.54054816962412 1.830786834233875e-12
161.6449025289068 1.6719777282198285e-13
161.7492568881895 1.8867183493516634e-12
161.8536112474722 1.2930731281433021e-12
161.95796560675493 2.516999559972579e-13
162.06231996603762 1.2409587779771114e-12
162.16667432532032 8.940726724451809e-13
162.271028684603 3.613425969579246e-13
162.37538304388573 6.301921241840944e-13
162.47973740316843 7.181233279648999e-13
162.58409176245115 4.715218715092116e-13
162.68844612173385 2.0917434899239245e-13
162.79280048101654 8.346880792858463e-13
162.89715484029927 5.968411285728344e-13
163.00150919958196 2.6173344619971927e-14
163.10586355886466 1.1069203091346462e-12
163.21021791814735 6.621599663929265e-13
163.31457227743007 5.852437241304993e-14
163.41892663671277 1.4435702442590376e-12
163.52328099599546 6.843324681988357e-13
163.62763535527816 2.213705628145459e-13
163.73198971456088 1.685963790984695e-12
163.83634407384358 6.495557082942398e-13
163.94069843312627 4.123895946123398e-13
164.04505279240897 1.7638851732328842e-12
164.14940715169166 5.789596123516527e-13
164.25376151097439 5.0375183408942e-13
164.35811587025708 1.570143562347516e-12
164.46247022953978 4.6187032748056e-13
164.56682458882247 5.006653885103998e-13
164.6711789481052 1.2307011558812566e-12
164.7755333073879 3.283613213230266e-13
164.8798876666706 3.6476421728762497e-13
164.9842420259533 8.003617742826887e-13
165.088596385236 2.1293370681502939e-13
165.19295074451873 1.981764541385857e-13
165.29730510380142 4.0956589136297576e-13
165.40165946308412 1.2143092949876358e-13
165.5060138223668 7.316673260986673e-14
165.61036818164953 1.420257596287574e-13
165.71472254093223 7.560367736125847e-14
165.81907690021492 8.816628092983529e-14
165.92343125949762 4.967544059305228e-14
166.02778561878034 7.419835721085491e-14
166.13213997806304 2.6416542733882936e-13
166.23649433734573 1.0143056972435239e-13
166.34084869662843 1.3071356285050195e-13
166.44520305591115 6.116068687665682e-13
166.54955741519385 2.4910094909584717e-13
166.65391177447654 2.360143620459941e-13
166.75826613375924 1.0309027625129865e-12
166.86262049304196 3.824253123675211e-13
166.96697485232465 3.8570131325258957e-13
167.07132921160735 1.4607286930305777e-12
167.17568357089007 4.667455088040168e-13
167.28003793017277 5.553957317955435e-13
167.3843922894555 1.7355847219389376e-12
167.48874664873819 4.2606104807089637e-13
167.59310100802088 7.508228132091008e-13
167.69745536730358 1.863384713739191e-12
167.8018097265863 3.082202850918216e-13
167.906164085869 8.99477225910867e-13
168.0105184451517 1.7511577339262765e-12
168.11487280443438 1.4438384879254285e-13
168.2192271637171 1.0239945904613888e-12
168.3235815229998 1.5275650124715098e-12
168.4279358822825 2.8568798154803275e-14
168.5322902415652 1.0356852399192182e-12
168.6366446008479 1.1954536690336648e-12
168.7409989601306 8.761414147049499e-15
168.8453533194133 1.0207604089167027e-12
168.949707678696 9.804173311110662e-13
169.0540620379787 1.261334537200298e-13
169.15841639726142 9.038238568539933e-13
169.2627707565441 8.939846890389763e-13
169.3671251158268 3.4961145303604627e-13
169.47147947510953 7.67521819374845e-13
169.57583383439223 1.0332998683998956e-12
169.68018819367495 6.219567740726564e-13
169.78454255295765 6.285092825119704e-13
169.88889691224034 1.346899958745184e-12
169.99325127152304 8.474080960588158e-13
170.09760563080576 5.623908864072005e-13
170.20195999008845 1.8276903325896306e-12
170.30631434937115 9.761843048267964e-13
170.41066870865384 5.573221538395965e-13
170.51502306793657 2.229301443912797e-12
170.61937742721926 9.055572235726177e-13
170.72373178650196 6.995406000617975e-13
170.82808614578465 2.6044289323978876e-12
170.93244050506738 7.528991809395298e-13
171.03679486435007 9.603348010031544e-13
171.14114922363277 2.7621193387323618e-12
171.24550358291546 5.283871996745785e-13
171.34985794219818 1.3230004366691998e-12
171.45421230148088 2.7165396036300965e-12
171.55856666076357 3.424593121980892e-13
171.6629210200463 1.6963260754185526e-12
171.767275379329 2.4235385611556255e-12
171.87162973861172 2.627182354307668e-13
171.9759840978944 2.0845249013145048e-12
172.0803384571771 2.080397284057372e-12
172.1846928164598 3.7578347659025546e-13
172.28904717574252 2.3293689463311272e-12
172.39340153502522 1.6549477838607778e-12
172.49775589430791 5.977645883901119e-13
172.6021102535906 2.3870729251103336e-12
172.70646461287333 1.3080207391353718e-12
172.81081897215603 9.37771894379321e-13
172.91517333143872 2.294336783308943e-12
173.01952769072142 1.118383713976271e-12
173.1238820500041 1.28507850932844e-12
173.22823640928684 2.0785928540333476e-12
173.33259076856953 1.1491553095477096e-12
173.43694512785223 1.539708050817902e-12
173.54129948713492 1.7536029662328896e-12
173.64565384641764 1.2877017256056853e-12
173.75000820570034 1.5921061675661286e-12
173.85436256498303 1.4343585175759838e-12
173.95871692426576 1.583473249163101e-12
174.06307128354848 1.5508101285437165e-12
174.16742564283118 1.2671746330755898e-12
174.27178000211387 1.875938950675803e-12
174.37613436139657 1.296083985008119e-12
174.48048872067926 1.1911468151390337e-12
174.58484307996198 2.0695359464277876e-12
174.68919743924468 9.770283748770813e-13
174.79355179852737 1.2772032639475884e-12
174.89790615781007 2.0873134528013807e-12
175.0022605170928 6.564927900396227e-13
175.1066148763755 1.5142536527171433e-12
175.21096923565818 1.9951045299514967e-12
175.31532359494088 4.69870057654272e-13
175.4196779542236 1.7912785837760535e-12
175.5240323135063 1.7081076625243065e-12
175.628386672789 3.843189748852749e-13
175.7327410320717 1.9929206268200622e-12
175.8370953913544 1.3145659806666188e-12
175.9414497506371 4.98767961895758e-13
176.0458041099198 2.1719055553821945e-12
176.1501584692025 9.583782688768822e-13
176.25451282848522 7.063417969232778e-13
176.35886718776794 2.1477855297244206e-12
176.46322154705064 6.408494202007109e-13
176.56757590633333 9.542745929638858e-13
176.67193026561603 1.969290758628066e-12
176.77628462489875 4.1552730383081024e-13
176.88063898418145 1.1314113955981504e-12
176.98499334346414 1.6495083387895465e-12
177.08934770274684 3.3105940930771576e-13
177.19370206202956 1.2518719073265423e-12
177.29805642131225 1.324949234027198e-12
177.40241078059495 3.489682609262712e-13
177.50676513987764 1.1530334347271498e-12
177.61111949916037 9.337313339594253e-13
177.71547385844306 4.030553942876447e-13
177.81982821772576 9.58982370653166e-13
177.92418257700845 6.544587616646525e-13
178.02853693629115 4.870578259101447e-13
178.13289129557387 6.875220506472315e-13
178.23724565485657 4.782283103796656e-13
178.34160001413926 5.346029535039296e-13
178.44595437342196 4.213158992631285e-13
178.5503087327047 4.2530487109063825e-13
178.6546630919874 5.105400272548089e-13
178.7590174512701 1.8841461140686468e-13
178.8633718105528 4.335015300787643e-13
178.9677261698355 4.26973643360077e-13
179.0720805291182 9.486224909757531e-14
179.1764348884009 5.338590729744235e-13
179.2807892476836 3.372483508218988e-13
179.3851436069663 9.933912382345115e-14
179.48949796624902 5.919020858597396e-13
179.5938523255317 2.1836290372238599e-13
179.6982066848144 1.9601346589986087e-13
179.8025610440971 6.252791067226879e-13
179.90691540337983 1.3129962063129983e-13
180.01126976266252 3.2293292536926793e-13
180.11562412194522 5.949312715402275e-13
180.2199784812279 7.940784793522025e-14
180.32433284051064 4.373322167242642e-13
180.42868719979333 5.384364973568011e-13
180.53304155907603 7.503461348017902e-14
180.63739591835872 4.455002557808477e-13
180.74175027764144 4.063042093517626e-13
180.84610463692417 9.032052427747655e-14
180.95045899620686 4.1181708370787716e-13
181.05481335548956 2.920261005135039e-13
181.15916771477225 9.539810266441519e-14
181.26352207405498 2.882362415077002e-13
181.36787643333767 1.9515837954939085e-13
181.47223079262037 9.504276508849525e-14
181.57658515190306 1.4630382235469107e-13
181.68093951118578 1.2333709632590313e-13
181.78529387046848 7.482065265223734e-14
181.88964822975117 3.6062289446271385e-14
181.99400258903387 8.57999743076008e-14
182.0983569483166 5.549033292514363e-14
182.2027113075993 4.095436302430783e-15
182.30706566688198 6.284455252144054e-14
182.41142002616468 4.7423917496797805e-14
182.51577438544737 5.6678554527162175e-14
182.6201287447301 6.104093110820447e-14
182.7244831040128 9.937993538125966e-14
182.82883746329549 1.8969571063788337e-13
182.93319182257818 4.481963741653528e-14
183.03754618186093 1.9800101323452981e-13
183.14190054114363 3.3636280048077494e-13
183.24625490042632 2.7848116032971055e-14
183.35060925970902 3.6999741717572753e-13
183.4549636189917 4.66106907171337e-13
183.55931797827444 2.1876993778425196e-14
183.66367233755713 5.829106859381309e-13
183.76802669683983 5.258741416757394e-13
183.87238105612252 5.3996022302842604e-14
183.97673541540524 8.184587869145867e-13
184.08108977468794 5.133264614826492e-13
184.18544413397063 1.3158486004041365e-13
184.28979849325333 9.852151450227451e-13
184.39415285253605 3.978161267173814e-13
184.49850721181875 2.9777494751590496e-13
184.60286157110144 1.1378641587094268e-12
184.70721593038414 2.8642529503032547e-13
184.81157028966686 5.026348475442091e-13
184.91592464894956 1.1603566118160434e-12
185.02027900823225 1.7994167849956355e-13
185.12463336751495 7.487876115143164e-13
185.22898772679767 1.1163623294821089e-12
185.3333420860804 1.5354312870685753e-13
185.4376964453631 9.665569954691765e-13
185.54205080464578 9.99829119481956e-13
185.64640516392848 2.261580473957693e-13
185.7507595232112 1.1460580155648245e-12
185.8551138824939 9.026849435609822e-13
185.9594682417766 4.069719867855014e-13
186.0638226010593 1.2042158059681462e-12
186.168176960342 8.112246041044125e-13
186.2725313196247 6.285541632004577e-13
186.3768856789074 1.1675875227598136e-12
186.4812400381901 8.35563103153277e-13
186.58559439747282 8.860888305115264e-13
186.6899487567555 1.0570428986979355e-12
186.7943031160382 9.413323042394142e-13
186.8986574753209 1.0621465474654759e-12
187.0030118346036 9.11730185563962e-13
187.10736619388632 1.1557823127254238e-12
187.21172055316902 1.1474469082351157e-12
187.3160749124517 7.92756321635269e-13
187.4204292717344 1.403277013652043e-12
187.52478363101713 1.0930368941693949e-12
187.62913799029985 7.722220061085471e-13
187.73349234958255 1.6826205973014154e-12
187.83784670886524 9.63918997456104e-13
187.94220106814797 8.688907588018526e-13
188.04655542743066 1.866752852291062e-12
188.15090978671336 7.458845162133722e-13
188.25526414599605 1.084859301790827e-12
188.35961850527875 1.9724205297873313e-12
188.46397286456147 5.682817237912876e-13
188.56832722384416 1.3961065612918381e-12
188.67268158312686 1.9373812605094257e-12
188.77703594240955 4.421572630161314e-13
188.88139030169228 1.7243862102076274e-12
188.98574466097497 1.7987780561882044e-12
189.09009902025767 4.342019299342699e-13
189.19445337954036 1.9903547674064087e-12
189.2988077388231 1.5584592918947912e-12
189.40316209810578 5.22497025863154e-13
189.50751645738848 2.148250969920898e-12
189.61187081667117 1.3208724462464333e-12
189.7162251759539 7.06562645863819e-13
189.8205795352366 2.16050914307686e-12
189.9249338945193 1.1119021570391971e-12
190.029288253802 8.884986562242328e-13
190.1336426130847 1.989329668688732e-12
190.23799697236743 9.796158973680414e-13
190.34235133165012 1.0571625633861047e-12
190.44670569093282 1.736411794368119e-12
190.5510600502155 9.500197518251957e-13
190.65541440949823 1.1165331305770414e-12
190.75976876878093 1.4222349245662483e-12
190.86412312806362 1.0161688876003543e-12
190.96847748734632 1.0896877894420425e-12
191.07283184662904 1.1540611194277157e-12
191.17718620591174 1.1211197085161023e-12
191.28154056519443 9.372346656582936e-13
191.38589492447713 9.777315454167685e-13
191.49024928375985 1.2449857392704667e-12
191.59460364304255 7.415095460792101e-13
191.69895800232524 9.45980885172472e-13
191.80331236160794 1.3233827978089522e-12
191.90766672089063 5.179033657119219e-13
192.01202108017335 1.0196324580169177e-12
192.11637543945605 1.3175893341856705e-12
192.22072979873877 3.3939842273997954e-13
192.32508415802147 1.1900068327404978e-12
192.4294385173042 1.2282335907584875e-12
192.5337928765869 2.2667445287088968e-13
192.63814723586958 1.3592583077764088e-12
192.74250159515228 1.0575155910558217e-12
192.84685595443497 2.0632010709742597e-13
192.9512103137177 1.4878111006216112e-12
193.0555646730004 8.394969665169764e-13
193.15991903228309 2.4573010401908355e-13
193.26427339156578 1.4991918159595725e-12
193.3686277508485 6.115157260454781e-13
193.4729821101312 3.2988161240436423e-13
193.5773364694139 1.40262444144957e-12
193.6816908286966 4.1730570834718347e-13
193.7860451879793 3.9804920583575286e-13
193.890399547262 1.1833732687216952e-12
193.9947539065447 2.714926396300928e-13
194.0991082658274 4.335478184883824e-13
194.20346262511012 9.133585988282963e-13
194.30781698439282 1.9479200182406754e-13
194.41217134367554 4.047391787824658e-13
194.51652570295823 6.23984866437082e-13
194.62088006224093 1.691837958007792e-13
194.72523442152365 3.3269886697286424e-13
194.82958878080635 3.925261212953574e-13
194.93394314008904 1.7874385059404862e-13
195.03829749937174 2.2097290662865044e-13
195.14265185865446 2.302228213882223e-13
195.24700621793716 1.9693912900643036e-13
195.35136057721985 1.1757060262721563e-13
195.45571493650255 1.6472391652005798e-13
195.56006929578527 2.0356881933495607e-13
195.66442365506796 3.783458490688479e-14
195.76877801435066 1.63750696492089e-13
195.87313237363335 1.8696530594592073e-13
195.97748673291608 1.974600730361865e-15
196.08184109219877 2.004564608155888e-13
196.18619545148147 1.524759410173265e-13
196.29054981076416 9.044098230394786e-15
196.39490417004686 2.3101255970508864e-13
196.49925852932958 1.0688151086437231e-13
196.60361288861228 4.4741714218545616e-14
196.707967247895 2.3841024432683623e-13
196.8123216071777 7.416061784283581e-14
196.91667596646042 8.641187280622299e-14
197.0210303257431 2.0420449220567308e-13
197.1253846850258 5.98299792593373e-14
197.2297390443085 1.1468601500760516e-13
197.3340934035912 1.5277943090641178e-13
197.43844776287392 7.76294270830427e-14
197.54280212215662 1.1577701093412714e-13
197.6471564814393 9.888020715942722e-14
197.751510840722 1.185779141151178e-13
197.85586520000473 9.220398212173746e-14
197.96021955928742 7.199252042636843e-14
198.06457391857012 1.7067290980678894e-13
198.1689282778528 5.424901682147221e-14
198.27328263713554 8.101144209767084e-14
198.37763699641823 2.1791753407278187e-13
198.48199135570093 2.4370007761292634e-14
198.58634571498362 1.2133870418003797e-13
198.69070007426635 2.4118180349822746e-13
198.79505443354904 1.9704949420854885e-14
198.89940879283174 1.7765079729689456e-13
199.00376315211446 2.456353115812821e-13
199.10811751139715 5.4848790007575865e-14
199.21247187067988 2.1847056059947156e-13
199.31682622996257 2.3630338806377195e-13
199.42118058924527 1.355754118207738e-13
199.52553494852796 2.3425270986038557e-13
199.62988930781069 2.45971923934141e-13
199.73424366709338 2.475139024554123e-13
199.83859802637608 2.108753554997915e-13
199.94295238565877 3.0052406869657833e-13
