0.0 0.0
0.10435435928270291 4.013686880898603e-12
0.20870871856540582 6.65829926001319e-10
0.3130630778481087 1.8740863200556397e-09
0.41741743713081164 3.122354814850501e-07
0.5217717964135146 3.093763877707497e-06
0.6261261556962174 0.00041343496474531116
0.7304805149789203 0.003680495498170781
0.8348348742616233 0.008862415270548214
0.9391892335443263 0.006784955767228213
1.0435435928270291 0.0011972268546088822
1.1478979521097321 2.0316618398283484e-07
1.2522523113924349 1.1554248624767802e-05
1.3566066706751378 4.27171903703691e-06
1.4609610299578406 7.22277178682687e-08
1.5653153892405436 1.2978392726257507e-06
1.6696697485232466 3.5366847299550594e-07
1.7740241078059495 8.93948789205053e-08
1.8783784670886525 3.357006616881374e-07
1.9827328263713553 1.1400129082777595e-07
2.0870871856540583 4.2166585879194743e-07
2.1914415449367612 2.386520307602617e-07
2.2957959042194642 2.485861867121768e-06
2.400150263502167 5.349862615333069e-06
2.5045046227848697 3.959587225896305e-06
2.6088589820675727 3.6221166529603645e-06
2.7132133413502757 2.269926488092457e-06
2.8175677006329787 2.404886716713923e-07
2.921922059915681 2.760825463853786e-08
3.026276419198384 5.772015217156722e-08
3.130630778481087 8.414205628931143e-09
3.23498513776379 8.757617957500873e-09
3.339339497046493 2.6311090752521453e-08
3.4436938563291957 1.7669661850538811e-09
3.548048215611899 1.0191308928906289e-08
3.6524025748946016 2.2560630958117735e-08
3.756756934177305 9.93395073523716e-10
3.8611112934600076 3.5369622423411993e-09
3.9654656527427106 3.032265024605122e-08
4.0698200120254135 1.2732756026123987e-08
4.1741743713081165 7.833659582541295e-10
4.2785287305908195 2.0477493548378597e-08
4.3828830898735225 1.1196930962350317e-08
4.4872374491562255 5.064421764977524e-09
4.5915918084389284 3.3248630747063523e-09
4.6959461677216305 5.556610939592283e-09
4.800300527004334 8.269662049136143e-09
4.9046548862870365 1.6302255262681898e-10
5.0090092455697395 5.951215603936836e-09
5.1133636048524425 5.681866230848581e-09
5.217717964135145 7.975909640756946e-11
5.322072323417848 7.169862814027233e-09
5.426426682700551 2.6765487101647046e-09
5.530781041983254 5.646025588578506e-10
5.635135401265957 7.633297837249588e-09
5.73948976054866 8.233066325616585e-10
5.843844119831362 1.4402195587999898e-09
5.948198479114066 6.465883184807382e-09
6.052552838396768 1.3748484296283887e-10
6.156907197679472 2.7706507250876513e-09
6.261261556962174 4.417565973047677e-09
6.365615916244878 2.0713699457893775e-11
6.46997027552758 3.726173843487404e-09
6.574324634810284 2.750252123337456e-09
6.678678994092986 4.676706644643321e-10
6.783033353375689 3.739431291728929e-09
6.887387712658391 1.5987547767617425e-09
6.991742071941095 1.4665621018687261e-09
7.096096431223798 3.163064706614177e-09
7.200450790506501 6.951415774807873e-10
7.304805149789203 2.566929761599645e-09
7.409159509071906 2.472802654923419e-09
7.51351386835461 9.266385565501487e-11
7.617868227637313 3.1753637740388435e-09
7.722222586920015 1.836774771232489e-09
7.826576946202718 6.918990581813179e-11
7.930931305485421 3.247134447757266e-09
8.035285664768125 1.1476377399099217e-09
8.139640024050827 5.862373677353255e-10
8.24399438333353 3.0018336708342536e-09
8.348348742616233 5.141764583489886e-10
8.452703101898935 1.3751223540992315e-09
8.557057461181639 2.429319549574575e-09
8.661411820464341 1.3188185261650445e-10
8.765766179747045 2.3394907143769015e-09
8.870120539029747 1.5078572882884038e-09
8.974474898312451 7.426619081798167e-12
9.078829257595153 3.5430934114121165e-09
9.183183616877857 5.019140788428123e-10
9.287537976160559 4.764008355249431e-12
9.391892335443261 4.902004452493319e-09
9.496246694725965 6.588024500011699e-12
9.600601054008669 6.967356301350223e-12
9.704955413291371 6.032935293737717e-09
9.809309772574073 3.4851707893173395e-10
9.913664131856777 3.3687338569970264e-12
10.018018491139479 6.648126763011787e-09
10.122372850422183 1.520644961259614e-09
10.226727209704885 9.107627654983466e-12
10.331081568987589 7.175872917380328e-09
10.43543592827029 3.869872030732075e-09
10.539790287552993 1.7206813896900156e-10
10.644144646835697 7.748700502131488e-09
10.7484990061184 7.344663924098638e-09
10.852853365401103 7.223984776549022e-10
10.957207724683805 8.048306294042229e-09
11.061562083966509 1.1277738325132066e-08
11.165916443249213 1.6070536938945876e-09
11.270270802531915 7.0810925187819725e-09
11.374625161814617 1.294039800024619e-08
11.47897952109732 1.7315856121804902e-09
11.583333880380025 3.814522195763011e-09
11.687688239662725 1.0794634399375701e-08
11.792042598945429 1.144212630008789e-09
11.896396958228133 1.1934585345655367e-09
12.000751317510835 8.697525917733246e-09
12.105105676793537 1.4024781370844465e-09
12.20946003607624 1.0149356209083177e-09
12.313814395358945 8.225762491462865e-09
12.418168754641647 3.150986755380358e-09
12.522523113924349 2.879663794461521e-09
12.626877473207053 9.211842518465736e-09
12.731231832489756 3.700877494014744e-09
12.835586191772459 1.868684930113353e-09
12.93994055105516 2.3378792795172788e-09
13.044294910337864 6.42896357110247e-11
13.148649269620568 1.253752853748753e-08
13.253003628903269 7.552935081370315e-09
13.357357988185973 2.1589900954802515e-08
13.461712347468676 7.986491823962418e-08
13.566066706751378 8.337888917447668e-08
13.67042106603408 1.2655502889083435e-07
13.774775425316783 2.696674722310397e-07
13.879129784599488 3.09977557447244e-07
13.98348414388219 3.798440295601934e-07
14.087838503164894 5.85193421153375e-07
14.192192862447596 6.173255812869908e-07
14.296547221730298 6.213530633231899e-07
14.400901581013002 7.62099450740791e-07
14.505255940295704 7.478174846166852e-07
14.609610299578407 7.013340328607372e-07
14.71396465886111 8.202000134125599e-07
14.818319018143812 8.556384923779699e-07
14.922673377426518 8.493458696009156e-07
15.02702773670922 1.0851080543910167e-06
15.131382095991922 1.4698271221467394e-06
15.235736455274626 1.9216261489667593e-06
15.340090814557328 2.868739956564965e-06
15.44444517384003 4.329545552306725e-06
15.548799533122734 5.73049024433029e-06
15.653153892405436 7.568596171954972e-06
15.757508251688138 9.95685324943058e-06
15.861862610970842 1.1687534684586278e-05
15.966216970253544 1.3409539900297512e-05
16.07057132953625 1.5868118770877625e-05
16.174925688818952 1.7522452871695734e-05
16.279280048101654 1.863440007200246e-05
16.38363440738436 2.0038655532932668e-05
16.48798876666706 1.9696258355933255e-05
16.59234312594976 1.7914008983785485e-05
16.696697485232466 1.6950332002898696e-05
16.801051844515168 1.58784404486725e-05
16.90540620379787 1.4862276495922613e-05
17.009760563080576 1.5874905274696332e-05
17.114114922363278 1.6810400387440227e-05
17.21846928164598 1.760738668265222e-05
17.322823640928682 2.1599172388636285e-05
17.427178000211384 2.678154332918397e-05
17.53153235949409 3.298251821735594e-05
17.635886718776792 4.399862199937892e-05
17.740241078059494 5.6249887441805666e-05
17.8445954373422 6.793160868887732e-05
17.948949796624902 8.197822706613603e-05
18.053304155907604 9.232079708039742e-05
18.157658515190306 9.736954132381846e-05
18.262012874473008 0.00010403932624656887
18.366367233755714 0.00011107232510550177
18.470721593038416 0.00011779447807089043
18.575075952321118 0.0001254308620123206
18.679430311603824 0.00012735055516722201
18.783784670886522 0.00012136841485002167
18.888139030169224 0.00011013928242170081
18.99249338945193 9.407334209502579e-05
19.096847748734632 7.995744259080535e-05
19.201202108017338 7.319715834468906e-05
19.30555646730004 7.379500811005348e-05
19.409910826582742 7.247285144165224e-05
19.514265185865444 5.869565304761718e-05
19.618619545148146 4.881310256718248e-05
19.722973904430848 5.557068950619773e-05
19.827328263713554 6.449418506697814e-05
19.931682622996256 8.606368410658718e-05
20.036036982278958 0.00011244144621935497
20.140391341561664 0.00010742653277496501
20.244745700844366 0.00012012694736176225
20.349100060127068 0.0001768873852676504
20.45345441940977 0.00019870948185608033
20.557808778692472 0.00021456854610189886
20.662163137975178 0.0002972903885665131
20.76651749725788 0.00034977988000100516
20.87087185654058 0.0003300904828746423
20.975226215823287 0.0003622514862901783
21.079580575105986 0.0004584353083837488
21.18393493438869 0.0005413999038894685
21.288289293671394 0.0005883279081370183
21.392643652954096 0.0006090418536963852
21.4969980122368 0.0006549763859716672
21.601352371519503 0.0007447049987972626
21.705706730802206 0.0008249456721600119
21.810061090084908 0.0009140368397094498
21.91441544936761 0.0010209811562402066
22.018769808650312 0.0010654815793105083
22.123124167933018 0.001065590678661327
22.22747852721572 0.0010899745486489594
22.331832886498425 0.0011220524531862022
22.436187245781127 0.0011249564480141398
22.54054160506383 0.0010468603170662285
22.64489596434653 0.000938773893618967
22.749250323629234 0.0009397051216715368
22.853604682911936 0.0009213793868974758
22.95795904219464 0.0007546271878318815
23.062313401477343 0.0006688375231378823
23.16666776076005 0.0006793209349577234
23.27102212004275 0.0005620386779924804
23.37537647932545 0.00048800093918431576
23.479730838608155 0.0005822595836365821
23.584085197890857 0.0005733163281824816
23.68843955717356 0.00047383962473963897
23.792793916456265 0.0005056971639655897
23.897148275738967 0.0005555585757143775
24.00150263502167 0.0005173364530953995
24.10585699430437 0.0004984401858714482
24.210211353587074 0.000515273207802131
24.31456571286978 0.0005274340229865572
24.41892007215248 0.0005175967890414758
24.523274431435183 0.00045397062441194364
24.62762879071789 0.0003847308311947877
24.73198315000059 0.0003587956735734069
24.836337509283293 0.0003248185058930768
24.940691868565995 0.00027525463002444245
25.045046227848697 0.0002482235650035496
25.1494005871314 0.0002262353161991085
25.253754946414105 0.0001911398519873851
25.358109305696807 0.0001487937902097899
25.462463664979513 0.00011140780743325665
25.566818024262215 9.91117368061967e-05
25.671172383544917 9.6776430965164e-05
25.77552674282762 8.265687389838718e-05
25.87988110211032 7.885061509850554e-05
25.984235461393023 8.870563200936754e-05
26.08858982067573 8.512161099409095e-05
26.19294417995843 6.820637552688222e-05
26.297298539241137 5.687879124999452e-05
26.401652898523835 6.382698209436904e-05
26.506007257806537 8.009785433202494e-05
26.610361617089243 7.691810224747341e-05
26.714715976371945 5.669907518112077e-05
26.819070335654647 4.8076896891759515e-05
26.923424694937353 4.966736083862663e-05
27.027779054220055 4.423264456962339e-05
27.132133413502757 3.2163997702272656e-05
27.23648777278546 2.1674795447545312e-05
27.34084213206816 1.8438678255221076e-05
27.445196491350863 1.822748835042165e-05
27.549550850633565 1.2016246624063644e-05
27.653905209916275 3.9504685016156165e-06
27.758259569198977 1.829405875678915e-06
27.86261392848168 2.811632162222363e-06
27.96696828776438 2.4548524411102805e-06
28.07132264704708 1.6295258329668213e-06
28.17567700632979 2.2474942110834543e-06
28.28003136561249 3.9914450295581526e-06
28.384385724895193 4.292324960026744e-06
28.488740084177895 3.572627258205348e-06
28.593094443460597 5.1602195061882586e-06
28.6974488027433 8.480954563407661e-06
28.801803162026005 9.882504299582006e-06
28.906157521308707 7.849097307887909e-06
29.01051188059141 4.397967460905243e-06
29.11486623987411 1.9301280416061905e-06
29.219220599156813 1.560561875454542e-06
29.323574958439522 2.2695146490989865e-06
29.42792931772222 2.6191491181102377e-06
29.532283677004923 2.508346748699425e-06
29.636638036287625 2.672043028630603e-06
29.740992395570327 3.0717287686671087e-06
29.845346754853036 3.7400291691444035e-06
29.94970111413574 4.502184807213283e-06
30.05405547341844 4.20168250219806e-06
30.158409832701143 2.8261750348814204e-06
30.262764191983845 1.5393103823621483e-06
30.367118551266543 1.0729087667718225e-06
30.471472910549252 1.0318580380807719e-06
30.575827269831954 1.0048789720708808e-06
30.680181629114657 9.915046881790111e-07
30.78453598839736 1.0143936192480231e-06
30.88889034768006 1.0100392059353722e-06
30.993244706962766 1.226642274505433e-06
31.09759906624547 1.6753523622366899e-06
31.20195342552817 2.044720684730523e-06
31.306307784810873 2.1132802100070403e-06
31.410662144093575 2.220821835043861e-06
31.515016503376277 2.758760775860242e-06
31.619370862658986 3.496957515365132e-06
31.723725221941685 4.144748187987549e-06
31.828079581224387 4.376886933924866e-06
31.93243394050709 3.6672703840003114e-06
32.03678829978979 2.52242029518025e-06
32.1411426590725 1.766706876885141e-06
32.2454970183552 1.2640265289754726e-06
32.349851377637904 9.158480875732899e-07
32.454205736920606 7.572959863661604e-07
32.55856009620331 6.338993783937733e-07
32.66291445548601 5.811429215566286e-07
32.76726881476872 6.642182177326559e-07
32.87162317405142 8.93452322312054e-07
32.97597753333412 1.2501354127167881e-06
33.08033189261682 1.531369105917501e-06
33.18468625189952 1.716209245532381e-06
33.28904061118223 1.7477766568771918e-06
33.39339497046493 1.603238450228021e-06
33.497749329747634 1.5953583298384929e-06
33.602103689030336 1.6433699369086406e-06
33.70645804831304 1.5360369531418519e-06
33.81081240759574 1.4247210036147826e-06
33.91516676687845 1.3291582881982159e-06
34.01952112616115 1.2313096403071803e-06
34.123875485443854 1.1847787525282573e-06
34.228229844726556 1.2386232868893461e-06
34.33258420400926 1.384940278736038e-06
34.43693856329196 1.4154241990219348e-06
34.54129292257466 1.3623165615578778e-06
34.645647281857364 1.4136461682425797e-06
34.75000164114007 1.4326869532396155e-06
34.85435600042277 1.4412035392186362e-06
34.95871035970548 1.5293520812902444e-06
35.06306471898818 1.501347441684153e-06
35.16741907827088 1.337308664155846e-06
35.271773437553584 1.1307325239730185e-06
35.376127796836286 9.65873759119336e-07
35.48048215611899 8.660891985967698e-07
35.5848365154017 7.612405829128716e-07
35.6891908746844 7.571263350485685e-07
35.7935452339671 8.70147035663291e-07
35.897899593249804 9.999402307528221e-07
36.002253952532506 1.1751788906212191e-06
36.10660831181521 1.3465367794647454e-06
36.21096267109791 1.4544304464562385e-06
36.31531703038061 1.5216551306984505e-06
36.419671389663314 1.4968759250608807e-06
36.524025748946016 1.4452643235763937e-06
36.62838010822872 1.3984472513315948e-06
36.73273446751143 1.3140370342475036e-06
36.83708882679413 1.24036007419782e-06
36.94144318607683 1.1388584326860611e-06
37.045797545359534 1.0367018819824654e-06
37.150151904642236 9.84010383579968e-07
37.254506263924945 9.032873024631453e-07
37.35886062320765 8.567315144401047e-07
37.46321498249035 8.708109435826077e-07
37.567569341773044 9.001599850773813e-07
37.671923701055746 9.659698043662194e-07
37.77627806033845 1.025088895781583e-06
37.88063241962116 1.0620718053887926e-06
37.98498677890386 1.0588122633628488e-06
38.08934113818656 9.77420459880516e-07
38.193695497469264 9.227455134758617e-07
38.298049856751966 8.950082077135169e-07
38.402404216034675 8.610426468665575e-07
38.50675857531738 8.94309002848826e-07
38.61111293460008 9.756026012174374e-07
38.71546729388278 1.0805980678215078e-06
38.819821653165484 1.1842795286871816e-06
38.924176012448186 1.2225142778097925e-06
39.02853037173089 1.2396938124752013e-06
39.13288473101359 1.1866560849593656e-06
39.23723909029629 1.054419435852498e-06
39.341593449578994 9.431611481339831e-07
39.445947808861696 8.436242399052909e-07
39.550302168144405 7.657141472007013e-07
39.65465652742711 7.107788089751157e-07
39.75901088670981 6.675351796456249e-07
39.86336524599251 6.722063578273968e-07
39.967719605275214 6.766664769203478e-07
40.072073964557916 6.771917290713082e-07
40.176428323840625 7.303364033687306e-07
40.28078268312333 7.960937187572036e-07
40.38513704240603 8.736006345910727e-07
40.48949140168873 9.670371721846311e-07
40.59384576097143 1.0584516598799522e-06
40.698200120254135 1.149499862508373e-06
40.80255447953684 1.1658785867167523e-06
40.90690883881954 1.1295488829134763e-06
41.01126319810224 1.081475336869464e-06
41.115617557384944 9.694236594528502e-07
41.21997191666765 8.53464497789988e-07
41.324326275950355 7.639829109011686e-07
41.42868063523306 7.00603013252184e-07
41.53303499451576 6.878387999088022e-07
41.63738935379846 6.907200827372483e-07
41.74174371308116 7.159646261171718e-07
41.84609807236387 7.6062650927791e-07
41.950452431646575 7.876820078966963e-07
42.05480679092928 8.218045669018161e-07
42.15916115021197 8.33028272648727e-07
42.263515509494674 8.247028891901509e-07
42.36786986877738 8.334551174186063e-07
42.472224228060085 8.141034825075734e-07
42.57657858734279 7.963234210072504e-07
42.68093294662549 8.046464363808568e-07
42.78528730590819 8.064088980905485e-07
42.889641665190894 8.04514810180216e-07
42.9939960244736 7.885541828677813e-07
43.098350383756305 7.965671779681111e-07
43.20270474303901 8.211836668573266e-07
43.30705910232171 8.052978361984621e-07
43.41141346160441 8.043424422787249e-07
43.51576782088712 8.114833293993252e-07
43.620122180169815 7.743574863893009e-07
43.72447653945252 7.280499150884828e-07
43.82883089873522 6.838833775474077e-07
43.93318525801792 6.464016347408844e-07
44.037539617300624 5.988373726558292e-07
44.14189397658333 5.536283099208806e-07
44.246248335866035 5.68979027100024e-07
44.35060269514874 6.10215677299392e-07
44.45495705443144 6.599241214265753e-07
44.55931141371414 7.495030827551497e-07
44.66366577299685 8.336782649199264e-07
44.76802013227955 8.92699099133029e-07
44.872374491562255 9.247682284667253e-07
44.97672885084496 9.287316270812843e-07
45.08108321012766 9.165023572299433e-07
45.18543756941036 8.531011974353687e-07
45.28979192869306 7.801086701377812e-07
45.394146287975765 7.250683193776096e-07
45.49850064725847 6.670321266158199e-07
45.60285500654117 6.429338522184647e-07
45.70720936582387 6.370319084125292e-07
45.81156372510658 6.25722748553156e-07
45.91591808438928 6.265261148742023e-07
46.020272443671985 6.291742151623715e-07
46.12462680295469 6.397150609580197e-07
46.22898116223739 6.432901267631596e-07
46.3333355215201 6.403980121641248e-07
46.4376898808028 6.554852073770031e-07
46.5420442400855 6.477985728843244e-07
46.646398599368204 6.355593382028678e-07
46.7507529586509 6.573222963676783e-07
46.8551073179336 6.734390977244162e-07
46.95946167721631 6.79303441958508e-07
47.06381603649901 6.857886844674694e-07
47.168170395781715 7.02475057760866e-07
47.27252475506442 7.205608151162607e-07
47.37687911434712 7.093781590478491e-07
47.48123347362983 7.136371443679612e-07
47.58558783291253 7.280894511962829e-07
47.68994219219523 7.057157862826445e-07
47.794296551477935 6.818614095005628e-07
47.89865091076064 6.639839216655931e-07
48.00300527004334 6.411324855255476e-07
48.10735962932605 6.075873740749406e-07
48.21171398860874 5.660738681228876e-07
48.316068347891445 5.4893891400438e-07
48.42042270717415 5.314838545208491e-07
48.52477706645685 5.109804695734036e-07
48.62913142573956 5.194797709903722e-07
48.73348578502226 5.377490176311621e-07
48.83784014430496 5.66221929371366e-07
48.942194503587665 6.069694700557147e-07
49.04654886287037 6.421496384106405e-07
49.15090322215307 6.733497957391381e-07
49.25525758143578 6.811108729328294e-07
49.35961194071848 6.755509336920561e-07
49.46396630000118 6.643586393182419e-07
49.568320659283884 6.326425392810632e-07
49.672675018566586 6.134899942252316e-07
49.77702937784929 5.99641348367634e-07
49.88138373713199 5.840393812956942e-07
49.98573809641469 5.930965262978146e-07
50.090092455697395 6.153455213793414e-07
50.1944468149801 6.423757422966575e-07
50.2988011742628 6.554162185388185e-07
50.40315553354551 6.531820504980295e-07
50.50750989282821 6.541917049651004e-07
50.61186425211091 6.264084929491344e-07
50.716218611393614 5.848317196409693e-07
50.82057297067632 5.556468311813996e-07
50.924927329959026 5.229666104874889e-07
51.02928168924173 4.957795646696018e-07
51.13363604852443 4.818476904114634e-07
51.23799040780713 4.931285748664182e-07
51.342344767089834 5.229536843139159e-07
51.446699126372536 5.412055825645593e-07
51.55105348565524 5.661572341808978e-07
51.65540784493794 5.943299204132002e-07
51.75976220422064 6.02333868077234e-07
51.864116563503345 6.067189004377577e-07
51.96847092278605 6.035461495905331e-07
52.072825282068756 5.98933333778835e-07
52.17717964135146 5.924416351154955e-07
52.28153400063416 5.808621127774637e-07
52.38588835991686 5.908196360659001e-07
52.490242719199564 6.075349296004416e-07
52.59459707848227 6.22752578187906e-07
52.698951437764975 6.405807759881915e-07
52.80330579704767 6.43556079417456e-07
52.90766015633037 6.433987116232671e-07
53.012014515613075 6.29446446028358e-07
53.11636887489578 5.949719781963125e-07
53.220723234178486 5.56575776191206e-07
53.32507759346119 5.099954238592109e-07
53.42943195274389 4.73000143033033e-07
53.53378631202659 4.474086731096457e-07
53.638140671309294 4.299030261022671e-07
53.742495030592 4.349429848294223e-07
53.846849389874706 4.452227362836056e-07
53.95120374915741 4.5766869730469123e-07
54.05555810844011 4.79294995514256e-07
54.15991246772281 4.996552127976938e-07
54.264266827005514 5.218339663197007e-07
54.368621186288216 5.314429760086883e-07
54.47297554557092 5.333610256098787e-07
54.57732990485362 5.447207358725731e-07
54.68168426413632 5.515335374544144e-07
54.786038623419024 5.631541053604439e-07
54.89039298270173 5.793597598724111e-07
54.99474734198443 5.932990966724006e-07
55.09910170126713 6.11160991535475e-07
55.20345606054985 6.170881155572749e-07
55.30781041983255 6.229213497529593e-07
55.41216477911525 6.29560397547584e-07
55.51651913839795 6.184299712137229e-07
55.620873497680655 5.984296451827713e-07
55.72522785696336 5.679112459492677e-07
55.82958221624606 5.420672538421812e-07
55.93393657552876 5.227429903321348e-07
56.03829093481146 4.948749485918459e-07
56.14264529409416 4.757203831823719e-07
56.24699965337686 4.623942328654374e-07
56.35135401265958 4.5027697087163793e-07
56.45570837194228 4.4463724432478716e-07
56.56006273122498 4.4117316619251034e-07
56.66441709050768 4.4765824151156544e-07
56.768771449790385 4.4982094592156526e-07
56.87312580907309 4.430693407326569e-07
56.97748016835579 4.4756655714178874e-07
57.08183452763849 4.5399791137955065e-07
57.186188886921194 4.60919432492233e-07
57.290543246203896 4.713034711063561e-07
57.3948976054866 4.822279428361772e-07
57.49925196476931 5.017746982065783e-07
57.60360632405201 5.191844449139763e-07
57.70796068333471 5.410996566947704e-07
57.81231504261741 5.718176337045801e-07
57.916669401900116 5.917644803396654e-07
58.02102376118282 6.07688995985838e-07
58.12537812046552 6.147727652650514e-07
58.22973247974822 6.132881646301138e-07
58.334086839030924 6.099651220702693e-07
58.438441198313626 5.947455105724073e-07
58.54279555759633 5.770587388246874e-07
58.647149916879044 5.51950554473786e-07
58.75150427616175 5.248087298648424e-07
58.85585863544444 5.095155494911715e-07
58.960212994727144 4.899019622774999e-07
59.064567354009846 4.6988075339902383e-07
59.16892171329255 4.5251880974523944e-07
59.27327607257525 4.339058879805019e-07
59.37763043185795 4.159873646621691e-07
59.481984791140654 3.936870631955629e-07
59.586339150423356 3.818243294423526e-07
59.69069350970607 3.7795005768336544e-07
59.795047868988775 3.686922626687244e-07
59.89940222827148 3.7033575052230874e-07
60.00375658755418 3.842264901740777e-07
60.10811094683688 4.022959719191182e-07
60.21246530611958 4.209937201040221e-07
60.316819665402285 4.391377507104878e-07
60.42117402468499 4.65510609978162e-07
60.52552838396769 4.844954323046727e-07
60.629882743250384 4.951078504582854e-07
60.734237102533086 5.161798639152955e-07
60.8385914618158 5.358476016567798e-07
60.942945821098505 5.515529294345536e-07
61.04730018038121 5.649353359475984e-07
61.15165453966391 5.793191610585265e-07
61.25600889894661 5.973156437590272e-07
61.36036325822931 6.023489242324145e-07
61.464717617512015 6.057068194633389e-07
61.56907197679472 6.081246319260019e-07
61.67342633607742 5.984670077617375e-07
61.77778069536012 5.866558242684076e-07
61.88213505464282 5.686767127922387e-07
61.98648941392553 5.474902188536998e-07
62.090843773208235 5.204811045504318e-07
62.19519813249094 4.875421925737705e-07
62.29955249177364 4.608223287163448e-07
62.40390685105634 4.2972049966624464e-07
62.50826121033904 4.004310508691235e-07
62.612615569621745 3.810752123488668e-07
62.71696992890445 3.6246949226072177e-07
62.82132428818715 3.4651937270713223e-07
62.92567864746985 3.333781587340111e-07
63.030033006752554 3.28471636950182e-07
63.13438736603527 3.2791839112536233e-07
63.23874172531797 3.22660148978586e-07
63.343096084600674 3.272140179555492e-07
63.44745044388337 3.393004409633294e-07
63.55180480316607 3.4888825886026945e-07
63.65615916244877 3.637046653569039e-07
63.760513521731475 3.8547104111285225e-07
63.86486788101418 4.1429594944598113e-07
63.96922224029688 4.401846418045145e-07
64.07357659957958 4.6384674269342024e-07
64.17793095886229 4.978349206658745e-07
64.282285318145 5.260577839024924e-07
64.3866396774277 5.463801563259117e-07
64.4909940367104 5.664538757482864e-07
64.5953483959931 5.838643262093999e-07
64.69970275527581 5.99554847958069e-07
64.8040571145585 6.048822556281009e-07
64.90841147384121 6.110285166640123e-07
65.01276583312391 6.193176871106336e-07
65.11712019240662 6.175291053783591e-07
65.22147455168931 6.148688478956341e-07
65.32582891097202 6.071415382892833e-07
65.43018327025473 5.947636228259785e-07
65.53453762953744 5.769583772792934e-07
65.63889198882013 5.508315991330811e-07
65.74324634810284 5.256543064573789e-07
65.84760070738554 4.93703638304713e-07
65.95195506666823 4.6124416532302347e-07
66.05630942595094 4.345732664144674e-07
66.16066378523364 4.062383512665278e-07
66.26501814451635 3.813178805275742e-07
66.36937250379904 3.58492323386142e-07
66.47372686308175 3.398031022292497e-07
66.57808122236446 3.226845310979235e-07
66.68243558164717 3.0204538531489564e-07
66.78678994092986 2.887809203585893e-07
66.89114430021257 2.793113220764428e-07
66.99549865949527 2.6959009915191447e-07
67.09985301877798 2.663411967619164e-07
67.20420737806067 2.695200756727393e-07
67.30856173734338 2.800947581260837e-07
67.41291609662608 2.9247176257029803e-07
67.51727045590879 3.075298307508073e-07
67.62162481519148 3.3176966516782816e-07
67.72597917447419 3.5450916389659856e-07
67.8303335337569 3.762043762749567e-07
67.9346878930396 4.0108963087980215e-07
68.0390422523223 4.270006412606522e-07
68.143396611605 4.5591488851573433e-07
68.24775097088771 4.814043746483682e-07
68.3521053301704 5.09966786055874e-07
68.45645968945311 5.420067257039801e-07
68.5608140487358 5.683391927852107e-07
68.66516840801852 5.940765869399508e-07
68.76952276730121 6.141692819440519e-07
68.87387712658392 6.317717250178221e-07
68.97823148586663 6.463613598467189e-07
69.08258584514932 6.524403517548324e-07
69.18694020443203 6.582560637419553e-07
69.29129456371473 6.58249202980452e-07
69.39564892299744 6.564880872177103e-07
69.50000328228013 6.533516124473415e-07
69.60435764156284 6.438517029412644e-07
69.70871200084554 6.365955823874783e-07
69.81306636012825 6.260418076026066e-07
69.91742071941096 6.138849502949015e-07
70.02177507869366 5.979293421999496e-07
70.12612943797636 5.743825967473143e-07
70.23048379725907 5.509411966673605e-07
70.33483815654176 5.204423698119116e-07
70.43919251582446 4.86004381641186e-07
70.54354687510717 4.5109794195887354e-07
70.64790123438986 4.153793532132671e-07
70.75225559367257 3.845866169298568e-07
70.85660995295527 3.531674847994768e-07
70.96096431223798 3.247208352469546e-07
71.06531867152069 3.0077797091203644e-07
71.1696730308034 2.7756921707991786e-07
71.27402739008609 2.5816101920344833e-07
71.3783817493688 2.390344106373959e-07
71.4827361086515 2.2340914715210146e-07
71.5870904679342 2.128676638523448e-07
71.6914448272169 2.0338202130750415e-07
71.79579918649961 1.9837255023894475e-07
71.9001535457823 1.9693045585712912e-07
72.00450790506501 1.9998928611046658e-07
72.1088622643477 2.0734060910344502e-07
72.21321662363042 2.14868535282522e-07
72.31757098291313 2.280339466128701e-07
72.42192534219582 2.453371046569263e-07
72.52627970147853 2.6318703202736435e-07
72.63063406076122 2.8414081490328937e-07
72.73498842004393 3.0745094305765896e-07
72.83934277932663 3.3667868515739933e-07
72.94369713860934 3.6678921217338824e-07
73.04805149789203 3.966009605295321e-07
73.15240585717474 4.332852382517341e-07
73.25676021645744 4.701744265590035e-07
73.36111457574015 5.06153205787727e-07
73.46546893502286 5.395202039125432e-07
73.56982329430555 5.714907533228436e-07
73.67417765358826 6.045437473678088e-07
73.77853201287095 6.296542659447834e-07
73.88288637215366 6.544730181773835e-07
73.98724073143636 6.808087218013186e-07
74.09159509071907 7.059758244144914e-07
74.19594945000176 7.330545569031207e-07
74.30030380928447 7.579113866783691e-07
74.40465816856717 7.866717168562961e-07
74.50901252784989 8.129743493017419e-07
74.61336688713259 8.348596575799819e-07
74.7177212464153 8.577685922575755e-07
74.82207560569799 8.73243063952889e-07
74.9264299649807 8.853351370098605e-07
75.0307843242634 8.929385166645267e-07
75.13513868354609 8.989542522654572e-07
75.2394930428288 9.043928030164712e-07
75.34384740211149 9.026399982505497e-07
75.4482017613942 9.058058647756394e-07
75.5525561206769 9.101475915399243e-07
75.65691047995962 9.103343843754061e-07
75.76126483924232 9.068169490732543e-07
75.86561919852502 8.995411418659931e-07
75.96997355780772 8.949350602728884e-07
76.07432791709043 8.80416300243558e-07
76.17868227637312 8.591256626487946e-07
76.28303663565583 8.411376780119899e-07
76.38739099493853 8.223907932128613e-07
76.49174535422124 8.022775135247021e-07
76.59609971350393 7.764795387075674e-07
76.70045407278664 7.554280250563324e-07
76.80480843206935 7.382414850447502e-07
76.90916279135205 7.149447484664598e-07
77.01351715063475 6.92578173930231e-07
77.11787150991745 6.718867930812987e-07
77.22222586920016 6.548058324754622e-07
77.32658022848285 6.3499484581629e-07
77.43093458776556 6.118692893565859e-07
77.53528894704826 5.938618833616784e-07
77.63964330633097 5.733387626188962e-07
77.74399766561366 5.506508149874599e-07
77.84835202489637 5.265870683449311e-07
77.95270638417908 5.024430373352861e-07
78.05706074346178 4.793435476728258e-07
78.16141510274448 4.5206159023678524e-07
78.26576946202718 4.278297231044291e-07
78.37012382130989 4.056388753359333e-07
78.47447818059258 3.8317984093697204e-07
78.5788325398753 3.634215467709355e-07
78.68318689915799 3.4489900657466984e-07
78.7875412584407 3.29314184156861e-07
78.89189561772339 3.1104236762433567e-07
78.9962499770061 2.9188636462591367e-07
79.10060433628881 2.7570865650838485e-07
79.20495869557152 2.578735521210399e-07
79.30931305485421 2.401709446911885e-07
79.41366741413692 2.2349952438405686e-07
79.51802177341962 2.1108241526969503e-07
79.62237613270231 2.0079900264645703e-07
79.72673049198502 1.883522608288205e-07
79.83108485126772 1.7851431423345613e-07
79.93543921055043 1.7002845820517927e-07
80.03979356983312 1.6099355781295078e-07
80.14414792911583 1.5006627737296082e-07
80.24850228839854 1.3862353336018177e-07
80.35285664768125 1.299806939435607e-07
80.45721100696395 1.1973655317747154e-07
80.56156536624665 1.0867056630334329e-07
80.66591972552935 9.902777720387254e-08
80.77027408481206 9.064777026307499e-08
80.87462844409475 8.343851666734767e-08
80.97898280337746 7.554752227025921e-08
81.08333716266016 6.969843506443706e-08
81.18769152194287 6.537118802051686e-08
81.29204588122558 6.077297454890313e-08
81.39640024050827 5.679215886191951e-08
81.50075459979098 5.282742212917145e-08
81.60510895907368 4.980863556903695e-08
81.70946331835638 4.6423653942396997e-08
81.81381767763908 4.286924733981087e-08
81.91817203692179 4.0240422180490847e-08
82.02252639620448 3.700655078331329e-08
82.12688075548719 3.394582018038311e-08
82.23123511476989 3.0891215179228473e-08
82.3355894740526 2.805240374663089e-08
82.4399438333353 2.5479188781975748e-08
82.544298192618 2.2611211638891817e-08
82.64865255190071 2.0831060458026047e-08
82.7530069111834 1.929582722019121e-08
82.85736127046611 1.7605603635056058e-08
82.96171562974881 1.6085273597351883e-08
83.06606998903152 1.4574135826007151e-08
83.17042434831421 1.3396525753582365e-08
83.27477870759692 1.1620323642037582e-08
83.37913306687962 9.919577000854464e-09
83.48348742616233 8.852113630453578e-09
83.58784178544504 7.903086604189775e-09
83.69219614472775 7.253909148051528e-09
83.79655050401044 6.6413642021741235e-09
83.90090486329315 6.568272903834773e-09
84.00525922257584 6.710626379603963e-09
84.10961358185855 6.496362822155886e-09
84.21396794114125 6.311034136624243e-09
84.31832230042394 5.95468196162682e-09
84.42267665970665 5.585501808632226e-09
84.52703101898935 4.929637422240121e-09
84.63138537827206 4.043656670334678e-09
84.73573973755477 3.420259064040694e-09
84.84009409683748 2.7529906473152925e-09
84.94444845612017 2.222142682833222e-09
85.04880281540288 1.801650313584699e-09
85.15315717468557 1.4805078605998834e-09
85.25751153396828 1.3754500082335532e-09
85.36186589325098 1.2462498959181394e-09
85.46622025253369 1.2200624885476462e-09
85.57057461181638 1.1717498668740167e-09
85.67492897109909 1.147447939714695e-09
85.77928333038179 1.206949851682586e-09
85.8836376896645 1.1621522246436339e-09
85.9879920489472 1.147230900340256e-09
86.0923464082299 1.0695697822162362e-09
86.19670076751261 9.994876776911526e-10
86.3010551267953 9.368895107061216e-10
86.40540948607801 7.573934788271848e-10
86.50976384536071 6.52369199760034e-10
86.61411820464342 5.485297045460854e-10
86.71847256392611 4.572520028865306e-10
86.82282692320882 3.986027835942663e-10
86.92718128249152 3.198012669630527e-10
87.03153564177424 3.1018741009862897e-10
87.13589000105694 2.758243348222453e-10
87.24024436033963 2.393992529630589e-10
87.34459871962234 2.060700067205127e-10
87.44895307890503 1.4236244095626158e-10
87.55330743818774 1.1106776717615795e-10
87.65766179747044 6.691237082517523e-11
87.76201615675315 4.1721615722583405e-11
87.86637051603584 3.7353183548883645e-11
87.97072487531855 5.620193429991582e-11
88.07507923460125 1.199477541615184e-10
88.17943359388397 1.8070579976595922e-10
88.28378795316667 2.436524842211755e-10
88.38814231244938 2.716298607516637e-10
88.49249667173207 3.1307859205993785e-10
88.59685103101478 3.374576955152488e-10
88.70120539029747 2.5865680725536734e-10
88.80555974958018 2.2421249037459636e-10
88.90991410886288 2.0667890898757907e-10
89.01426846814557 1.172842687944958e-10
89.11862282742828 6.82899118877681e-11
89.22297718671098 5.6548034845924826e-11
89.3273315459937 2.516392746595152e-11
89.4316859052764 1.8351493651832064e-11
89.5360402645591 4.5057027006512794e-11
89.6403946238418 4.5914318885541815e-11
89.74474898312451 6.214971916523659e-11
89.8491033424072 1.1154496204937484e-10
89.95345770168991 1.1464887630413722e-10
90.05781206097261 1.210877404498122e-10
90.16216642025532 1.4989565996789745e-10
90.26652077953801 1.420184012587228e-10
90.37087513882072 1.2844853258142074e-10
90.47522949810343 1.1858369473340898e-10
90.57958385738613 9.872745209967515e-11
90.68393821666884 7.659124639246612e-11
90.78829257595153 5.716828347169461e-11
90.89264693523424 4.261097100189293e-11
90.99700129451693 3.0183077477327175e-11
91.10135565379964 2.549491203957478e-11
91.20571001308234 1.9817724758859032e-11
91.31006437236505 1.7095717623079054e-11
91.41441873164774 2.2433126213320318e-11
91.51877309093047 1.7287063456144684e-11
91.62312745021316 1.3034838308358467e-11
91.72748180949586 1.5818590812549433e-11
91.83183616877857 1.0380373130609e-11
91.93619052806126 2.6651352256443145e-12
92.04054488734397 1.3387940906701502e-12
92.14489924662666 2.95070960638354e-12
92.24925360590937 5.232433352099622e-12
92.35360796519207 6.614943898406587e-12
92.45796232447478 9.222963238030221e-12
92.56231668375747 2.3641603024073524e-11
92.6666710430402 3.025266436871071e-11
92.77102540232289 2.1871753329637315e-11
92.8753797616056 3.8084769054686034e-11
92.9797341208883 4.899309216426926e-11
93.084088480171 3.0293354361497254e-11
93.1884428394537 4.317621016693546e-11
93.29279719873641 6.011373258347624e-11
93.3971515580191 3.987873461374965e-11
93.5015059173018 5.158541999660856e-11
93.60586027658451 7.665800208271871e-11
93.7102146358672 5.88093860163053e-11
93.81456899514993 7.044427998988285e-11
93.91892335443262 1.0198771972895123e-10
94.02327771371533 8.715148009685045e-11
94.12763207299803 1.0029892255525388e-10
94.23198643228073 1.3417657506071494e-10
94.33634079156343 1.1952180812730204e-10
94.44069515084614 1.346022569846534e-10
94.54504951012883 1.66462247686399e-10
94.64940386941154 1.4836667203698021e-10
94.75375822869424 1.666285715668861e-10
94.85811258797695 1.9805842031799966e-10
94.96246694725966 1.7361040161965723e-10
95.06682130654235 1.9288861548553406e-10
95.17117566582506 2.2702625240941503e-10
95.27553002510776 1.9553727417710782e-10
95.37988438439046 2.1010243709712846e-10
95.48423874367316 2.478566090184224e-10
95.58859310295587 2.1231927930980486e-10
95.69294746223856 2.1532774177950642e-10
95.79730182152127 2.526075623396625e-10
95.90165618080397 2.173117910659238e-10
96.00601054008668 2.039300913633785e-10
96.11036489936939 2.3583466723885144e-10
96.2147192586521 2.1041497925163784e-10
96.31907361793479 1.8505254897786515e-10
96.42342797721749 2.0781123603095922e-10
96.5277823365002 1.982718284483578e-10
96.63213669578289 1.693782089452538e-10
96.7364910550656 1.8108060565519435e-10
96.8408454143483 1.8738647842699043e-10
96.945199773631 1.6225187635668866e-10
97.0495541329137 1.6305366096862313e-10
97.15390849219641 1.803729212155851e-10
97.25826285147912 1.6254200335177834e-10
97.36261721076183 1.5425359363832048e-10
97.46697157004452 1.747584925123646e-10
97.57132592932723 1.6388212946000903e-10
97.67568028860993 1.51036464814099e-10
97.78003464789263 1.6842236330848305e-10
97.88438900717533 1.5938071679777842e-10
97.98874336645804 1.4535173365472132e-10
98.09309772574073 1.572780723596581e-10
98.19745208502343 1.4562450539952616e-10
98.30180644430614 1.3308754246266902e-10
98.40616080358885 1.413527207272614e-10
98.51051516287156 1.2485517098749128e-10
98.61486952215425 1.1429960312985825e-10
98.71922388143696 1.2231888720418507e-10
98.82357824071966 1.0136053879732218e-10
98.92793260000236 9.107839509556735e-11
99.03228695928506 1.0161179084896777e-10
99.13664131856777 8.015788061059517e-11
99.24099567785046 6.895924068403052e-11
99.34535003713317 8.211899327841372e-11
99.44970439641587 6.449015355497776e-11
99.55405875569858 5.2654972914928586e-11
99.65841311498129 6.708739211829459e-11
99.76276747426398 5.6215150818595834e-11
99.86712183354669 4.4619760645404e-11
99.97147619282939 5.690338551432673e-11
100.0758305521121 5.2665061030940655e-11
100.18018491139479 4.298916432030373e-11
100.2845392706775 5.0238459404002057e-11
100.3888936299602 5.001159389791326e-11
100.4932479892429 4.396781734497358e-11
100.5976023485256 4.565409401177117e-11
100.70195670780832 4.6028299844264654e-11
100.80631106709102 4.395351762190095e-11
100.91066542637373 4.1225036611357164e-11
101.01501978565642 3.9516867492812855e-11
101.11937414493912 4.083151406653881e-11
101.22372850422182 3.599998995161902e-11
101.32808286350452 3.099469445233041e-11
101.43243722278723 3.39069894442871e-11
101.53679158206992 2.9605016523211803e-11
101.64114594135263 2.2655068959284118e-11
101.74550030063534 2.5615737524737847e-11
101.84985465991805 2.314618396007235e-11
101.95420901920075 1.6345408217594034e-11
102.05856337848346 1.8332522032462262e-11
102.16291773776615 1.7628294988798846e-11
102.26727209704886 1.2776020638284911e-11
102.37162645633155 1.3563489019985277e-11
102.47598081561426 1.3762693066844989e-11
102.58033517489696 1.1788336635260893e-11
102.68468953417967 1.192474934561176e-11
102.78904389346236 1.1785924559253269e-11
102.89339825274507 1.208402723113087e-11
102.99775261202778 1.2297110989940102e-11
103.10210697131048 1.1166166544858884e-11
103.20646133059319 1.2447991397832062e-11
103.31081568987588 1.3071940527216036e-11
103.41517004915859 1.0811430203780386e-11
103.51952440844128 1.1668040950784696e-11
103.623878767724 1.2810649031125387e-11
103.72823312700669 1.0009446616822745e-11
103.8325874862894 9.568944073857876e-12
103.9369418455721 1.1034949874561975e-11
104.0412962048548 8.617579456711749e-12
104.14565056413751 6.887843510047562e-12
104.2500049234202 8.150713992552554e-12
104.35435928270292 6.599878159001652e-12
104.45871364198561 4.2488193836849595e-12
104.56306800126832 4.992006921868844e-12
104.66742236055102 4.5297568873894665e-12
104.77177671983372 2.3955493977140414e-12
104.87613107911642 2.4021570294766044e-12
104.98048543839913 2.70228487663541e-12
105.08483979768182 1.5012797341551416e-12
105.18919415696455 7.649588423361031e-13
105.29354851624724 1.357557893906401e-12
105.39790287552995 1.3774610965277891e-12
105.50225723481265 8.53154978898576e-14
105.60661159409534 6.216466882158916e-13
105.71096595337805 1.6499284589594411e-12
105.81532031266075 5.030081920043901e-14
105.91967467194345 3.6168031238474094e-13
106.02402903122615 2.0036018182345216e-12
106.12838339050886 2.2324999000439121e-13
106.23273774979155 3.601005555166075e-13
106.33709210907428 2.0720198258316754e-12
106.44144646835697 3.037975635649039e-13
106.54580082763968 3.9880836151030107e-13
106.65015518692238 1.8034459780747932e-12
106.75450954620509 2.358405595982143e-13
106.85886390548778 4.43357036030602e-13
106.96321826477049 1.3630339229973987e-12
107.06757262405318 1.8300787372139335e-13
107.1719269833359 4.981882759181495e-13
107.27628134261859 8.46145834054746e-13
107.38063570190128 2.546177022781265e-13
107.484990061184 5.521834002523297e-13
107.5893444204667 4.073052144885926e-13
107.69369877974941 5.912360467475617e-13
107.7980531390321 6.917983505213832e-13
107.90240749831482 1.23514608566428e-13
108.00676185759751 1.1135751966463122e-12
108.11111621688022 8.337988099547077e-13
108.21547057616291 9.343402091589805e-15
108.31982493544562 1.6976080680311511e-12
108.42417929472832 9.838399257730517e-13
108.52853365401103 1.3630155386339225e-14
108.63288801329374 2.1131155920989017e-12
108.73724237257643 1.042271235389131e-12
108.84159673185914 7.133826235756514e-14
108.94595109114184 2.1993701446549308e-12
109.05030545042455 9.14920173681562e-13
109.15465980970724 1.5497285161562406e-13
109.25901416898995 1.9898024226622317e-12
109.36336852827264 7.259347745775917e-13
109.46772288755535 2.1991688964750542e-13
109.57207724683805 1.5572761109136057e-12
109.67643160612076 4.690453588987586e-13
109.78078596540345 2.434747329552225e-13
109.88514032468616 9.654129072897982e-13
109.98949468396886 2.3394893754702693e-13
110.09384904325157 2.493081311511279e-13
110.19820340253426 4.747967393094809e-13
110.30255776181698 1.02592876573521e-13
110.4069121210997 2.2560672929655933e-13
110.51126648038239 2.2500124780466916e-13
110.6156208396651 1.1313876939067061e-13
110.7199751989478 1.9468445245904782e-13
110.8243295582305 2.5495818889780737e-13
110.9286839175132 2.5271884154354943e-13
111.0330382767959 1.3270975812211077e-13
111.1373926360786 5.363432073078871e-13
111.24174699536131 4.662032826698529e-13
111.346101354644 7.507356011072696e-14
111.45045571392671 1.0119440446331774e-12
111.55481007320941 7.1621814177351e-13
111.65916443249212 3.509421088795098e-14
111.76351879177481 1.4760497076499e-12
111.86787315105752 8.825483978570531e-13
111.97222751034022 1.3490791026411065e-14
112.07658186962291 1.835038751366402e-12
112.18093622890562 9.299540076025063e-13
112.28529058818832 1.9577661806895845e-14
112.38964494747103 2.0032423499674374e-12
112.49399930675372 8.86215294028125e-13
112.59835366603646 5.0342389385060807e-14
112.70270802531915 1.9065933235415216e-12
112.80706238460186 7.271829551750824e-13
112.91141674388456 8.52137609079301e-14
113.01577110316725 1.6069084699269829e-12
113.12012546244996 5.28184044425788e-13
113.22447982173266 1.2512212690362127e-13
113.32883418101537 1.173987561555057e-12
113.43318854029806 3.18431519398175e-13
113.53754289958077 1.450364840617353e-13
113.64189725886347 7.212514318380186e-13
113.74625161814618 1.4919386062781467e-13
113.85060597742887 1.4492581184557213e-13
113.95496033671158 3.4847721935401467e-13
114.05931469599427 4.822129690433922e-14
114.16366905527698 1.1330210671822593e-13
114.26802341455968 1.2669310615917673e-13
114.37237777384239 2.0493274193503933e-15
114.47673213312508 6.778315829490799e-14
114.58108649240779 9.18154659308567e-14
114.68544085169049 1.588719955834199e-14
114.7897952109732 3.428051419232294e-14
114.89414957025592 2.1818880475083914e-13
114.99850392953861 6.575365892891519e-14
115.10285828882132 9.835212546722101e-15
115.20721264810402 4.659217658158396e-13
115.31156700738673 1.3763463761050072e-13
115.41592136666942 1.3136525239592806e-14
115.52027572595213 7.510966729697116e-13
115.62463008523483 2.2691307300784942e-13
115.72898444451754 4.3338075220531835e-14
115.83333880380023 9.797754048858082e-13
115.93769316308294 3.217553949529213e-13
116.04204752236564 9.569104465513632e-14
116.14640188164834 1.1282373328220938e-12
116.25075624093104 4.2178998722991544e-13
116.35511060021375 1.432671688623045e-13
116.45946495949644 1.0986561105242489e-12
116.56381931877915 4.966849655970681e-13
116.66817367806185 1.763338431782074e-13
116.77252803734454 9.701507878046558e-13
116.87688239662725 5.76396172109077e-13
116.98123675590995 1.9155202089962012e-13
117.08559111519266 7.537970030502889e-13
117.18994547447538 6.191794538431414e-13
117.29429983375809 1.7316015219267855e-13
117.39865419304078 4.900697325064228e-13
117.5030085523235 5.949112329535021e-13
117.60736291160619 1.3056926361133283e-13
117.71171727088888 2.670095639846562e-13
117.81607163017159 5.39371850598637e-13
117.92042598945429 8.16387957166904e-14
118.024780348737 1.0017639421822456e-13
118.12913470801969 4.090683462090531e-13
118.2334890673024 2.997752778526682e-14
118.3378434265851 1.6059711003695215e-14
118.4421977858678 2.6618587060799284e-13
118.5465521451505 3.4454003467539986e-15
118.65090650443321 8.743780093401403e-15
118.7552608637159 1.2807214992036234e-13
118.85961522299861 4.98928466135401e-15
118.96396958228131 5.382674362748818e-14
119.06832394156402 3.231275379533608e-14
119.17267830084671 3.72962093059778e-14
119.27703266012942 1.24987094995928e-13
119.38138701941214 1.892773668155594e-14
119.48574137869484 8.525648489081154e-14
119.59009573797755 1.9183798843466738e-13
119.69445009726024 1.030298939444714e-13
119.79880445654295 1.4610184916260424e-13
119.90315881582565 2.4377959191057076e-13
120.00751317510836 2.7869585674025405e-13
120.11186753439105 1.8558310724991697e-13
120.21622189367376 2.557347559479291e-13
120.32057625295646 5.120448675347796e-13
120.42493061223917 2.0082669245695946e-13
120.52928497152186 2.5925149096454753e-13
120.63363933080457 7.687091244615691e-13
120.73799369008727 1.9819438180790234e-13
120.84234804936997 2.614829814563373e-13
120.94670240865267 9.820879052537122e-13
121.05105676793538 1.636279513318696e-13
121.15541112721807 2.4334272357106095e-13
121.25976548650077 1.0732128987639525e-12
121.36411984578348 1.1340387728708006e-13
121.46847420506617 2.321148453606289e-13
121.57282856434888 1.0576573894200856e-12
121.6771829236316 5.867703436983921e-14
121.78153728291431 2.1871642988697198e-13
121.88589164219701 9.251475965473039e-13
121.99024600147972 2.2552480817060538e-14
122.09460036076241 2.000100837121053e-13
122.19895472004512 7.170292630349054e-13
122.30330907932782 1.2117952004256863e-14
122.40766343861051 1.5409787448052488e-13
122.51201779789322 4.778155141783489e-13
122.61637215717592 2.9592279875319155e-14
122.72072651645863 9.620694187505651e-14
122.82508087574132 2.6140960788123916e-13
122.92943523502403 7.529636909373157e-14
123.03378959430673 4.4952397452086824e-14
123.13814395358943 1.5462742842753444e-13
123.24249831287213 1.2838659132460724e-13
123.34685267215484 1.0670823794082788e-14
123.45120703143753 1.7798110320084346e-13
123.55556139072024 1.7077814538044427e-13
123.65991575000294 1.5571572537496008e-15
123.76427010928565 3.2928056637213313e-13
123.86862446856834 1.970385882245413e-13
123.97297882785107 3.53718405179288e-14
124.07733318713377 5.756293435032627e-13
124.18168754641647 1.919969348115128e-13
124.28604190569918 1.124995349801661e-13
124.39039626498187 8.566992018774587e-13
124.49475062426458 1.6695627531020903e-13
124.59910498354728 2.2259367880316935e-13
124.70345934282999 1.0867881060928033e-12
124.80781370211268 1.1958219510865775e-13
124.91216806139539 3.2739332592973216e-13
125.01652242067809 1.2024527546391998e-12
125.1208767799608 6.525990626296444e-14
125.22523113924349 4.2327427559283376e-13
125.3295854985262 1.1925313338092537e-12
125.4339398578089 2.358360135010728e-14
125.5382942170916 4.698892584933228e-13
125.6426485763743 1.0499726764676768e-12
125.74700293565701 5.222648531105212e-15
125.8513572949397 4.66434219417129e-13
125.9557116542224 8.132336230702836e-13
126.06006601350511 1.5448053815374482e-14
126.1644203727878 4.120403832658732e-13
126.26877473207054 5.53083979982542e-13
126.37312909135323 4.992032354146133e-14
126.47748345063594 3.0050460796022683e-13
126.58183780991864 3.036184611750274e-13
126.68619216920135 9.687843484931012e-14
126.79054652848404 1.8431718407767785e-13
126.89490088776674 1.3947247151695272e-13
126.99925524704945 1.47270766710028e-13
127.10360960633214 9.028807456481337e-14
127.20796396561485 9.297854519959638e-14
127.31231832489755 1.779737234545457e-13
127.41667268418026 3.873717173739956e-14
127.52102704346295 1.5526887484241685e-13
127.62538140274566 1.7951217322327446e-13
127.72973576202835 4.338088352539661e-14
127.83409012131106 2.994614881167439e-13
127.93844448059376 1.514408924721525e-13
128.04279883987647 1.0244896962893357e-13
128.14715319915916 4.972717509369938e-13
128.25150755844186 1.0532005580971725e-13
128.35586191772458 2.0006323054441992e-13
128.4602162770073 6.70249496949007e-13
128.56457063629 5.902313549875938e-14
128.6689249955727 3.0089909040076993e-13
128.7732793548554 7.7896450825919e-13
128.8776337141381 1.758990872761956e-14
128.9819880734208 3.90049920888162e-13
129.0863424327035 8.087368142822034e-13
129.1906967919862 1.1806786254010807e-15
129.29505115126892 4.4083935354162054e-13
129.39940551055162 7.529079478732705e-13
129.5037598698343 1.2526532119932072e-14
129.608114229117 4.303852795373927e-13
129.71246858839973 6.274553038707157e-13
129.81682294768243 4.7360562007430407e-14
129.92117730696512 3.7877987787809886e-13
130.02553166624782 4.573793332497153e-13
130.12988602553054 9.155166245177051e-14
130.23424038481323 2.8706283264587143e-13
130.33859474409593 2.8416912233300985e-13
130.44294910337862 1.342234366458511e-13
130.54730346266132 1.913900077193652e-13
130.65165782194404 1.4226241910250847e-13
130.75601218122677 1.5542834515949042e-13
130.86036654050946 1.082390446103569e-13
130.96472089979216 4.8493130035764576e-14
131.06907525907488 1.4505490532708798e-13
131.17342961835757 5.1558096590931027e-14
131.27778397764027 1.0154941296078202e-14
131.38213833692296 1.1112839971292958e-13
131.4864926962057 3.614735526664594e-14
131.59084705548838 2.3247443067428515e-14
131.69520141477108 6.985671379324196e-14
131.79955577405377 5.583725126558934e-14
131.90391013333647 7.669712282712912e-14
132.0082644926192 2.6886607775769864e-14
132.11261885190189 9.987716240712507e-14
132.21697321118458 1.572311441353356e-13
132.32132757046728 2.3690898043916258e-15
132.42568192975 1.4797888832929376e-13
132.5300362890327 2.4469362081920897e-13
132.6343906483154 8.942070060016362e-15
132.73874500759808 1.802943470515236e-13
132.8430993668808 3.228573006661709e-13
132.9474537261635 4.749556706104553e-14
133.05180808544623 1.8792783401580369e-13
133.15616244472892 3.678867193263515e-13
133.26051680401162 1.0180449944304228e-13
133.36487116329434 1.6743665059322295e-13
133.46922552257703 3.8939531609742697e-13
133.57357988185973 1.6327365259792147e-13
133.67793424114242 1.3100325969854615e-13
133.78228860042515 3.8096496825635504e-13
133.88664295970784 2.0728668851867923e-13
133.99099731899054 8.252371491342637e-14
134.09535167827323 3.369068757664108e-13
134.19970603755596 2.1888172141397664e-13
134.30406039683865 3.7920363862309335e-14
134.40841475612135 2.6968500890027025e-13
134.51276911540404 1.9992540874938757e-13
134.61712347468676 1.0035141878868465e-14
134.72147783396946 1.863354162410175e-13
134.82583219325215 1.432230115238102e-13
134.93018655253485 5.679416274700635e-16
135.03454091181757 9.911185535094403e-14
135.13889527110027 7.848384506871507e-14
135.24324963038296 1.2170292852356799e-14
135.34760398966569 3.6964659281607776e-14
135.45195834894838 2.904777834124502e-14
135.5563127082311 3.516779256427001e-14
135.6606670675138 8.805334873456231e-15
135.7650214267965 1.1066793751437068e-14
135.8693757860792 5.837716467936496e-14
135.9737301453619 2.196147036562961e-14
136.0780845046446 3.287640993691179e-14
136.1824388639273 7.150216829246742e-14
136.28679322321 7.980766032448979e-14
136.3911475824927 9.468007161759687e-14
136.49550194177542 7.651608025997998e-14
136.5998563010581 1.7363349609556977e-13
136.7042106603408 1.8016818254737558e-13
136.8085650196235 6.423828010688199e-14
136.91291937890622 2.664854263286614e-13
137.01727373818892 2.4993112362440366e-13
137.1216280974716 3.913123957068306e-14
137.2259824567543 3.558895737520946e-13
137.33033681603703 2.8925186273366486e-13
137.43469117531973 1.4844397177272154e-14
137.53904553460242 4.2609597570634416e-13
137.64339989388515 2.9536632318120036e-13
137.74775425316784 3.934365175669963e-15
137.85210861245056 4.539047821060946e-13
137.95646297173326 2.571129805527301e-13
138.06081733101595 1.2273199236592403e-14
138.16517169029865 4.2952190803835157e-13
138.26952604958137 1.853187961146814e-13
138.37388040886407 4.194064966942636e-14
138.47823476814676 3.5479362115232936e-13
138.58258912742946 9.74708178607797e-14
138.68694348671218 9.189519250050468e-14
138.79129784599488 2.651941543154326e-13
138.89565220527757 3.162264805101234e-14
139.00000656456027 1.5001350984057704e-13
139.104360923843 1.7270189308368163e-13
139.20871528312568 4.6266893121814635e-15
139.31306964240838 1.991620747818157e-13
139.41742400169107 8.885334716833122e-14
139.5217783609738 1.9011491550236738e-14
139.6261327202565 2.3419254458775275e-13
139.7304870795392 3.421868653130198e-14
139.8348414388219 6.783970412746954e-14
139.9391957981046 2.4901384694320854e-13
140.04355015738733 1.914545961283451e-14
140.14790451667002 1.3280092372465012e-13
140.25225887595272 2.403074263345528e-13
140.35661323523541 4.201138814889587e-14
140.46096759451814 1.8200043361126542e-13
140.56532195380083 2.158106729849878e-13
140.66967631308353 9.529969856389874e-14
140.77403067236622 1.998194072226906e-13
140.87838503164892 1.8585774583702302e-13
140.98273939093164 1.6897732006974515e-13
141.08709375021434 1.7974323698607244e-13
141.19144810949703 1.706381199500414e-13
141.29580246877973 2.5121268647434833e-13
141.40015682806245 1.2586622070791751e-13
141.50451118734514 1.842288397479485e-13
141.60886554662784 3.2607756638128786e-13
141.71321990591053 6.315063304300545e-14
141.81757426519326 2.2759554514763717e-13
141.92192862447595 3.8861059074834496e-13
142.02628298375865 1.510888341006847e-14
142.13063734304137 3.0222026229866376e-13
142.23499170232407 4.244789279851764e-13
142.3393460616068 3.5374904272642424e-15
142.44370042088948 3.9446729678338004e-13
142.54805478017218 4.2893323253763463e-13
142.65240913945487 3.2579195628188396e-14
142.7567634987376 4.920018244552284e-13
142.8611178580203 4.025934374861822e-13
142.965472217303 9.168563761706403e-14
143.06982657658568 5.731654733412907e-13
143.1741809358684 3.496949429230056e-13
143.2785352951511 1.5288326979533329e-13
143.3828896544338 6.113774716961398e-13
143.4872440137165 2.821302639502235e-13
143.59159837299921 1.9449730023366788e-13
143.6959527322819 6.22409453381486e-13
143.8003070915646 2.265145094210641e-13
143.9046614508473 1.8978100152637236e-13
144.00901581013002 5.945787066963166e-13
144.11337016941272 2.09015101818953e-13
144.2177245286954 1.4256766233666632e-13
144.3220788879781 5.440856506686667e-13
144.42643324726083 2.5040024853520956e-13
144.53078760654356 8.389937059045999e-14
144.63514196582625 5.084456665942122e-13
144.73949632510895 3.693505090261358e-13
144.84385068439164 4.7434626986614854e-14
144.94820504367436 5.031955655413496e-13
145.05255940295706 5.675306095425691e-13
145.15691376223975 7.303117881011169e-14
145.26126812152245 5.440495742513149e-13
145.36562248080517 8.059024905891701e-13
145.46997684008787 1.8392628818607597e-13
145.57433119937056 6.284765660515163e-13
145.67868555865326 1.0451897263877984e-12
145.78303991793595 3.6982881825429256e-13
145.88739427721868 7.360522351658646e-13
145.99174863650137 1.2140167448029246e-12
146.09610299578407 5.750627514423042e-13
146.20045735506676 8.416550768208056e-13
146.30481171434948 1.2812512420611823e-12
146.40916607363218 7.427465113447602e-13
146.51352043291487 9.109548239893782e-13
146.61787479219757 1.2456257405161305e-12
146.7222291514803 8.273351159941895e-13
146.82658351076302 9.183652409561966e-13
146.9309378700457 1.1093563468817348e-12
147.0352922293284 7.892075551000955e-13
147.1396465886111 8.688348350821164e-13
147.24400094789382 9.604290828291436e-13
147.34835530717652 6.688065080120715e-13
147.4527096664592 7.828491681841207e-13
147.5570640257419 8.716472485360981e-13
147.66141838502463 5.344720761562863e-13
147.76577274430733 6.960681387443212e-13
147.87012710359002 8.896837694040841e-13
147.97448146287272 4.692140690960816e-13
148.07883582215544 6.593958592274411e-13
148.18319018143814 1.03528395062092e-12
148.28754454072083 5.408818919728162e-13
148.39189890000353 7.05782390495117e-13
148.49625325928625 1.2693431738090636e-12
148.60060761856894 7.600094904977102e-13
148.70496197785164 8.411525851915433e-13
148.80931633713433 1.5039962091593211e-12
148.91367069641706 1.0552576312067293e-12
149.01802505569978 1.0278800775660006e-12
149.12237941498248 1.6452996081830545e-12
149.22673377426517 1.3193801106017684e-12
149.33108813354787 1.2120578530766245e-12
149.4354424928306 1.6270417331673272e-12
149.53979685211328 1.4353049226815185e-12
149.64415121139598 1.333772710138462e-12
149.74850557067867 1.4490823493078242e-12
149.8528599299614 1.3360327413388936e-12
149.9572142892441 1.349662796566959e-12
150.0615686485268 1.1901170946601129e-12
150.16592300780948 1.078948187182408e-12
150.27027736709218 1.287275779754896e-12
150.3746317263749 9.632614667607961e-13
150.4789860856576 7.718617413691716e-13
150.5833404449403 1.2013000530026462e-12
150.68769480422299 8.81466353380698e-13
150.7920491635057 5.655384161515662e-13
150.8964035227884 1.1585595503427953e-12
151.0007578820711 9.797358866058839e-13
151.1051122413538 5.587940127319594e-13
151.20946660063652 1.2163135832295556e-12
151.31382095991924 1.212590797279937e-12
151.41817531920194 7.417960383814383e-13
151.52252967848463 1.3752730317636392e-12
151.62688403776733 1.4765827723018266e-12
151.73123839705005 1.002584747995472e-12
151.83559275633274 1.5692738216314174e-12
151.93994711561544 1.6583264614851225e-12
152.04430147489813 1.2071998460959663e-12
152.14865583418086 1.7213074649299327e-12
152.25301019346355 1.6922752849534494e-12
152.35736455274625 1.2404982143677025e-12
152.46171891202894 1.7507264320753468e-12
152.56607327131167 1.594667873788947e-12
152.67042763059436 1.094967536721639e-12
152.77478198987706 1.624836311673233e-12
152.87913634915975 1.4405759057041892e-12
152.98349070844247 8.672605895434722e-13
153.08784506772517 1.376645063788357e-12
153.19219942700786 1.3140894977467713e-12
153.29655378629056 6.869268722801547e-13
153.40090814557328 1.0857660308138402e-12
153.505262504856 1.2849478918478752e-12
153.6096168641387 6.650990323281213e-13
153.7139712234214 8.477229950128601e-13
153.8183255827041 1.366931906430152e-12
153.92267994198681 8.255142301687484e-13
154.0270343012695 6.966050899119679e-13
154.1313886605522 1.5007186676884792e-12
154.2357430198349 1.0991766815861016e-12
154.34009737911762 6.312616656874479e-13
154.44445173840032 1.596322150899017e-12
154.548806097683 1.353138396362114e-12
154.6531604569657 6.137544600537154e-13
154.7575148162484 1.599614728016427e-12
154.86186917553113 1.4778368001258385e-12
154.96622353481382 5.858002146117784e-13
155.07057789409652 1.4814262355601023e-12
155.1749322533792 1.4206114121680434e-12
155.27928661266193 5.161937576842531e-13
155.38364097194463 1.2650279935017583e-12
155.48799533122732 1.2139300477717902e-12
155.59234969051002 4.0864173262303854e-13
155.69670404979274 1.0234414100304884e-12
155.80105840907547 9.488408337587064e-13
155.90541276835816 2.752819231659649e-13
156.00976712764086 7.956866242881828e-13
156.11412148692355 7.160568080632391e-13
156.21847584620627 1.4798202681156434e-13
156.32283020548897 6.130433980192259e-13
156.42718456477166 5.770043375524017e-13
156.53153892405436 5.984370999700517e-14
156.63589328333708 4.986040471716755e-13
156.74024764261978 5.521956293008548e-13
156.84460200190247 2.0791662030531245e-14
156.94895636118517 4.4230197324035755e-13
157.0533107204679 6.198364972315323e-13
157.1576650797506 2.34606545049768e-14
157.26201943903328 4.2221832679755565e-13
157.36637379831598 7.196765676302313e-13
157.4707281575987 4.66608191110471e-14
157.5750825168814 4.0994648856115376e-13
157.6794368761641 7.932826547516414e-13
157.78379123544678 6.799466944760111e-14
157.8881455947295 3.8279243919090936e-13
157.9924999540122 7.89474947812696e-13
158.09685431329493 7.122080224963139e-14
158.20120867257762 3.3866755092507263e-13
158.30556303186032 7.004823181181202e-13
158.40991739114304 5.390422164710544e-14
158.51427175042573 2.818787341752078e-13
158.61862610970843 5.59156297454416e-13
158.72298046899112 2.8314496223692774e-14
158.82733482827385 2.1918073975066793e-13
158.93168918755654 3.937625900712196e-13
159.03604354683924 9.264166515615685e-15
159.14039790612193 1.558803271804245e-13
159.24475226540463 2.3978737377770093e-13
159.34910662468735 7.094229791022929e-15
159.45346098397005 9.977336279511311e-14
159.55781534325274 1.2869332585511735e-13
159.66216970253544 2.858095035518625e-14
159.76652406181816 5.813932177385016e-14
159.87087842110085 7.460446676981952e-14
159.97523278038355 6.844408637696517e-14
160.07958713966624 3.0418832894958765e-14
160.18394149894897 7.005929291977473e-14
160.28829585823166 1.1294457869752187e-13
160.3926502175144 1.5695429314055414e-14
160.49700457679708 9.757942029927283e-14
160.60135893607978 1.5019058712414622e-13
160.7057132953625 1.0449127655524019e-14
160.8100676546452 1.346618799409544e-13
160.9144220139279 1.6719507755363675e-13
161.01877637321059 1.015284096004655e-14
161.1231307324933 1.574933356977747e-13
161.227485091776 1.5638191079407482e-13
161.3318394510587 1.3133511311578415e-14
161.4361938103414 1.5559110561614481e-13
161.54054816962412 1.231087217702764e-13
161.6449025289068 1.7987012491053733e-14
161.7492568881895 1.343728468241414e-13
161.8536112474722 8.105057716271017e-14
161.95796560675493 2.150810088124256e-14
162.06231996603762 9.703684130243365e-14
162.16667432532032 4.394132050563485e-14
162.271028684603 2.3436359011368134e-14
162.37538304388573 5.5012918809865e-14
162.47973740316843 2.2210600337756915e-14
162.58409176245115 2.442557488589602e-14
162.68844612173385 2.358424639018351e-14
162.79280048101654 2.3399524184887126e-14
162.89715484029927 2.459322020818189e-14
163.00150919958196 8.675301951848417e-15
163.10586355886466 4.420723317106916e-14
163.21021791814735 2.3208667789805257e-14
163.31457227743007 9.550002978427395e-15
163.41892663671277 7.567536071604396e-14
163.52328099599546 2.0030304046935684e-14
163.62763535527816 1.9855303693255413e-14
163.73198971456088 1.0751412409750047e-13
163.83634407384358 1.6662342768562902e-14
163.94069843312627 3.1800027392959166e-14
164.04505279240897 1.2879754492624993e-13
164.14940715169166 1.4333185492993213e-14
164.25376151097439 3.796657399280712e-14
164.35811587025708 1.286573382545772e-13
164.46247022953978 1.1469000848489919e-14
164.56682458882247 3.476618000456051e-14
164.6711789481052 1.1040896224743483e-13
164.7755333073879 8.4735946737705e-15
164.8798876666706 2.2928739912006633e-14
164.9842420259533 7.960984981920593e-14
165.088596385236 6.180933706447148e-15
165.19295074451873 9.193945631979505e-15
165.29730510380142 4.445736910305225e-14
165.40165946308412 4.0911652170595334e-15
165.5060138223668 1.5557341912571962e-15
165.61036818164953 1.684697063065957e-14
165.71472254093223 2.5085394628670598e-15
165.81907690021492 6.873820688145484e-15
165.92343125949762 3.190265306992009e-15
166.02778561878034 1.7227994793556687e-15
166.13213997806304 2.7964735461779375e-14
166.23649433734573 5.279077961946091e-15
166.34084869662843 2.4790145906329062e-15
166.44520305591115 6.227430522235236e-14
166.54955741519385 1.913254069713653e-14
166.65391177447654 5.364376114377094e-15
166.75826613375924 1.0283515446010015e-13
166.86262049304196 3.7665735647567804e-14
166.96697485232465 1.070364669686467e-14
167.07132921160735 1.4004975494267507e-13
167.17568357089007 5.3870692462272816e-14
167.28003793017277 1.8885338810303806e-14
167.3843922894555 1.6226583668922845e-13
167.48874664873819 5.973382768328448e-14
167.59310100802088 2.8822385034468845e-14
167.69745536730358 1.653226634889447e-13
167.8018097265863 5.2937824657308675e-14
167.906164085869 4.000318636896611e-14
168.0105184451517 1.4889280519854948e-13
168.11487280443438 3.7788912595505445e-14
168.2192271637171 5.0530897499309816e-14
168.3235815229998 1.185762473200357e-13
168.4279358822825 1.9623972607151813e-14
168.5322902415652 5.73623913458483e-14
168.6366446008479 8.517477559735708e-14
168.7409989601306 5.8174804645651624e-15
168.8453533194133 6.139218117000415e-14
168.949707678696 6.078635492548896e-14
169.0540620379787 1.5098591976393365e-15
169.15841639726142 6.062823708409546e-14
169.2627707565441 5.416696873198864e-14
169.3671251158268 8.743576375339256e-15
169.47147947510953 5.5197149325500673e-14
169.57583383439223 6.800762906288361e-14
169.68018819367495 2.4427237459182805e-14
169.78454255295765 4.783266366111711e-14
169.88889691224034 1.0332599523842929e-13
169.99325127152304 4.318214881895922e-14
170.09760563080576 4.133679087565657e-14
170.20195999008845 1.5089374471951527e-13
170.30631434937115 5.772623393827375e-14
170.41066870865384 3.7209274094365187e-14
170.51502306793657 1.9418249893227537e-13
170.61937742721926 6.14794060336511e-14
170.72373178650196 3.8010577693288776e-14
170.82808614578465 2.2843433931889984e-13
170.93244050506738 5.3585087009505367e-14
171.03679486435007 4.759115565940503e-14
171.14114922363277 2.444178274922692e-13
171.24550358291546 3.851057745720852e-14
171.34985794219818 6.359543878186394e-14
171.45421230148088 2.3433654054498856e-13
171.55856666076357 1.9385728731109868e-14
171.6629210200463 8.32105062826196e-14
171.767275379329 2.0511979705052975e-13
171.87162973861172 4.258083304162653e-15
171.9759840978944 1.0655885333084332e-13
172.0803384571771 1.661762673877497e-13
172.1846928164598 3.7702227162404614e-16
172.28904717574252 1.2707759827461721e-13
172.39340153502522 1.2530235639887388e-13
172.49775589430791 8.55544518876668e-15
172.6021102535906 1.3755156865694243e-13
172.70646461287333 9.081877488853653e-14
172.81081897215603 2.7723473482992916e-14
172.91517333143872 1.401120892590299e-13
173.01952769072142 7.515328207567771e-14
173.1238820500041 5.2867345114585755e-14
173.22823640928684 1.355789732603318e-13
173.33259076856953 7.840946205011534e-14
173.43694512785223 7.294640170572954e-14
173.54129948713492 1.1904511787958039e-13
173.64565384641764 9.35573499603792e-14
173.75000820570034 8.376675424557692e-14
173.85436256498303 9.738461651324738e-14
173.95871692426576 1.1930121437811679e-13
174.06307128354848 8.357168938813293e-14
174.16742564283118 8.087341463858195e-14
174.27178000211387 1.4604322425075677e-13
174.37613436139657 6.989572583850926e-14
174.48048872067926 6.748298692460434e-14
174.58484307996198 1.5962166081588974e-13
174.68919743924468 4.669382871294621e-14
174.79355179852737 6.068518245643853e-14
174.89790615781007 1.602133876760402e-13
175.0022605170928 2.3451102218875697e-14
175.1066148763755 6.659164575260419e-14
175.21096923565818 1.4956483142582736e-13
175.31532359494088 7.8675176201398e-15
175.4196779542236 7.878245371536108e-14
175.5240323135063 1.244112743136368e-13
175.628386672789 2.864231420712259e-15
175.7327410320717 9.179631917985781e-14
175.8370953913544 9.188452232622843e-14
175.9414497506371 1.1752527679374065e-14
176.0458041099198 1.0663826156226321e-13
176.1501584692025 6.345675306359802e-14
176.25451282848522 3.036152350187905e-14
176.35886718776794 1.1563454625386439e-13
176.46322154705064 4.079666080607855e-14
176.56757590633333 5.073471383502547e-14
176.67193026561603 1.1238873376594012e-13
176.77628462489875 2.6031228593175337e-14
176.88063898418145 6.912837863952875e-14
176.98499334346414 1.0160148440842208e-13
177.08934770274684 2.3196247151133227e-14
177.19370206202956 7.869623884327818e-14
177.29805642131225 8.587780850317238e-14
177.40241078059495 2.7650248900168662e-14
177.50676513987764 7.267891047175154e-14
177.61111949916037 6.345621681331365e-14
177.71547385844306 3.340828002363941e-14
177.81982821772576 5.666774368965758e-14
177.92418257700845 4.126225081254392e-14
178.02853693629115 4.0210236914439826e-14
178.13289129557387 3.6539137308249127e-14
178.23724565485657 2.6366112100284572e-14
178.34160001413926 4.3617361507094276e-14
178.44595437342196 1.6298943272790135e-14
178.5503087327047 1.7072527493055155e-14
178.6546630919874 3.9813448033714376e-14
178.7590174512701 3.092387486521421e-15
178.8633718105528 1.4116454613757652e-14
178.9677261698355 3.2340608234751565e-14
179.0720805291182 2.1194167130534753e-15
179.1764348884009 1.8216012024356022e-14
179.2807892476836 2.398794743466305e-14
179.3851436069663 1.181421298278652e-14
179.48949796624902 2.3993245306436303e-14
179.5938523255317 1.5228844445627192e-14
179.6982066848144 2.9183961562464144e-14
179.8025610440971 2.861407114735217e-14
179.90691540337983 8.16285544904532e-15
180.01126976266252 4.92800957543448e-14
180.11562412194522 3.2339237250756506e-14
180.2199784812279 4.83389477161269e-15
180.32433284051064 6.258723148515004e-14
180.42868719979333 3.25981331222023e-14
180.53304155907603 4.457716902965759e-15
180.63739591835872 6.474275695390982e-14
180.74175027764144 2.8477107092926305e-14
180.84610463692417 5.539684661696579e-15
180.95045899620686 5.793229447279793e-14
181.05481335548956 2.2923251937015307e-14
181.15916771477225 5.845381702388245e-15
181.26352207405498 4.197187751601756e-14
181.36787643333767 1.8395070444179044e-14
181.47223079262037 5.1263478317135224e-15
181.57658515190306 2.197980757290622e-14
181.68093951118578 1.4683279519929233e-14
181.78529387046848 3.860516877921306e-15
181.88964822975117 7.0165091159064645e-15
181.99400258903387 1.2129864630833326e-14
182.0983569483166 2.190249233061414e-15
182.2027113075993 1.4426381375730243e-15
182.30706566688198 1.1130763262888153e-14
182.41142002616468 1.9765915927990396e-15
182.51577438544737 7.308237372097328e-15
182.6201287447301 1.1008248511245673e-14
182.7244831040128 5.179904138828506e-15
182.82883746329549 2.395107915345037e-14
182.93319182257818 9.612027995242884e-15
183.03754618186093 1.16828933100429e-14
183.14190054114363 4.457071738180292e-14
183.24625490042632 6.470193680445851e-15
183.35060925970902 2.1585418474913517e-14
183.4549636189917 6.2501295203091e-14
183.55931797827444 3.1323698888642762e-15
183.66367233755713 3.4760291696031546e-14
183.76802669683983 7.402382939612195e-14
183.87238105612252 1.3289896930129771e-15
183.97673541540524 4.769773283222097e-14
184.08108977468794 7.356944399618186e-14
184.18544413397063 2.992211054894069e-15
184.28979849325333 5.761336025488163e-14
184.39415285253605 6.148670302378016e-14
184.49850721181875 1.080854969957326e-14
184.60286157110144 6.490362372260766e-14
184.70721593038414 4.339024774526276e-14
184.81157028966686 2.4651316412704587e-14
184.91592464894956 6.700884516418025e-14
185.02027900823225 2.4941159099392793e-14
185.12463336751495 4.270696112996025e-14
185.22898772679767 6.320665105701212e-14
185.3333420860804 1.1287649040744807e-14
185.4376964453631 6.303938019868446e-14
185.54205080464578 5.781439397684063e-14
185.64640516392848 8.048350087280784e-15
185.7507595232112 8.094821676445446e-14
185.8551138824939 5.269044469396148e-14
185.9594682417766 1.6454217227929317e-14
186.0638226010593 9.06476838248654e-14
186.168176960342 4.894297698017046e-14
186.2725313196247 3.3257467428880586e-14
186.3768856789074 9.076250924205198e-14
186.4812400381901 4.9705817666868286e-14
186.58559439747282 5.4489445475794894e-14
186.6899487567555 8.278915771966232e-14
186.7943031160382 5.595549655384984e-14
186.8986574753209 7.310936377798439e-14
187.0030118346036 6.803517917266378e-14
187.10736619388632 6.572430887364918e-14
187.21172055316902 8.21204332797062e-14
187.3160749124517 5.191656114041992e-14
187.4204292717344 7.797707486225628e-14
187.52478363101713 8.079076454078078e-14
187.62913799029985 4.1081526858518563e-14
187.73349234958255 9.042862905907619e-14
187.83784670886524 6.945274936490681e-14
187.94220106814797 3.9263465702007454e-14
188.04655542743066 9.90794052505535e-14
188.15090978671336 5.071150379278187e-14
188.25526414599605 4.899047287118022e-14
188.35961850527875 1.0248691684099251e-13
188.46397286456147 3.116977262581412e-14
188.56832722384416 7.0074326727677e-14
188.67268158312686 1.0089140455381177e-13
188.77703594240955 1.680845583570872e-14
188.88139030169228 9.689833870539375e-14
188.98574466097497 9.333044964827297e-14
189.09009902025767 1.0909505617953365e-14
189.19445337954036 1.2312196999947235e-13
189.2988077388231 8.179872023044085e-14
189.40316209810578 1.4943239134233447e-14
189.50751645738848 1.4312652035916763e-13
189.61187081667117 7.016194714569332e-14
189.7162251759539 2.7001467306627766e-14
189.8205795352366 1.510892096928945e-13
189.9249338945193 5.985863956010257e-14
190.029288253802 4.186816688143477e-14
190.1336426130847 1.4363129704147652e-13
190.23799697236743 5.252357886717725e-14
190.34235133165012 5.461055248316022e-14
190.44670569093282 1.2418147176520826e-13
190.5510600502155 4.993817717230372e-14
190.65541440949823 6.133752447806755e-14
190.75976876878093 9.799552408036143e-14
190.86412312806362 5.126259760693785e-14
190.96847748734632 5.930915041020582e-14
191.07283184662904 7.117861480033611e-14
191.17718620591174 5.5091772167969955e-14
191.28154056519443 4.9041672847608236e-14
191.38589492447713 5.170654177987172e-14
191.49024928375985 5.989916276708893e-14
191.59460364304255 3.463581961694761e-14
191.69895800232524 4.427485557152372e-14
191.80331236160794 6.341930342704141e-14
191.90766672089063 1.9667137419603977e-14
192.01202108017335 4.959709502997974e-14
192.11637543945605 6.348687081407247e-14
192.22072979873877 7.794410233195526e-15
192.32508415802147 6.559544872350464e-14
192.4294385173042 5.955393867241136e-14
192.5337928765869 1.7876022637878415e-15
192.63814723586958 8.632342294924902e-14
192.74250159515228 5.198153979106727e-14
192.84685595443497 2.034615241202832e-15
192.9512103137177 1.048379897100677e-13
193.0555646730004 4.1516402833155496e-14
193.15991903228309 7.091547699403706e-15
193.26427339156578 1.1494071281051266e-13
193.3686277508485 3.021898564995855e-14
193.4729821101312 1.4182832769281792e-14
193.5773364694139 1.1364176474219417e-13
193.6816908286966 1.984626934645734e-14
193.7860451879793 1.9863027913288584e-14
193.890399547262 1.0064178033616365e-13
193.9947539065447 1.1680492236592121e-14
194.0991082658274 2.187037904704966e-14
194.20346262511012 7.862183543991682e-14
194.30781698439282 6.621777684045711e-15
194.41217134367554 1.954881384129351e-14
194.51652570295823 5.3512862263038487e-14
194.62088006224093 4.452120078028052e-15
194.72523442152365 1.39463928527315e-14
194.82958878080635 3.0426046070354403e-14
194.93394314008904 4.344175417804053e-15
195.03829749937174 7.274631145039792e-15
195.14265185865446 1.4179584309284273e-14
195.24700621793716 5.177309911651658e-15
195.35136057721985 2.1523974115655873e-15
195.45571493650255 7.209228386326695e-15
195.56006929578527 5.779965327875512e-15
195.66442365506796 3.0423664237215785e-16
195.76877801435066 8.485345298046125e-15
195.87313237363335 5.483714309527089e-15
195.97748673291608 2.2650049644178994e-15
196.08184109219877 1.497434625834105e-14
196.18619545148147 4.198776093227438e-15
196.29054981076416 7.04175563668062e-15
196.39490417004686 2.259110464816287e-14
196.49925852932958 2.4802203806964855e-15
196.60361288861228 1.27853998147781e-14
196.707967247895 2.760776724919367e-14
196.8123216071777 1.2109025027293218e-15
196.91667596646042 1.7292758989709657e-14
197.0210303257431 2.800442691589235e-14
197.1253846850258 1.2925666406010257e-15
197.2297390443085 1.8861509973759467e-14
197.3340934035912 2.3994697882962732e-14
197.43844776287392 3.3611500658196215e-15
197.54280212215662 1.71261340183894e-14
197.6471564814393 1.7639227541915728e-14
197.751510840722 7.428758571302131e-15
197.85586520000473 1.2786009188641562e-14
197.96021955928742 1.1360401646153294e-14
198.06457391857012 1.2846084656211497e-14
198.1689282778528 7.977455259550021e-15
198.27328263713554 7.475655381086154e-15
198.37763699641823 1.8349922802050363e-14
198.48199135570093 4.826717977493014e-15
198.58634571498362 6.656180977408967e-15
198.69070007426635 2.2466683734142763e-14
198.79505443354904 5.145879086531595e-15
198.89940879283174 8.259513691058645e-15
199.00376315211446 2.4246507536042892e-14
199.10811751139715 9.877234057658603e-15
199.21247187067988 1.0569372482373476e-14
199.31682622996257 2.378732679699772e-14
199.42118058924527 1.8652638732378395e-14
199.52553494852796 1.1675288171079431e-14
199.62988930781069 2.216754653559305e-14
199.73424366709338 2.9986377002629074e-14
199.83859802637608 1.0456841501146259e-14
199.94295238565877 2.1536349090346965e-14
