0.0 0.0
0.10435435928270291 4.082861882452876e-09
0.20870871856540582 1.0886837386293087e-09
0.3130630778481087 7.018583613717524e-08
0.41741743713081164 1.5186718812753035e-07
0.5217717964135146 1.8659684984696847e-06
0.6261261556962174 0.0003381840968070798
0.7304805149789203 0.0031915529149517214
0.8348348742616233 0.007907475556757972
0.9391892335443263 0.006221681575619067
1.0435435928270291 0.0011308568076039789
1.1478979521097321 6.881971929112096e-07
1.2522523113924349 1.2168340028525132e-05
1.3566066706751378 6.79696402551803e-06
1.4609610299578406 4.27166536947378e-07
1.5653153892405436 3.074593749936271e-06
1.6696697485232466 7.726218223524077e-07
1.7740241078059495 9.104815058234161e-07
1.8783784670886525 1.2437070432535437e-06
1.9827328263713553 3.727825889637355e-07
2.0870871856540583 1.4660132205369106e-06
2.1914415449367612 9.406800312347027e-07
2.2957959042194642 4.0030963558163673e-07
2.400150263502167 5.658465928505181e-06
2.5045046227848697 6.226514667939137e-06
2.6088589820675727 2.0290183599183232e-06
2.7132133413502757 9.910621605178021e-07
2.8175677006329787 1.5420661794364526e-06
2.921922059915681 6.358909170800797e-07
3.026276419198384 3.9371526807155427e-07
3.130630778481087 4.260342312516907e-07
3.23498513776379 5.211722761976885e-07
3.339339497046493 3.258130560888931e-07
3.4436938563291957 5.592469972009658e-07
3.548048215611899 2.8750292989789917e-07
3.6524025748946016 5.755691242584202e-07
3.756756934177305 2.4031928988566155e-07
3.8611112934600076 4.2406611951343613e-07
3.9654656527427106 6.601446551613579e-07
4.0698200120254135 3.8185226287474495e-07
4.1741743713081165 2.3658259331087544e-07
4.2785287305908195 3.645544402954769e-07
4.3828830898735225 4.747348093989676e-07
4.4872374491562255 3.4207259885958576e-07
4.5915918084389284 2.496355550007724e-07
4.6959461677216305 4.0196555337798703e-07
4.800300527004334 3.5476221671941073e-07
4.9046548862870365 3.0352761472164226e-07
5.0090092455697395 3.199389337121094e-07
5.1133636048524425 2.114556904397396e-07
5.217717964135145 4.149669116042538e-07
5.322072323417848 2.5308361033610003e-07
5.426426682700551 2.6624599413383874e-07
5.530781041983254 3.1068255770045346e-07
5.635135401265957 2.5234070078425917e-07
5.73948976054866 2.352270062014902e-07
5.843844119831362 2.774839762988507e-07
5.948198479114066 2.3617759813276054e-07
6.052552838396768 2.402442191699136e-07
6.156907197679472 2.5472603597468676e-07
6.261261556962174 2.244828323644452e-07
6.365615916244878 1.606162001033643e-07
6.46997027552758 3.189374231306826e-07
6.574324634810284 1.7878569154089196e-07
6.678678994092986 1.3588692844479125e-07
6.783033353375689 2.8106615822282467e-07
6.887387712658391 1.5841553314862591e-07
6.991742071941095 1.653965569792995e-07
7.096096431223798 2.446122224163059e-07
7.200450790506501 1.0882245425912032e-07
7.304805149789203 1.6563019418488783e-07
7.409159509071906 1.6818708473161246e-07
7.51351386835461 1.3030043044178943e-07
7.617868227637313 1.580832971657846e-07
7.722222586920015 1.8268752541069163e-07
7.826576946202718 7.970604563749787e-08
7.930931305485421 1.0030838953947965e-07
8.035285664768125 1.9284741772806988e-07
8.139640024050827 9.93777119011851e-08
8.24399438333353 1.03330056675565e-07
8.348348742616233 1.4637739744323251e-07
8.452703101898935 8.426086449559625e-08
8.557057461181639 9.157317557544268e-08
8.661411820464341 1.1164563195273746e-07
8.765766179747045 1.2859430861111153e-07
8.870120539029747 6.891509326696035e-08
8.974474898312451 7.678723157706689e-08
9.078829257595153 1.5700809402996596e-07
9.183183616877857 8.743711353749913e-08
9.287537976160559 2.734521854007495e-07
9.391892335443261 6.42694532580337e-08
9.496246694725965 3.963630945499551e-08
9.600601054008669 4.77596042643781e-07
9.704955413291371 7.812974620772656e-08
9.809309772574073 2.8899144745007365e-08
9.913664131856777 4.475162011138454e-07
10.018018491139479 1.3777616938107349e-07
10.122372850422183 1.2721024964498977e-07
10.226727209704885 6.127143152638666e-07
10.331081568987589 1.420089483855754e-07
10.43543592827029 4.0319966682918275e-07
10.539790287552993 4.3982108650169613e-07
10.644144646835697 4.891582486101123e-07
10.7484990061184 1.4372212010586887e-06
10.852853365401103 6.756659094031667e-07
10.957207724683805 7.411938385766029e-07
11.061562083966509 1.423437754191825e-06
11.165916443249213 1.3719248281759084e-06
11.270270802531915 3.7411865949352335e-07
11.374625161814617 1.6106153915649129e-06
11.47897952109732 8.450597542513772e-07
11.583333880380025 1.534662163745416e-07
11.687688239662725 2.719041351098694e-06
11.792042598945429 5.770856867496888e-07
11.896396958228133 1.0130155173543002e-07
12.000751317510835 2.1809361724810195e-06
12.105105676793537 3.39502179168077e-07
12.20946003607624 9.913507414858307e-07
12.313814395358945 6.999736647004399e-06
12.418168754641647 1.1561179286852772e-06
12.522523113924349 1.7297355147985393e-06
12.626877473207053 8.120992681872097e-06
12.731231832489756 3.176062090506943e-06
12.835586191772459 7.462706064314186e-07
12.93994055105516 3.871640049120255e-06
13.044294910337864 3.0889816567266975e-06
13.148649269620568 4.7430550197926136e-06
13.253003628903269 5.1546295863252345e-06
13.357357988185973 6.112168237863678e-06
13.461712347468676 9.759433710039336e-06
13.566066706751378 4.320229669980249e-06
13.67042106603408 7.800518781534361e-06
13.774775425316783 1.8144191684362418e-05
13.879129784599488 4.196749386239805e-05
13.98348414388219 9.738994727575919e-07
14.087838503164894 6.541611407089723e-05
14.192192862447596 5.562690677058835e-05
14.296547221730298 2.7091957314760963e-05
14.400901581013002 6.063229812581338e-05
14.505255940295704 9.137261629400905e-05
14.609610299578407 4.072293859304239e-05
14.71396465886111 7.523336144846829e-05
14.818319018143812 0.00019986924063310966
14.922673377426518 6.069320897581065e-05
15.02702773670922 0.00013888054264247577
15.131382095991922 0.00036293902934440565
15.235736455274626 0.0002374963312964712
15.340090814557328 5.1760583264203956e-05
15.44444517384003 0.000466795051924887
15.548799533122734 0.0006027769671042198
15.653153892405436 0.00018601573542405657
15.757508251688138 0.0012098074413443448
15.861862610970842 0.0002211708275445421
15.966216970253544 0.0003383392570039808
16.07057132953625 0.0015797626127494174
16.174925688818952 0.0013491317168716078
16.279280048101654 0.000729777213172459
16.38363440738436 0.0013053780684107678
16.48798876666706 0.0009003679522793664
16.59234312594976 0.0008372841746998078
16.696697485232466 0.004471322089521974
16.801051844515168 0.003731486578163494
16.90540620379787 0.0027185001721595323
17.009760563080576 0.0003153118789320179
17.114114922363278 0.004960397216379984
17.21846928164598 0.005382215208607166
17.322823640928682 0.013930436897659755
17.427178000211384 0.008319841811016068
17.53153235949409 0.001036690725292507
17.635886718776792 0.0061479646588427994
17.740241078059494 0.026069905646774697
17.8445954373422 0.03110667517290818
17.948949796624902 0.02403877340363223
18.053304155907604 0.005478172561726858
18.157658515190306 0.002093291347469509
18.262012874473008 0.04211888587468284
18.366367233755714 0.08246566433948328
18.470721593038416 0.08712803599176715
18.575075952321118 0.03702293974909833
18.679430311603824 0.005577962579126803
18.783784670886522 0.029400031030780926
18.888139030169224 0.09001111700245543
18.99249338945193 0.15486693283350894
19.096847748734632 0.09722718262046746
19.201202108017338 0.021616270341618643
19.30555646730004 0.02668955145389574
19.409910826582742 0.1639405910322192
19.514265185865444 0.2686005129149253
19.618619545148146 0.17719659262601414
19.722973904430848 0.06180991225883468
19.827328263713554 0.06404350423455737
19.931682622996256 0.517627574536415
20.036036982278958 1.6044421500864627
20.140391341561664 2.496066889550875
20.244745700844366 3.881156710027701
20.349100060127068 4.0450183804203705
20.45345441940977 4.6883191022065525
20.557808778692472 3.736333643474273
20.662163137975178 2.7027374310283503
20.76651749725788 1.31706428015873
20.87087185654058 0.46525937092512104
20.975226215823287 0.09206567135677596
21.079580575105986 0.006832319142303895
21.18393493438869 0.0127811359680983
21.288289293671394 0.044816171275664014
21.392643652954096 0.12977626796794758
21.4969980122368 0.09533995061403505
21.601352371519503 0.13197738381189034
21.705706730802206 0.17702906753210812
21.810061090084908 0.15193971383728908
21.91441544936761 0.1418321130284193
22.018769808650312 0.117471729056047
22.123124167933018 0.13796103144614102
22.22747852721572 0.28158638390403334
22.331832886498425 0.2667709974071024
22.436187245781127 0.1232092750082899
22.54054160506383 0.054181955101811174
22.64489596434653 0.03724999526508537
22.749250323629234 0.0349040110917653
22.853604682911936 0.0016748189492780845
22.95795904219464 0.03545928703532069
23.062313401477343 0.05416292854483414
23.16666776076005 0.1912881442091546
23.27102212004275 0.07339430567636339
23.37537647932545 0.10724421675331976
23.479730838608155 0.005357399697448405
23.584085197890857 0.020772333867310363
23.68843955717356 0.0055260671261365595
23.792793916456265 0.010132237849269738
23.897148275738967 0.08890475344577664
24.00150263502167 0.1426506662964499
24.10585699430437 0.07670463570860121
24.210211353587074 0.015236256232303558
24.31456571286978 0.005564304464969229
24.41892007215248 0.006094739767483263
24.523274431435183 0.03860205437496763
24.62762879071789 0.09221830175685682
24.73198315000059 0.013430292774393036
24.836337509283293 0.019803896136593127
24.940691868565995 0.017456363468219997
25.045046227848697 0.015428974430712858
25.1494005871314 0.00234269080923111
25.253754946414105 0.021405718304708794
25.358109305696807 0.013154440999510195
25.462463664979513 0.013100835617157084
25.566818024262215 0.015452839258262746
25.671172383544917 0.030913782302158226
25.77552674282762 0.007550679128471147
25.87988110211032 0.0017466564909953532
25.984235461393023 0.008089653448412577
26.08858982067573 0.0006622131257746482
26.19294417995843 0.028399467537541547
26.297298539241137 0.026197848058614654
26.401652898523835 0.014458772240093495
26.506007257806537 0.0010580034647155233
26.610361617089243 0.006553557724328062
26.714715976371945 0.01785223017701685
26.819070335654647 0.004140086579848786
26.923424694937353 0.004965501241558481
27.027779054220055 0.002516739185758646
27.132133413502757 0.000892171197548746
27.23648777278546 0.007537126068199558
27.34084213206816 0.00822570902879382
27.445196491350863 0.00228721058989695
27.549550850633565 0.00024813814530150966
27.653905209916275 0.006591695173987988
27.758259569198977 0.0010275566278194989
27.86261392848168 0.0035408468182871696
27.96696828776438 0.0042248158095769955
28.07132264704708 0.005197512974435637
28.17567700632979 0.000814638478027971
28.28003136561249 0.0004929003577520079
28.384385724895193 0.00541931662723896
28.488740084177895 0.0032450551533312914
28.593094443460597 0.0006848617478065471
28.6974488027433 0.0018265444744372797
28.801803162026005 0.000961454860114174
28.906157521308707 0.002041791119291095
29.01051188059141 0.0037508339835863377
29.11486623987411 0.0013372830703065742
29.219220599156813 0.0008750582253869459
29.323574958439522 0.0005813329447868711
29.42792931772222 0.00040379792504792905
29.532283677004923 0.0001660586011093618
29.636638036287625 0.00011909741341169455
29.740992395570327 0.000492484104195944
29.845346754853036 0.00045606045717867685
29.94970111413574 0.002123253292744313
30.05405547341844 0.0016641507022999438
30.158409832701143 7.978478653987377e-05
30.262764191983845 0.0034759223909094365
30.367118551266543 0.007611304932636034
30.471472910549252 0.004087017993992388
30.575827269831954 0.0007850227832388428
30.680181629114657 0.002721249965183599
30.78453598839736 0.00454061434169693
30.88889034768006 0.0022714255852068514
30.993244706962766 0.0023020553322102466
31.09759906624547 0.0004431637849113639
31.20195342552817 0.00030127011012998463
31.306307784810873 0.001575423453920798
31.410662144093575 0.0016035642049371313
31.515016503376277 0.00010792635901632857
31.619370862658986 6.86000588103419e-05
31.723725221941685 0.0022436517907030934
31.828079581224387 0.0031432874156070464
31.93243394050709 0.00284072980012201
32.03678829978979 0.00488076478260934
32.1411426590725 0.00587491512993186
32.2454970183552 0.0035490069581760523
32.349851377637904 0.0018704187972642373
32.454205736920606 0.0006684767136859542
32.55856009620331 0.000520731766338034
32.66291445548601 0.0018013460333965575
32.76726881476872 0.002040428927027895
32.87162317405142 0.002127008440523186
32.97597753333412 0.0016176185166823362
33.08033189261682 0.0004212753311786735
33.18468625189952 0.002268968441032609
33.28904061118223 0.002126784473452561
33.39339497046493 0.0002457471284494438
33.497749329747634 0.0006762222253992738
33.602103689030336 0.0009710472987583149
33.70645804831304 0.00039086979718224926
33.81081240759574 0.004325555552564681
33.91516676687845 0.006203031648677852
34.01952112616115 0.0015245175739644805
34.123875485443854 0.00031829018270423926
34.228229844726556 0.0013436336665320048
34.33258420400926 0.00021407947323640018
34.43693856329196 0.003376148853327834
34.54129292257466 0.006436931449272767
34.645647281857364 0.0023591056444661074
34.75000164114007 0.0015824479849306473
34.85435600042277 0.004924213226314266
34.95871035970548 0.0020678629960498704
35.06306471898818 0.0002065706950165957
35.16741907827088 0.0013545750237043735
35.271773437553584 0.0003391665741455
35.376127796836286 0.0017030803786555046
35.48048215611899 0.005781303256313086
35.5848365154017 0.004181863523337262
35.6891908746844 0.0029070692414802043
35.7935452339671 0.006228006752054506
35.897899593249804 0.005133416259659059
36.002253952532506 0.001265194970413694
36.10660831181521 0.00024800896391612625
36.21096267109791 0.0003257405136747481
36.31531703038061 0.0005108002297860586
36.419671389663314 0.0020933946393243558
36.524025748946016 0.0016848965483636442
36.62838010822872 0.000872677035126061
36.73273446751143 0.002229679750027368
36.83708882679413 0.0024530347744330886
36.94144318607683 0.0006682414991604158
37.045797545359534 2.4928449904235248e-05
37.150151904642236 1.0676053103696478e-05
37.254506263924945 0.0006424710681457776
37.35886062320765 0.0029186782222630553
37.46321498249035 0.0037159013276355534
37.567569341773044 0.0020677712465488533
37.671923701055746 0.0012038343253171296
37.77627806033845 0.0010240806805161566
37.88063241962116 0.0002728139654730335
37.98498677890386 0.00010518226172905731
38.08934113818656 0.0005386398268860924
38.193695497469264 0.00035578663431352166
38.298049856751966 3.6434980405845696e-06
38.402404216034675 0.00027884048914093233
38.50675857531738 0.00044189867270696286
38.61111293460008 0.00015803605389531761
38.71546729388278 9.62487538660129e-05
38.819821653165484 0.0006300115050464463
38.924176012448186 0.0015743737994665667
39.02853037173089 0.002254638633909136
39.13288473101359 0.0022048190762319303
39.23723909029629 0.0015515095137032444
39.341593449578994 0.0010402083035867486
39.445947808861696 0.0009835374411267016
39.550302168144405 0.0013441642176994569
39.65465652742711 0.0013543713540375766
39.75901088670981 0.0008703300833770569
39.86336524599251 0.00035906267040577354
39.967719605275214 6.934992206763662e-05
40.072073964557916 4.4355751390714166e-05
40.176428323840625 0.00029420341797267144
40.28078268312333 0.0007635792219322813
40.38513704240603 0.0011898515748451478
40.48949140168873 0.0013262095748335157
40.59384576097143 0.0010420935236401863
40.698200120254135 0.0007319092370490954
40.80255447953684 0.0005004138217020238
40.90690883881954 0.0002911326492715305
41.01126319810224 0.0001600243632044731
41.115617557384944 6.505967558893595e-05
41.21997191666765 8.530731187516424e-06
41.324326275950355 3.2648441544442043e-06
41.42868063523306 3.6238498825977575e-05
41.53303499451576 7.832128838019136e-05
41.63738935379846 9.103546924805046e-05
41.74174371308116 8.384952798632297e-05
41.84609807236387 8.385598513371944e-05
41.950452431646575 0.00018571251170658535
42.05480679092928 0.0004342317996254971
42.15916115021197 0.0006526001717026249
42.263515509494674 0.0006150272436566469
42.36786986877738 0.0003902267687454022
42.472224228060085 0.00018458314664714822
42.57657858734279 6.790857731729022e-05
42.68093294662549 6.793564268764629e-05
42.78528730590819 0.0003075504338366246
42.889641665190894 0.0007510437684943918
42.9939960244736 0.00100725557784679
43.098350383756305 0.0008504810588247001
43.20270474303901 0.0003601060512196751
43.30705910232171 0.00016773146434987833
43.41141346160441 0.0007073246104556856
43.51576782088712 0.0014219064412824165
43.620122180169815 0.0015193904977126977
43.72447653945252 0.0010090253613839542
43.82883089873522 0.0004069890735622906
43.93318525801792 5.103376198329936e-05
44.037539617300624 1.039152745581057e-05
44.14189397658333 5.346471108949165e-05
44.246248335866035 0.00013601622754100235
44.35060269514874 0.00037403731558876446
44.45495705443144 0.0007578289089108342
44.55931141371414 0.0008915903982151556
44.66366577299685 0.0007514396167599993
44.76802013227955 0.0006015836102711946
44.872374491562255 0.0005578987726952858
44.97672885084496 0.0006318387163320641
45.08108321012766 0.0006773690341774645
45.18543756941036 0.0006398886697176508
45.28979192869306 0.0006795862631634074
45.394146287975765 0.0006353494011871447
45.49850064725847 0.00045864697464189687
45.60285500654117 0.0003343184514613383
45.70720936582387 0.0002893916371737032
45.81156372510658 0.00026584531632326913
45.91591808438928 0.00015745701948924575
46.020272443671985 0.00018954340859639432
46.12462680295469 0.0006630123897100988
46.22898116223739 0.0014119267112574923
46.3333355215201 0.0019473492004629606
46.4376898808028 0.0016510381054237306
46.5420442400855 0.0008324585852179373
46.646398599368204 0.0006401139438903568
46.7507529586509 0.0014290580608517125
46.8551073179336 0.00239238406186955
46.95946167721631 0.002432474277080895
47.06381603649901 0.0014349169309402084
47.168170395781715 0.0005050513024894565
47.27252475506442 0.0002904085029139487
47.37687911434712 0.00043456363594550124
47.48123347362983 0.0004248480597097959
47.58558783291253 0.00017765120424523045
47.68994219219523 0.00010378122019247717
47.794296551477935 0.0004408954328231994
47.89865091076064 0.0007823496409720501
48.00300527004334 0.0007539888702107475
48.10735962932605 0.00030582198954231426
48.21171398860874 1.2436091586339833e-05
48.316068347891445 0.00022862126298989533
48.42042270717415 0.0007354193568114658
48.52477706645685 0.0010131899995012798
48.62913142573956 0.0009135737542287823
48.73348578502226 0.00045039602589074564
48.83784014430496 5.358562178508037e-05
48.942194503587665 0.000137605132729745
49.04654886287037 0.0007315835319999443
49.15090322215307 0.0013780567570391752
49.25525758143578 0.001440769107482804
49.35961194071848 0.0008200232928540155
49.46396630000118 0.00013403874742191988
49.568320659283884 0.00016785861016589272
49.672675018566586 0.0007473955324060428
49.77702937784929 0.0010681371033789688
49.88138373713199 0.0006450980930144316
49.98573809641469 0.00016651405955873624
50.090092455697395 0.0003808121991679623
50.1944468149801 0.0009963924721604182
50.2988011742628 0.0011617311068519074
50.40315553354551 0.0006567998149256459
50.50750989282821 9.482330189149911e-05
50.61186425211091 0.0002548564040914428
50.716218611393614 0.0010219559768507372
50.82057297067632 0.0015965443380735564
50.924927329959026 0.0013940322476991977
51.02928168924173 0.0007470013618376282
51.13363604852443 0.0005994191116581952
51.23799040780713 0.001194598283658077
51.342344767089834 0.0017340786497859898
51.446699126372536 0.0014900960502730672
51.55105348565524 0.0006489119075322724
51.65540784493794 5.8605326954039796e-05
51.75976220422064 6.833989648354615e-05
51.864116563503345 0.00028004266438618207
51.96847092278605 0.00026093014027007153
52.072825282068756 8.592622671444927e-05
52.17717964135146 9.336487333756732e-06
52.28153400063416 0.00011101302989532267
52.38588835991686 0.000201518989713452
52.490242719199564 0.000156062775737073
52.59459707848227 3.9311252724044955e-05
52.698951437764975 3.750735235072911e-05
52.80330579704767 0.00027388368848235093
52.90766015633037 0.0007065934277146391
53.012014515613075 0.0011063393055284287
53.11636887489578 0.0012981467771068537
53.220723234178486 0.0012241453354789908
53.32507759346119 0.000834811296996236
53.42943195274389 0.00038396237995950956
53.53378631202659 8.683615759073418e-05
53.638140671309294 5.043879337105273e-06
53.742495030592 1.8550220724604952e-05
53.846849389874706 3.0986338860051114e-05
53.95120374915741 8.22431665690361e-05
54.05555810844011 0.0002625771877305044
54.15991246772281 0.000504599572925059
54.264266827005514 0.0006077519805781936
54.368621186288216 0.00043557008406825895
54.47297554557092 0.00013480280352933967
54.57732990485362 2.7755627657939655e-05
54.68168426413632 0.0002449779525127267
54.786038623419024 0.0005072029240534258
54.89039298270173 0.0005098783191277287
54.99474734198443 0.0003191966135376127
55.09910170126713 0.000269430462874002
55.20345606054985 0.000534157768259244
55.30781041983255 0.000810096450155834
55.41216477911525 0.0007625333314180563
55.51651913839795 0.0005059328528981888
55.620873497680655 0.00041540282784988857
55.72522785696336 0.0007430027890971413
55.82958221624606 0.0012711111588914739
55.93393657552876 0.0015335626901966184
56.03829093481146 0.0013326794391384012
56.14264529409416 0.0008254981027384065
56.24699965337686 0.00034411521254036626
56.35135401265958 7.79261013916636e-05
56.45570837194228 5.773623070362195e-06
56.56006273122498 0.00015571546106516338
56.66441709050768 0.0006021260775257105
56.768771449790385 0.0012603556821813508
56.87312580907309 0.001735706959724747
56.97748016835579 0.0016093465096071416
57.08183452763849 0.0009904672780909458
57.186188886921194 0.0004246621640816627
57.290543246203896 0.0003860710989810412
57.3948976054866 0.0008951247903775651
57.49925196476931 0.001500584354413127
57.60360632405201 0.0016540778668376983
57.70796068333471 0.0013348411115404277
57.81231504261741 0.0008068380051818336
57.916669401900116 0.0003267504350331254
58.02102376118282 0.00011982439512797097
58.12537812046552 0.00019720086198477988
58.22973247974822 0.0005090876674595042
58.334086839030924 0.0009214130205365196
58.438441198313626 0.0012016695273075573
58.54279555759633 0.0012141183076839009
58.647149916879044 0.0009255810266429307
58.75150427616175 0.0005653915650636843
58.85585863544444 0.0004360759620757201
58.960212994727144 0.0005519742645550123
59.064567354009846 0.0007595249995280036
59.16892171329255 0.0008487156630518211
59.27327607257525 0.0007162638230139509
59.37763043185795 0.00047972352191817425
59.481984791140654 0.0002706886898922969
59.586339150423356 0.00013259640332710898
59.69069350970607 8.039467361815802e-05
59.795047868988775 0.00010589609983128816
59.89940222827148 0.00019980569448990883
60.00375658755418 0.0003473977987204108
60.10811094683688 0.0005368139839629474
60.21246530611958 0.0007397332368932023
60.316819665402285 0.00090918492973235
60.42117402468499 0.001030523250773334
60.52552838396769 0.0010599323410534615
60.629882743250384 0.0009348728390091789
60.734237102533086 0.0006812237611013191
60.8385914618158 0.0003946405421940729
60.942945821098505 0.00016355213603400917
61.04730018038121 5.0969094770242184e-05
61.15165453966391 5.142556493449084e-05
61.25600889894661 0.00010384048878686062
61.36036325822931 0.00018782649369127809
61.464717617512015 0.00029907063242874996
61.56907197679472 0.00045908280812450105
61.67342633607742 0.0006635406937219293
61.77778069536012 0.0008880337607447716
61.88213505464282 0.0010763528531740794
61.98648941392553 0.0011200739615545498
62.090843773208235 0.001034990493652293
62.19519813249094 0.0008477164539711805
62.29955249177364 0.0005611765986735772
62.40390685105634 0.000291141302447417
62.50826121033904 0.00010880231651049703
62.612615569621745 2.150077366633786e-05
62.71696992890445 3.178053485382318e-05
62.82132428818715 0.00010475034935236812
62.92567864746985 0.00019600085080265274
63.030033006752554 0.0002930477390813909
63.13438736603527 0.00039688260245307656
63.23874172531797 0.00047834122242885427
63.343096084600674 0.0005292530797276393
63.44745044388337 0.0005469109577787021
63.55180480316607 0.000502387020687111
63.65615916244877 0.00039567826995744334
63.760513521731475 0.0002689728571531947
63.86486788101418 0.00015503261230804692
63.96922224029688 6.76264088783658e-05
64.07357659957958 2.6400130176054873e-05
64.17793095886229 2.581116718405144e-05
64.282285318145 4.3949666295694524e-05
64.3866396774277 7.045002990996604e-05
64.4909940367104 9.579314614079613e-05
64.5953483959931 0.00010830415272796162
64.69970275527581 0.00011173875231645901
64.8040571145585 0.00011401236940474253
64.90841147384121 0.0001032271089147104
65.01276583312391 8.425193419810954e-05
65.11712019240662 6.930510815840811e-05
65.22147455168931 5.289231732163308e-05
65.32582891097202 4.146138353478507e-05
65.43018327025473 4.526508997706564e-05
65.53453762953744 5.609218074133311e-05
65.63889198882013 6.689217460855134e-05
65.74324634810284 7.973799996311566e-05
65.84760070738554 8.122222639692172e-05
65.95195506666823 6.902091244026762e-05
66.05630942595094 5.173390616560513e-05
66.16066378523364 3.0159138833391178e-05
66.26501814451635 1.1444523901137329e-05
66.36937250379904 6.711542216969946e-07
66.47372686308175 4.367477456005985e-06
66.57808122236446 2.429174942913411e-05
66.68243558164717 6.504248626606216e-05
66.78678994092986 0.00012274595513768358
66.89114430021257 0.0001829621932950182
66.99549865949527 0.00024246289363296362
67.09985301877798 0.0002855688534585455
67.20420737806067 0.0003003299075161696
67.30856173734338 0.00028278511757478235
67.41291609662608 0.0002388434341225046
67.51727045590879 0.00018297540131014136
67.62162481519148 0.00012048129603573264
67.72597917447419 6.528874436209425e-05
67.8303335337569 2.9783984384663094e-05
67.9346878930396 1.8567201914423637e-05
68.0390422523223 3.5176639043016675e-05
68.143396611605 7.977028884630545e-05
68.24775097088771 0.00014697793941615046
68.3521053301704 0.0002318612400505061
68.45645968945311 0.0003218412303166845
68.5608140487358 0.00039304218402145326
68.66516840801852 0.0004367167666860067
68.76952276730121 0.00044224485841641234
68.87387712658392 0.00040750441888195906
68.97823148586663 0.000339430465792695
69.08258584514932 0.0002490754856958373
69.18694020443203 0.0001642665335570111
69.29129456371473 9.177423646192696e-05
69.39564892299744 4.1197633185962055e-05
69.50000328228013 2.0870045462574455e-05
69.60435764156284 2.725052699280499e-05
69.70871200084554 5.946653021376713e-05
69.81306636012825 0.00010587658363887414
69.91742071941096 0.00016117596962666433
70.02177507869366 0.00021271178562616718
70.12612943797636 0.00025469582802284776
70.23048379725907 0.00028101897387041726
70.33483815654176 0.0002751843415638945
70.43919251582446 0.00025200589324248114
70.54354687510717 0.00021402691389221882
70.64790123438986 0.00016208930310664455
70.75225559367257 0.00011185695239106743
70.85660995295527 6.867252712656304e-05
70.96096431223798 4.115956855260757e-05
71.06531867152069 2.820237580078547e-05
71.1696730308034 2.928994107420677e-05
71.27402739008609 4.2738652419721624e-05
71.3783817493688 6.387983574351154e-05
71.4827361086515 8.980744839593807e-05
71.5870904679342 0.00010994671441402404
71.6914448272169 0.00012271847423896514
71.79579918649961 0.00012926818019606018
71.9001535457823 0.0001275589421880051
72.00450790506501 0.00011633364634924156
72.1088622643477 9.982209608275477e-05
72.21321662363042 8.496924650458292e-05
72.31757098291313 7.109250556536238e-05
72.42192534219582 5.766510027470364e-05
72.52627970147853 4.70674893186409e-05
72.63063406076122 4.212475150063483e-05
72.73498842004393 4.039893831814674e-05
72.83934277932663 3.980505321202851e-05
72.94369713860934 4.106410364895803e-05
73.04805149789203 4.410534893841726e-05
73.15240585717474 4.976262432556332e-05
73.25676021645744 5.222594689926066e-05
73.36111457574015 5.2664271809252165e-05
73.46546893502286 5.308853562250021e-05
73.56982329430555 5.222984443437324e-05
73.67417765358826 4.9914336359205507e-05
73.77853201287095 4.3484640141374505e-05
73.88288637215366 3.930562361882241e-05
73.98724073143636 3.660604402719312e-05
74.09159509071907 3.171218891216001e-05
74.19594945000176 2.7753729043070393e-05
74.30030380928447 2.4491739836959782e-05
74.40465816856717 2.253562749926857e-05
74.50901252784989 1.940789537985279e-05
74.61336688713259 1.5485367473161514e-05
74.7177212464153 1.4340014500136463e-05
74.82207560569799 1.3824815110783983e-05
74.9264299649807 1.4274627657360188e-05
75.0307843242634 1.3766480478607288e-05
75.13513868354609 1.360007998333785e-05
75.2394930428288 1.4127877402675587e-05
75.34384740211149 1.2635572141630573e-05
75.4482017613942 1.0094865296833746e-05
75.5525561206769 7.457971956390076e-06
75.65691047995962 5.950526740827213e-06
75.76126483924232 4.470485347941618e-06
75.86561919852502 2.740204337287811e-06
75.96997355780772 2.0514950069263238e-06
76.07432791709043 1.987758198006132e-06
76.17868227637312 2.0997537668482806e-06
76.28303663565583 2.2200715317680068e-06
76.38739099493853 2.567813890596361e-06
76.49174535422124 3.3823562156417042e-06
76.59609971350393 3.8712466501070835e-06
76.70045407278664 3.2054040045526678e-06
76.80480843206935 2.208521169917912e-06
76.90916279135205 1.5385960466375444e-06
77.01351715063475 8.56432769898348e-07
77.11787150991745 5.098618289548904e-07
77.22222586920016 5.799949185113843e-07
77.32658022848285 1.1820883854432517e-06
77.43093458776556 2.253863665150329e-06
77.53528894704826 3.636721572357087e-06
77.63964330633097 4.279003400511407e-06
77.74399766561366 4.620912509815075e-06
77.84835202489637 5.7046335384479854e-06
77.95270638417908 5.458198809301842e-06
78.05706074346178 4.269269766955723e-06
78.16141510274448 3.67850791840035e-06
78.26576946202718 2.6239378758406347e-06
78.37012382130989 1.302256977253233e-06
78.47447818059258 5.856489308115588e-07
78.5788325398753 3.6838000755489504e-07
78.68318689915799 3.606375989740902e-07
78.7875412584407 1.213724238647738e-06
78.89189561772339 2.393847887324379e-06
78.9962499770061 3.2269866791114783e-06
79.10060433628881 4.9608744161225095e-06
79.20495869557152 6.5516739469691315e-06
79.30931305485421 6.8718566636259305e-06
79.41366741413692 7.000528521184237e-06
79.51802177341962 6.887781465861692e-06
79.62237613270231 5.940429184383918e-06
79.72673049198502 4.6578446291897e-06
79.83108485126772 4.181623626099443e-06
79.93543921055043 4.034100643430419e-06
80.03979356983312 3.671033775532745e-06
80.14414792911583 3.798190835998311e-06
80.24850228839854 3.860179408693126e-06
80.35285664768125 3.0684104008775335e-06
80.45721100696395 2.4814889613819957e-06
80.56156536624665 2.2866768319283663e-06
80.66591972552935 1.932615613950173e-06
80.77027408481206 2.151538423622003e-06
80.87462844409475 2.833889516517897e-06
80.97898280337746 3.03153711961438e-06
81.08333716266016 3.291740114769492e-06
81.18769152194287 3.835312278718773e-06
81.29204588122558 4.067202895640587e-06
81.39640024050827 4.626947361014299e-06
81.50075459979098 5.800736116402998e-06
81.60510895907368 6.704071915659122e-06
81.70946331835638 7.049172002237081e-06
81.81381767763908 6.920560817014745e-06
81.91817203692179 6.341981922617751e-06
82.02252639620448 4.7792686268103535e-06
82.12688075548719 2.989746958624896e-06
82.23123511476989 1.9129846352046427e-06
82.3355894740526 9.589479827847197e-07
82.4399438333353 4.370793307213295e-07
82.544298192618 5.450083094547037e-07
82.64865255190071 8.15213880986609e-07
82.7530069111834 1.2101652346780867e-06
82.85736127046611 2.006286668596207e-06
82.96171562974881 2.889952315967798e-06
83.06606998903152 3.5638318685756123e-06
83.17042434831421 4.607797493973918e-06
83.27477870759692 5.248482503337283e-06
83.37913306687962 4.897461305473367e-06
83.48348742616233 4.550334081755794e-06
83.58784178544504 3.7538570680487365e-06
83.69219614472775 2.5388913826146256e-06
83.79655050401044 1.556525597461554e-06
83.90090486329315 8.411462122846689e-07
84.00525922257584 4.0657331686731963e-07
84.10961358185855 2.2339937796977333e-07
84.21396794114125 2.819498586081e-07
84.31832230042394 3.9036466290731457e-07
84.42267665970665 5.621381483238318e-07
84.52703101898935 8.693494522922314e-07
84.63138537827206 1.1239736104531094e-06
84.73573973755477 1.2523595933864555e-06
84.84009409683748 1.3543465300267162e-06
84.94444845612017 1.3614416529297217e-06
85.04880281540288 1.0912918345621678e-06
85.15315717468557 7.758281535370336e-07
85.25751153396828 5.83681325266224e-07
85.36186589325098 3.9764981158720873e-07
85.46622025253369 3.2578615972318937e-07
85.57057461181638 4.59463673729058e-07
85.67492897109909 5.649303651816712e-07
85.77928333038179 6.325599439560295e-07
85.8836376896645 7.377731682109793e-07
85.9879920489472 7.469498416353355e-07
86.0923464082299 6.61659960311199e-07
86.19670076751261 5.066354474645555e-07
86.3010551267953 4.215223658819884e-07
86.40540948607801 3.118920244324232e-07
86.50976384536071 1.0609024099803296e-07
86.61411820464342 3.9927756256977667e-08
86.71847256392611 3.267435345232834e-08
86.82282692320882 1.7851118558158287e-07
86.92718128249152 3.9584042449500545e-07
87.03153564177424 6.211441882288319e-07
87.13589000105694 9.737951501124075e-07
87.24024436033963 1.3165029905940459e-06
87.34459871962234 1.6039856536195368e-06
87.44895307890503 1.530693982530715e-06
87.55330743818774 1.537428910075837e-06
87.65766179747044 1.6662313417654723e-06
87.76201615675315 1.3980653862045974e-06
87.86637051603584 1.163186250176083e-06
87.97072487531855 1.0597481766323356e-06
88.07507923460125 1.0328161642845686e-06
88.17943359388397 9.67517059330409e-07
88.28378795316667 8.330599908951562e-07
88.38814231244938 9.884092414237944e-07
88.49249667173207 1.2751961943188302e-06
88.59685103101478 1.524470558210493e-06
88.70120539029747 1.6039294330204835e-06
88.80555974958018 1.771075953978938e-06
88.90991410886288 2.134593941853476e-06
89.01426846814557 2.1884934148494054e-06
89.11862282742828 1.986250296898259e-06
89.22297718671098 1.9453588714619396e-06
89.3273315459937 2.0664962438970816e-06
89.4316859052764 1.9298530950200443e-06
89.5360402645591 1.651749063405902e-06
89.6403946238418 1.599124778796645e-06
89.74474898312451 1.7243465985445988e-06
89.8491033424072 1.7065398924908274e-06
89.95345770168991 1.4922783338798787e-06
90.05781206097261 1.5769892004322414e-06
90.16216642025532 1.7967123775815548e-06
90.26652077953801 1.8754303919675936e-06
90.37087513882072 1.7432776687761649e-06
90.47522949810343 1.6758667321078895e-06
90.57958385738613 1.9477570241023573e-06
90.68393821666884 1.8637758967048535e-06
90.78829257595153 1.6186603957148298e-06
90.89264693523424 1.5955844322017282e-06
90.99700129451693 1.6667763784958041e-06
91.10135565379964 1.6962829528875105e-06
91.20571001308234 1.3949928081215864e-06
91.31006437236505 1.377958273935173e-06
91.41441873164774 1.5652738858810675e-06
91.51877309093047 1.4623567055930166e-06
91.62312745021316 1.3223413912752041e-06
91.72748180949586 1.2192788558430805e-06
91.83183616877857 1.3862859593066845e-06
91.93619052806126 1.3678117314876438e-06
92.04054488734397 1.1013357119661705e-06
92.14489924662666 1.0850235602296852e-06
92.24925360590937 1.1468514604359358e-06
92.35360796519207 1.1328310827921211e-06
92.45796232447478 9.334391509922468e-07
92.56231668375747 8.67107544514485e-07
92.6666710430402 1.0243507545963916e-06
92.77102540232289 9.74202036507057e-07
92.8753797616056 8.164011797415301e-07
92.9797341208883 7.91633338841964e-07
93.084088480171 8.916933148784921e-07
93.1884428394537 8.71682707614296e-07
93.29279719873641 6.987038110157479e-07
93.3971515580191 6.432212160683565e-07
93.5015059173018 7.19162834322308e-07
93.60586027658451 6.859570751394161e-07
93.7102146358672 5.170245623391791e-07
93.81456899514993 4.786828132614778e-07
93.91892335443262 5.378427210308079e-07
94.02327771371533 5.189306394647567e-07
94.12763207299803 4.062676567713679e-07
94.23198643228073 3.7375159656082945e-07
94.33634079156343 4.6952947282180967e-07
94.44069515084614 4.3365424014986787e-07
94.54504951012883 3.4542688270039504e-07
94.64940386941154 3.271234145705872e-07
94.75375822869424 3.66762784162663e-07
94.85811258797695 3.748707026778165e-07
94.96246694725966 2.5230726402513924e-07
95.06682130654235 2.384445570384387e-07
95.17117566582506 2.762464428729436e-07
95.27553002510776 2.471563491689576e-07
95.37988438439046 1.941458463331487e-07
95.48423874367316 1.5731360062836833e-07
95.58859310295587 2.1430484410307692e-07
95.69294746223856 2.0279570280100445e-07
95.79730182152127 1.3929562081386401e-07
95.90165618080397 1.5139350134896368e-07
96.00601054008668 1.6819559779381471e-07
96.11036489936939 1.7068129121363726e-07
96.2147192586521 1.146236668972142e-07
96.31907361793479 1.0035203072961162e-07
96.42342797721749 1.3329944766108202e-07
96.5277823365002 1.0766699071663745e-07
96.63213669578289 7.784399601732302e-08
96.7364910550656 6.193346070906927e-08
96.8408454143483 7.91554727925496e-08
96.945199773631 8.063644136335005e-08
97.0495541329137 4.872984764149396e-08
97.15390849219641 5.262937008848596e-08
97.25826285147912 7.134887065394501e-08
97.36261721076183 6.941844979359122e-08
97.46697157004452 5.090440952028941e-08
97.57132592932723 4.832396597650255e-08
97.67568028860993 6.395874771310272e-08
97.78003464789263 5.918647945942074e-08
97.88438900717533 3.7952974063594976e-08
97.98874336645804 3.2383684456037734e-08
98.09309772574073 4.158987941727454e-08
98.19745208502343 3.278644193421783e-08
98.30180644430614 2.110869937296644e-08
98.40616080358885 1.7670291917075897e-08
98.51051516287156 2.2141261174369997e-08
98.61486952215425 2.6256791406871685e-08
98.71922388143696 1.3824676788672816e-08
98.82357824071966 1.6407555573310734e-08
98.92793260000236 2.3590736177284067e-08
99.03228695928506 2.2055419085056394e-08
99.13664131856777 2.1208358000120238e-08
99.24099567785046 1.4131169031245922e-08
99.34535003713317 2.448139964496132e-08
99.44970439641587 2.411257352992635e-08
99.55405875569858 1.504088942388247e-08
99.65841311498129 1.5896826568961293e-08
99.76276747426398 1.297045833371368e-08
99.86712183354669 1.7714679423267648e-08
99.97147619282939 1.0964040746000681e-08
100.0758305521121 6.211372918118357e-09
100.18018491139479 1.2624502655379294e-08
100.2845392706775 9.295036145847221e-09
100.3888936299602 9.05401977671389e-09
100.4932479892429 5.4215092406776096e-09
100.5976023485256 6.215225487826072e-09
100.70195670780832 1.1916321439981883e-08
100.80631106709102 7.053974961914588e-09
100.91066542637373 6.060096188411205e-09
101.01501978565642 7.206422362722308e-09
101.11937414493912 1.0556953372983249e-08
101.22372850422182 1.0469556889993907e-08
101.32808286350452 5.085242814619954e-09
101.43243722278723 6.9836820606170644e-09
101.53679158206992 1.1001851581911887e-08
101.64114594135263 9.482266627887947e-09
101.74550030063534 4.2396523067914715e-09
101.84985465991805 4.8231064986879125e-09
101.95420901920075 7.997508911663588e-09
102.05856337848346 6.444855353258852e-09
102.16291773776615 2.1080735567941497e-09
102.26727209704886 2.4162000466924133e-09
102.37162645633155 7.116708268987363e-09
102.47598081561426 4.961612396808926e-09
102.58033517489696 2.1460568990562967e-09
102.68468953417967 2.1099883750889426e-09
102.78904389346236 5.386686800202156e-09
102.89339825274507 8.058717768856439e-09
102.99775261202778 2.2062307599722297e-09
103.10210697131048 2.3869547483453854e-09
103.20646133059319 6.943987571523105e-09
103.31081568987588 8.334906368948379e-09
103.41517004915859 3.1978672670407716e-09
103.51952440844128 7.036934991171062e-10
103.623878767724 6.6722406862627575e-09
103.72823312700669 5.004038080234772e-09
103.8325874862894 1.4969382367656713e-09
103.9369418455721 1.909804843614953e-09
104.0412962048548 3.904765298409716e-09
104.14565056413751 6.342334690325277e-09
104.2500049234202 4.903749255254374e-10
104.35435928270292 3.061238365800112e-10
104.45871364198561 5.638385432514028e-09
104.56306800126832 5.422744895240241e-09
104.66742236055102 3.4864988901105495e-09
104.77177671983372 1.1964125147118947e-10
104.87613107911642 4.455881231000436e-09
104.98048543839913 7.498335314128443e-09
105.08483979768182 3.903928157533851e-09
105.18919415696455 2.2908908570033548e-10
105.29354851624724 3.4532895739311793e-09
105.39790287552995 7.0024804198395115e-09
105.50225723481265 1.6674659696636413e-09
105.60661159409534 1.882099696719676e-10
105.71096595337805 4.850567085173645e-09
105.81532031266075 4.8474303241186405e-09
105.91967467194345 1.4573334751615178e-09
106.02402903122615 4.688665411860796e-10
106.12838339050886 4.0603577049365315e-09
106.23273774979155 5.909022729018275e-09
106.33709210907428 2.94706466390281e-09
106.44144646835697 4.431834523615093e-11
106.54580082763968 2.3080338990627017e-09
106.65015518692238 5.8175801966723655e-09
106.75450954620509 4.183369226980833e-09
106.85886390548778 6.614426885066052e-11
106.96321826477049 2.1005119282534565e-09
107.06757262405318 6.322219010728991e-09
107.1719269833359 2.160885342436729e-09
107.27628134261859 1.4019642121740042e-10
107.38063570190128 4.619053088638465e-09
107.484990061184 4.739258835896122e-09
107.5893444204667 2.5903978000648007e-09
107.69369877974941 5.275836277545086e-10
107.7980531390321 2.895793999123588e-09
107.90240749831482 6.827255772517314e-09
108.00676185759751 2.5183960290001973e-09
108.11111621688022 1.8150904059466546e-10
108.21547057616291 1.8990899525383277e-09
108.31982493544562 4.9497406166171954e-09
108.42417929472832 3.81506125842466e-09
108.52853365401103 8.345218806570582e-10
108.63288801329374 1.6829076848016436e-09
108.73724237257643 4.24288495342258e-09
108.84159673185914 4.4068684576363036e-09
108.94595109114184 1.4563453736458747e-11
109.05030545042455 1.980062365257152e-09
109.15465980970724 6.55338580317352e-09
109.25901416898995 1.96765322003752e-09
109.36336852827264 1.3196656587578003e-12
109.46772288755535 3.5160759729868733e-09
109.57207724683805 4.423105054707831e-09
109.67643160612076 2.6143197067596803e-09
109.78078596540345 1.4433465298939828e-10
109.88514032468616 1.4560566236456874e-09
109.98949468396886 3.840133739194001e-09
110.09384904325157 3.2407066295640334e-09
110.19820340253426 4.7751305913573e-10
110.30255776181698 7.133127969792434e-10
110.4069121210997 3.5120696476919222e-09
110.51126648038239 2.965930002099649e-09
110.6156208396651 1.2106504425517277e-10
110.7199751989478 1.5503284006944163e-09
110.8243295582305 4.974924029323471e-09
110.9286839175132 2.3515941260013445e-09
111.0330382767959 3.817869987301628e-11
111.1373926360786 2.644389564940574e-09
111.24174699536131 3.7394744453916456e-09
111.346101354644 2.386625855964309e-09
111.45045571392671 1.6539702121667606e-11
111.55481007320941 1.2479967615914153e-09
111.65916443249212 3.3024705414332463e-09
111.76351879177481 2.351437913353408e-09
111.86787315105752 3.157398782662124e-10
111.97222751034022 2.9579651520195877e-10
112.07658186962291 2.5830892925904443e-09
112.18093622890562 1.7596007621543213e-09
112.28529058818832 7.070228999776163e-10
112.38964494747103 9.224994148874127e-10
112.49399930675372 1.867116954781635e-09
112.59835366603646 2.8008315833883925e-09
112.70270802531915 5.616969858679727e-11
112.80706238460186 8.672888484636111e-10
112.91141674388456 4.325114569753355e-09
113.01577110316725 1.455177973539779e-09
113.12012546244996 4.4925892558118147e-10
113.22447982173266 1.4309722823252718e-09
113.32883418101537 2.113874636232284e-09
113.43318854029806 1.8111387538590234e-09
113.53754289958077 1.4347144451048981e-10
113.64189725886347 4.107982528649706e-10
113.74625161814618 1.2542255985157505e-09
113.85060597742887 1.7489811467774626e-09
113.95496033671158 4.110440020317717e-10
114.05931469599427 6.187098653038906e-11
114.16366905527698 1.2740380026191192e-09
114.26802341455968 1.1305514994131415e-09
114.37237777384239 3.432093656375006e-10
114.47673213312508 7.984637273233931e-10
114.58108649240779 2.1767747892068154e-09
114.68544085169049 2.0752761319889068e-09
114.7897952109732 9.066578502763795e-10
114.89414957025592 9.38086697283847e-10
114.99850392953861 1.7046034230776787e-09
115.10285828882132 1.6973894469695023e-09
115.20721264810402 4.2560913566507577e-10
115.31156700738673 2.90191187309178e-10
115.41592136666942 4.3224743264646584e-10
115.52027572595213 7.510262230646966e-10
115.62463008523483 4.143271011514469e-10
115.72898444451754 8.674238055736879e-11
115.83333880380023 2.950546617713209e-10
115.93769316308294 4.5535878333274017e-10
116.04204752236564 6.500683937165103e-10
116.14640188164834 4.0606270808894743e-10
116.25075624093104 5.568426663602721e-10
116.35511060021375 2.439740262635381e-09
116.45946495949644 1.3547679218211764e-09
116.56381931877915 9.333027120128356e-10
116.66817367806185 1.8086686640757316e-09
116.77252803734454 1.5747200641598954e-09
116.87688239662725 2.213528189571945e-09
116.98123675590995 1.6210046019681705e-10
117.08559111519266 1.7016040819223694e-10
117.18994547447538 7.36417419130032e-10
117.29429983375809 4.756184890509686e-10
117.39865419304078 2.1980870916732182e-10
117.5030085523235 1.9812463316785923e-10
117.60736291160619 4.830383653356858e-10
117.71171727088888 8.256643810836206e-10
117.81607163017159 1.7191408329606502e-10
117.92042598945429 4.82019546904077e-10
118.024780348737 1.8653169920348117e-09
118.12913470801969 2.5612805887245524e-09
118.2334890673024 9.019066164691926e-10
118.3378434265851 6.454374100182391e-10
118.4421977858678 2.722628669091049e-09
118.5465521451505 2.438449338384602e-09
118.65090650443321 6.298889567359851e-10
118.7552608637159 9.023095788571336e-11
118.85961522299861 8.666972695276825e-10
118.96396958228131 7.645640115930838e-10
119.06832394156402 3.245510784542348e-10
119.17267830084671 5.849095053069245e-10
119.27703266012942 7.54389957239414e-10
119.38138701941214 7.324910149333525e-10
119.48574137869484 1.6952880745245598e-10
119.59009573797755 4.447309563026355e-10
119.69445009726024 2.1465162091702767e-09
119.79880445654295 2.9575725696155846e-09
119.90315881582565 7.558757628052029e-10
120.00751317510836 2.1747424168957368e-10
120.11186753439105 3.338054254698192e-09
120.21622189367376 2.6595059937805493e-09
120.32057625295646 1.2053613259119016e-09
120.42493061223917 3.193513928597936e-10
120.52928497152186 9.783030334056106e-10
120.63363933080457 1.6355184104420382e-09
120.73799369008727 4.5652113675694256e-10
120.84234804936997 6.234492390431834e-10
120.94670240865267 1.8810016977277557e-09
121.05105676793538 6.878603263367493e-10
121.15541112721807 1.425110817410851e-10
121.25976548650077 1.088681415082599e-09
121.36411984578348 2.322579031307228e-09
121.46847420506617 2.428525537357071e-09
121.57282856434888 8.592971509793539e-10
121.6771829236316 4.26608593429798e-10
121.78153728291431 2.4105246774381193e-09
121.88589164219701 4.034587411793067e-09
121.99024600147972 6.975234344685812e-10
122.09460036076241 1.685785777638744e-10
122.19895472004512 2.195340076784961e-09
122.30330907932782 1.304702057826184e-09
122.40766343861051 4.533632410981511e-10
122.51201779789322 1.6383305997875499e-09
122.61637215717592 1.989494110846355e-09
122.72072651645863 9.142248689189157e-10
122.82508087574132 2.663592218723103e-10
122.92943523502403 1.5159085498315014e-09
123.03378959430673 2.6683340960516007e-09
123.13814395358943 1.939908006009305e-09
123.24249831287213 4.0637083968136825e-10
123.34685267215484 5.136676598123449e-10
123.45120703143753 2.5094271488265115e-09
123.55556139072024 3.2233276282962307e-09
123.65991575000294 6.791262227203163e-10
123.76427010928565 2.725886832688756e-10
123.86862446856834 2.1776965225196247e-09
123.97297882785107 1.3215245877739374e-09
124.07733318713377 5.542335570426594e-10
124.18168754641647 1.8216931044400635e-09
124.28604190569918 1.7622008023478366e-09
124.39039626498187 8.925008997648259e-10
124.49475062426458 4.97169301633858e-10
124.59910498354728 1.607006454552985e-09
124.70345934282999 2.9330475430233746e-09
124.80781370211268 1.244982764500413e-09
124.91216806139539 9.672373419177495e-11
125.01652242067809 8.023199694741629e-10
125.1208767799608 2.486180879900233e-09
125.22523113924349 1.9344958675922488e-09
125.3295854985262 9.0060073394276e-10
125.4339398578089 4.515335764318067e-10
125.5382942170916 1.2783262996270126e-09
125.6426485763743 1.8246484842174057e-09
125.74700293565701 2.958315815767808e-10
125.8513572949397 8.861260022102704e-10
125.9557116542224 2.259671272999845e-09
126.06006601350511 3.394310737140351e-10
126.1644203727878 1.7179655373363955e-10
126.26877473207054 2.4067039902426255e-09
126.37312909135323 2.0199902312061643e-09
126.47748345063594 8.187099275639712e-10
126.58183780991864 1.1535315932212051e-10
126.68619216920135 9.273439588361783e-10
126.79054652848404 1.7904058111179997e-09
126.89490088776674 1.409460505151953e-09
126.99925524704945 3.0906408545817045e-10
127.10360960633214 2.29504478515573e-10
127.20796396561485 9.864580007740774e-10
127.31231832489755 8.955933140514903e-10
127.41667268418026 2.6571372741522925e-10
127.52102704346295 7.328214152638904e-10
127.62538140274566 1.191765921353533e-09
127.72973576202835 1.555679583739886e-10
127.83409012131106 2.5647992967416614e-10
127.93844448059376 2.050876443989403e-09
128.04279883987647 1.6165186357354638e-09
128.14715319915916 5.580815435432761e-10
128.25150755844186 1.8381368733032633e-10
128.35586191772458 8.550663671050321e-10
128.4602162770073 1.2995442731098193e-09
128.56457063629 6.457208054420624e-10
128.6689249955727 4.500753133122207e-11
128.7732793548554 1.3121644967379232e-10
128.8776337141381 6.879701667997877e-10
128.9819880734208 3.5913326316812276e-10
129.0863424327035 3.0286875255476063e-10
129.1906967919862 3.3684309473991785e-10
129.29505115126892 3.095932733633595e-10
129.39940551055162 1.1286378788368913e-10
129.5037598698343 4.084808609110043e-10
129.608114229117 9.82636854188094e-10
129.71246858839973 1.5643263283837752e-09
129.81682294768243 3.259688870307406e-10
129.92117730696512 2.785751301209815e-10
130.02553166624782 8.232563550068985e-10
130.12988602553054 6.978162791283282e-10
130.23424038481323 3.0341690126649977e-10
130.33859474409593 4.134328836509652e-11
130.44294910337862 5.841829611613239e-11
130.54730346266132 5.582207585107581e-11
130.65165782194404 2.60763889893556e-10
130.75601218122677 5.532726956155581e-11
130.86036654050946 1.0897299008985677e-10
130.96472089979216 1.6800865311356405e-10
131.06907525907488 1.0284527993026689e-10
131.17342961835757 1.1769127581942895e-10
131.27778397764027 7.369944292028706e-10
131.38213833692296 8.835543211410148e-10
131.4864926962057 8.151377690408965e-10
131.59084705548838 4.834159363170898e-10
131.69520141477108 4.354537708104673e-10
131.79955577405377 5.801826531367309e-10
131.90391013333647 3.7649232125072687e-10
132.0082644926192 1.1168460975977104e-10
132.11261885190189 2.0010866576727493e-11
132.21697321118458 1.937652608207399e-11
132.32132757046728 4.3501498363604206e-11
132.42568192975 5.799974871148644e-11
132.5300362890327 3.4261928178908465e-10
132.6343906483154 1.7152680030805402e-10
132.73874500759808 2.968859597336583e-10
132.8430993668808 1.5713434560547765e-11
132.9474537261635 3.183737810012526e-10
133.05180808544623 7.231898009889151e-10
133.15616244472892 1.1473943029221992e-09
133.26051680401162 5.063803632107007e-10
133.36487116329434 5.1868110628450973e-11
133.46922552257703 7.305380663604508e-10
133.57357988185973 4.2223269595249993e-10
133.67793424114242 4.926203658893317e-10
133.78228860042515 1.053703569144631e-10
133.88664295970784 1.0542166324050391e-10
133.99099731899054 8.694772893449138e-11
134.09535167827323 2.607140419680798e-10
134.19970603755596 5.018743297140181e-10
134.30406039683865 7.695243431881372e-10
134.40841475612135 2.210052154816207e-10
134.51276911540404 3.3066030163344866e-11
134.61712347468676 2.3331457736128477e-10
134.72147783396946 9.878044424833455e-10
134.82583219325215 1.3050839419327526e-09
134.93018655253485 6.499104641288451e-10
135.03454091181757 1.4404199564468181e-11
135.13889527110027 4.649476487128414e-10
135.24324963038296 1.0294771793953722e-09
135.34760398966569 4.5264115990009824e-10
135.45195834894838 3.3346237411577317e-10
135.5563127082311 4.3567186651860087e-10
135.6606670675138 9.857832096946883e-11
135.7650214267965 3.697788929121336e-10
135.8693757860792 1.2065522892873144e-09
135.9737301453619 1.0399903817315675e-09
136.0780845046446 3.406417401267909e-10
136.1824388639273 8.075864903979175e-11
136.28679322321 5.214621613571237e-10
136.3911475824927 1.1445580656296157e-09
136.49550194177542 1.232784888556261e-09
136.5998563010581 6.479560330265817e-10
136.7042106603408 4.324364662513443e-11
136.8085650196235 5.662456347910014e-10
136.91291937890622 1.465174200890193e-09
137.01727373818892 6.405058942950825e-10
137.1216280974716 6.647531848910542e-10
137.2259824567543 5.955651908876259e-10
137.33033681603703 1.0349220857124111e-10
137.43469117531973 6.92815687885741e-10
137.53904553460242 1.6626029783349407e-09
137.64339989388515 9.619590606030215e-10
137.74775425316784 5.191840001016709e-10
137.85210861245056 3.5772845816689867e-10
137.95646297173326 6.155256055168281e-10
138.06081733101595 1.3924574680898945e-09
138.16517169029865 9.227710148841402e-10
138.26952604958137 5.614019670888485e-10
138.37388040886407 3.0404375083668877e-10
138.47823476814676 7.245380991539693e-10
138.58258912742946 1.2314543265192262e-09
138.68694348671218 1.064763142391523e-09
138.79129784599488 6.151507581492856e-10
138.89565220527757 4.2651123224488206e-10
139.00000656456027 3.5261624424147335e-10
139.104360923843 9.85425714733024e-10
139.20871528312568 1.5173739172531631e-09
139.31306964240838 1.313429909598292e-09
139.41742400169107 1.6958661725268554e-10
139.5217783609738 3.6600835264097403e-10
139.6261327202565 1.3397761009767362e-09
139.7304870795392 1.035439122641136e-09
139.8348414388219 7.338030188015832e-10
139.9391957981046 7.300864278362769e-10
140.04355015738733 2.629736339421827e-10
140.14790451667002 5.623625491044235e-10
140.25225887595272 1.2914237148652827e-09
140.35661323523541 9.24970392754734e-10
140.46096759451814 6.180164037169203e-10
140.56532195380083 3.160720070590214e-10
140.66967631308353 4.51091227002295e-10
140.77403067236622 1.1254891154261387e-09
140.87838503164892 1.1051261312867616e-09
140.98273939093164 8.505734369194143e-10
141.08709375021434 1.4407683713015205e-10
141.19144810949703 4.779819771989376e-10
141.29580246877973 1.5013606117087652e-09
141.40015682806245 5.361484826405725e-10
141.50451118734514 4.955976596823659e-10
141.60886554662784 8.186951829561564e-10
141.71321990591053 1.1969525704668792e-10
141.81757426519326 4.640645727112102e-10
141.92192862447595 1.3803707300840517e-09
142.02628298375865 6.14722012705802e-10
142.13063734304137 6.764847680551652e-10
142.23499170232407 2.517464330937107e-10
142.3393460616068 2.630713087199146e-10
142.44370042088948 1.2773038051341466e-09
142.54805478017218 6.088459901552655e-10
142.65240913945487 4.497250062081158e-10
142.7567634987376 2.400478853341053e-10
142.8611178580203 4.1804899291408034e-10
142.965472217303 9.456872283494044e-10
143.06982657658568 3.7585556471827854e-10
143.1741809358684 2.0128885674914928e-10
143.2785352951511 4.6100659760189225e-10
143.3828896544338 1.2416976897456697e-10
143.4872440137165 3.4206393754634323e-10
143.59159837299921 8.215383047278806e-10
143.6959527322819 6.340639357083767e-10
143.8003070915646 1.8760510028747313e-10
143.9046614508473 1.3248811940125695e-10
144.00901581013002 4.803167557647701e-10
144.11337016941272 8.966895734585358e-10
144.2177245286954 2.443203843281915e-10
144.3220788879781 2.0344237596078362e-10
144.42643324726083 1.8829294983999593e-10
144.53078760654356 2.319542859028711e-10
144.63514196582625 7.385151043060965e-10
144.73949632510895 6.020368148545808e-11
144.84385068439164 9.608915473143155e-11
144.94820504367436 3.021481330383111e-10
145.05255940295706 3.422188836173672e-11
145.15691376223975 1.5499758827077663e-10
145.26126812152245 3.7360812911029085e-10
145.36562248080517 4.938242519815123e-10
145.46997684008787 2.936441920260703e-11
145.57433119937056 1.3865355303167873e-10
145.67868555865326 5.409063788039173e-10
145.78303991793595 3.36606682255625e-10
145.88739427721868 2.828577267973814e-10
145.99174863650137 4.7889112595701834e-11
146.09610299578407 1.835786849227793e-10
146.20045735506676 1.9561304556008834e-10
146.30481171434948 3.493205996418727e-10
146.40916607363218 6.512838481015427e-11
146.51352043291487 1.8308403416913648e-10
146.61787479219757 8.877477338173832e-11
146.7222291514803 1.404899436732254e-10
146.82658351076302 1.8391494107843388e-10
146.9309378700457 1.4455959644266616e-10
147.0352922293284 6.255200655626214e-10
147.1396465886111 2.7493976333737005e-11
147.24400094789382 3.0987487541696023e-10
147.34835530717652 3.7097324897336527e-10
147.4527096664592 9.960354527875357e-11
147.5570640257419 3.9237054126432663e-10
147.66141838502463 9.131631771793726e-12
147.76577274430733 7.103913787907691e-11
147.87012710359002 1.4210758959672069e-10
147.97448146287272 1.4747576202315463e-11
148.07883582215544 2.7795695280695076e-10
148.18319018143814 3.67123329513112e-11
148.28754454072083 1.2236523666620581e-10
148.39189890000353 1.8499862190343747e-10
148.49625325928625 1.152291822736394e-10
148.60060761856894 6.864484191767219e-11
148.70496197785164 6.406565893266523e-10
148.80931633713433 4.5361292021868053e-10
148.91367069641706 2.0334795260569782e-10
149.01802505569978 4.1627558097539255e-10
149.12237941498248 2.7337217910554515e-10
149.22673377426517 6.403667849880081e-10
149.33108813354787 1.913183068332385e-10
149.4354424928306 2.0511754143540242e-10
149.53979685211328 1.6224945390771789e-10
149.64415121139598 2.3723376574601314e-10
149.74850557067867 4.742544976873028e-10
149.8528599299614 3.4616329627458275e-12
149.9572142892441 7.093155611158092e-10
150.0615686485268 1.8017628010984942e-10
150.16592300780948 2.498211782837907e-10
150.27027736709218 7.705005946000008e-10
150.3746317263749 2.2112832617921594e-10
150.4789860856576 1.4853836197061758e-09
150.5833404449403 1.566325923539002e-10
150.68769480422299 1.4662502037905945e-10
150.7920491635057 1.5101418926723718e-09
150.8964035227884 3.3522665113415913e-10
151.0007578820711 6.162937955090131e-10
151.1051122413538 7.120491403578962e-10
151.20946660063652 3.100509225258338e-11
151.31382095991924 7.806764179612063e-10
151.41817531920194 6.163901649694537e-10
151.52252967848463 1.9062153353764608e-10
151.62688403776733 1.1655903505109474e-09
151.73123839705005 1.5598379710326408e-11
151.83559275633274 3.8270753314690863e-10
151.93994711561544 9.713259566217811e-10
152.04430147489813 2.247837261871961e-10
152.14865583418086 1.5397417722859646e-09
152.25301019346355 3.6273718467808734e-11
152.35736455274625 1.335057045780729e-10
152.46171891202894 1.8291468372979639e-09
152.56607327131167 1.6250380569178508e-10
152.67042763059436 8.351880924471348e-10
152.77478198987706 6.346170123105661e-10
152.87913634915975 2.950373652906973e-10
152.98349070844247 1.1028048325970487e-09
153.08784506772517 1.93085762416385e-10
153.19219942700786 1.0118394677127538e-09
153.29655378629056 7.913604482838426e-10
153.40090814557328 5.283964028204677e-11
153.505262504856 8.444433275916387e-10
153.6096168641387 6.074666028829135e-10
153.7139712234214 8.493613032943309e-10
153.8183255827041 8.981919952065969e-10
153.92267994198681 2.1884005297757024e-12
154.0270343012695 7.525549058864768e-10
154.1313886605522 1.0710440405459374e-09
154.2357430198349 5.488035831015512e-10
154.34009737911762 8.378069313057852e-10
154.44445173840032 2.6787380360615106e-10
154.548806097683 8.688259042971982e-10
154.6531604569657 8.572805030327908e-10
154.7575148162484 7.485109705694756e-11
154.86186917553113 1.337158715851895e-09
154.96622353481382 5.057033160453163e-10
155.07057789409652 1.38502443755397e-10
155.1749322533792 1.0004582835581067e-09
155.27928661266193 5.484562622356241e-10
155.38364097194463 8.53771350379601e-10
155.48799533122732 4.973883190387336e-10
155.59234969051002 1.0132565709855089e-10
155.69670404979274 8.131780215691741e-10
155.80105840907547 7.231505127558816e-10
155.90541276835816 5.228684687118706e-10
156.00976712764086 4.718855613380134e-10
156.11412148692355 2.8706142952945226e-10
156.21847584620627 7.146194460287445e-10
156.32283020548897 3.9275930837592684e-10
156.42718456477166 3.694541968250036e-10
156.53153892405436 9.984298478230968e-10
156.63589328333708 2.1062301960943055e-10
156.74024764261978 2.247592813190951e-10
156.84460200190247 8.13486817065779e-10
156.94895636118517 5.009887845741774e-10
157.0533107204679 6.285408293979679e-10
157.1576650797506 2.237905909658477e-10
157.26201943903328 3.027665213658518e-10
157.36637379831598 7.528222169221973e-10
157.4707281575987 3.3428572438626044e-10
157.5750825168814 4.452790155655513e-10
157.6794368761641 3.2611012231049256e-10
157.78379123544678 2.55087119263492e-10
157.8881455947295 5.705200181354566e-10
157.9924999540122 2.6239032763868605e-10
158.09685431329493 4.291075182439501e-10
158.20120867257762 4.712109622561732e-10
158.30556303186032 9.699195595821643e-11
158.40991739114304 3.2416328320275335e-10
158.51427175042573 5.525481426926247e-10
158.61862610970843 4.70584624851404e-10
158.72298046899112 3.6109028304285233e-10
158.82733482827385 9.4915838233051e-11
158.93168918755654 3.5777362445423943e-10
159.03604354683924 5.553211505741553e-10
159.14039790612193 9.886000290609597e-11
159.24475226540463 3.6616328698385317e-10
159.34910662468735 2.5354307505106153e-10
159.45346098397005 9.946188012911785e-11
159.55781534325274 3.6847916493877934e-10
159.66216970253544 1.6684854706490865e-10
159.76652406181816 2.0877657645061162e-10
159.87087842110085 2.765142749967303e-10
159.97523278038355 2.6959427821132076e-11
160.07958713966624 1.6731863444134105e-10
160.18394149894897 3.9711986475950193e-10
160.28829585823166 2.4359379697461116e-10
160.3926502175144 6.21857943648294e-11
160.49700457679708 7.852363796623189e-11
160.60135893607978 2.609359761573938e-10
160.7057132953625 1.683818627419196e-10
160.8100676546452 5.004434138102133e-11
160.9144220139279 1.6238685476617255e-10
161.01877637321059 4.491640274722136e-11
161.1231307324933 3.392252039323654e-11
161.227485091776 1.4568499922218907e-10
161.3318394510587 7.047930539650557e-11
161.4361938103414 1.476182462260553e-10
161.54054816962412 2.9340792762335324e-11
161.6449025289068 1.4111327146576972e-12
161.7492568881895 1.1665681495395736e-10
161.8536112474722 1.0429985147243753e-10
161.95796560675493 9.397243484747885e-11
162.06231996603762 1.0294805073799433e-12
162.16667432532032 2.8008187514345285e-11
162.271028684603 1.127362787814607e-10
162.37538304388573 2.1134670883006754e-11
162.47973740316843 8.122057146599246e-12
162.58409176245115 3.0746809321662794e-11
162.68844612173385 5.942919865302546e-12
162.79280048101654 4.30899964118111e-12
162.89715484029927 5.7630927197951304e-11
163.00150919958196 3.440628163658776e-11
163.10586355886466 6.615295566564477e-11
163.21021791814735 4.258519687583718e-11
163.31457227743007 8.992151463346521e-12
163.41892663671277 6.8557879237438e-11
163.52328099599546 4.9680794561905434e-12
163.62763535527816 1.1459301494150874e-10
163.73198971456088 1.3419672634272989e-11
163.83634407384358 3.7449652583782675e-11
163.94069843312627 4.523662738368554e-11
164.04505279240897 1.2651541409830824e-11
164.14940715169166 5.7581727967994455e-11
164.25376151097439 1.4488430347206177e-11
164.35811587025708 4.6608724673481195e-11
164.46247022953978 8.048330815578205e-11
164.56682458882247 7.036639131275392e-12
164.6711789481052 2.6284221557635408e-11
164.7755333073879 1.1781027567735984e-10
164.8798876666706 9.616162515820576e-11
164.9842420259533 3.757225584772772e-11
165.088596385236 8.480436096979195e-12
165.19295074451873 8.159034907050319e-11
165.29730510380142 1.2528485838886795e-10
165.40165946308412 9.846202574641008e-11
165.5060138223668 7.862343742425717e-11
165.61036818164953 3.9856198045093545e-11
165.71472254093223 1.0990501507567777e-10
165.81907690021492 1.0947145678716038e-10
165.92343125949762 5.2338395413897366e-11
166.02778561878034 1.9563956214620358e-10
166.13213997806304 1.619134305970649e-10
166.23649433734573 3.5703092391250243e-11
166.34084869662843 1.1301462046623655e-10
166.44520305591115 2.62167471330982e-10
166.54955741519385 2.038593148298328e-10
166.65391177447654 7.990669280727694e-11
166.75826613375924 1.4413410557352023e-10
166.86262049304196 2.3766680224677416e-10
166.96697485232465 2.046493313122898e-10
167.07132921160735 1.94747490832479e-10
167.17568357089007 1.444590817735932e-10
167.28003793017277 1.8476744710027006e-10
167.3843922894555 2.622902817931926e-10
167.48874664873819 1.4088338584306402e-10
167.59310100802088 2.437763080891324e-10
167.69745536730358 3.5354858611734263e-10
167.8018097265863 1.3938672009118696e-10
167.906164085869 1.689660271864447e-10
168.0105184451517 3.4156176807654765e-10
168.11487280443438 3.24039723029682e-10
168.2192271637171 3.9839468651550127e-10
168.3235815229998 1.7473402488920882e-10
168.4279358822825 2.2115429748201158e-10
168.5322902415652 4.3437463525523205e-10
168.6366446008479 2.340944541711438e-10
168.7409989601306 2.5947824636011825e-10
168.8453533194133 3.828306726540989e-10
168.949707678696 2.544936112288785e-10
169.0540620379787 2.8257492985131225e-10
169.15841639726142 3.127318966534478e-10
169.2627707565441 3.0671668060284494e-10
169.3671251158268 3.7461548748801535e-10
169.47147947510953 3.1016644498823264e-10
169.57583383439223 2.790173665515081e-10
169.68018819367495 3.8506099305059493e-10
169.78454255295765 4.6163391150036205e-10
169.88889691224034 3.5795552850996923e-10
169.99325127152304 2.2144161032999088e-10
170.09760563080576 3.7489595569729184e-10
170.20195999008845 4.5953087730760135e-10
170.30631434937115 2.794618609740773e-10
170.41066870865384 3.361842588107933e-10
170.51502306793657 4.3666299336494375e-10
170.61937742721926 2.974305332306586e-10
170.72373178650196 2.7777304739876586e-10
170.82808614578465 4.244597541451962e-10
170.93244050506738 4.27448580327803e-10
171.03679486435007 3.671578417518198e-10
171.14114922363277 3.581060348113189e-10
171.24550358291546 3.198721125123253e-10
171.34985794219818 3.778287030977897e-10
171.45421230148088 4.551021626652759e-10
171.55856666076357 2.694151797589233e-10
171.6629210200463 3.0254261062224637e-10
171.767275379329 4.837778024589923e-10
171.87162973861172 2.951752049332096e-10
171.9759840978944 3.0213515265867513e-10
172.0803384571771 4.317650442941917e-10
172.1846928164598 2.7944153381539344e-10
172.28904717574252 3.133886430052798e-10
172.39340153502522 3.9841699568959795e-10
172.49775589430791 3.516860577993555e-10
172.6021102535906 4.465812206556414e-10
172.70646461287333 2.587562868359309e-10
172.81081897215603 2.227516851581403e-10
172.91517333143872 4.2487490413178217e-10
173.01952769072142 3.083135888026962e-10
173.1238820500041 2.7065195570168e-10
173.22823640928684 3.3949908765872607e-10
173.33259076856953 2.3792461540368066e-10
173.43694512785223 2.769361926348286e-10
173.54129948713492 2.816453897528658e-10
173.64565384641764 2.2908890141259928e-10
173.75000820570034 3.285471668098147e-10
173.85436256498303 2.779848929923703e-10
173.95871692426576 2.0768775967056153e-10
174.06307128354848 2.675016927585728e-10
174.16742564283118 2.6893323602742683e-10
174.27178000211387 2.4322598620059806e-10
174.37613436139657 1.8229268486256662e-10
174.48048872067926 2.1489272275663635e-10
174.58484307996198 2.8156895730999144e-10
174.68919743924468 1.513380736979106e-10
174.79355179852737 1.5678542218305454e-10
174.89790615781007 2.6349240430148164e-10
175.0022605170928 1.480059329832001e-10
175.1066148763755 1.2527152835779385e-10
175.21096923565818 2.1986422441596916e-10
175.31532359494088 1.8037440085512443e-10
175.4196779542236 1.7877495743772822e-10
175.5240323135063 1.5346504192319117e-10
175.628386672789 8.152021011280603e-11
175.7327410320717 1.4310677051829844e-10
175.8370953913544 2.0535180229250274e-10
175.9414497506371 8.232927407228547e-11
176.0458041099198 7.971143194040558e-11
176.1501584692025 1.4553767178389924e-10
176.25451282848522 7.586959342497416e-11
176.35886718776794 6.574838687587011e-11
176.46322154705064 1.2374261211496026e-10
176.56757590633333 8.721287251834333e-11
176.67193026561603 7.686681279197672e-11
176.77628462489875 6.290976008296305e-11
176.88063898418145 5.895662166458298e-11
176.98499334346414 1.0609945530331604e-10
177.08934770274684 5.277769600101741e-11
177.19370206202956 1.1076104788326805e-11
177.29805642131225 5.576008428887719e-11
177.40241078059495 7.145167078367509e-11
177.50676513987764 3.209362113394546e-11
177.61111949916037 1.799257935826321e-11
177.71547385844306 2.6746058920418046e-11
177.81982821772576 3.757084980985676e-11
177.92418257700845 2.296491888050027e-11
178.02853693629115 4.038710496159953e-12
178.13289129557387 3.600397395388128e-11
178.23724565485657 4.088753235417053e-11
178.34160001413926 1.222923857630192e-11
178.44595437342196 4.795045711324451e-12
178.5503087327047 1.8487219859903547e-11
178.6546630919874 2.6373721562503975e-11
178.7590174512701 1.1961905921870397e-12
178.8633718105528 2.0437672719714825e-12
178.9677261698355 8.146687190011567e-12
179.0720805291182 3.054338868054416e-13
179.1764348884009 8.851835766890169e-12
179.2807892476836 1.2105987541905137e-12
179.3851436069663 2.1475826840765397e-12
179.48949796624902 1.1009448608065766e-11
179.5938523255317 3.835414753529717e-12
179.6982066848144 1.679246900885778e-11
179.8025610440971 1.661202976907705e-12
179.90691540337983 1.032218261653929e-11
180.01126976266252 4.91897820509911e-11
180.11562412194522 2.6110783940293258e-11
180.2199784812279 1.839142249920388e-12
180.32433284051064 2.366571196212802e-11
180.42868719979333 7.277932346361017e-11
180.53304155907603 2.97065696214013e-11
180.63739591835872 2.0182849487486763e-11
180.74175027764144 3.452507228065098e-11
180.84610463692417 3.1258412200870373e-11
180.95045899620686 5.1665368621497063e-11
181.05481335548956 3.197836593162395e-11
181.15916771477225 3.638786222384328e-11
181.26352207405498 9.869997911837249e-11
181.36787643333767 4.7734714636890705e-11
181.47223079262037 2.118366183899866e-11
181.57658515190306 1.0096748531880269e-10
181.68093951118578 1.1477727454118026e-10
181.78529387046848 6.723688445300125e-11
181.88964822975117 4.9064270330838246e-11
181.99400258903387 1.1647803997759967e-10
182.0983569483166 1.694573197350866e-10
182.2027113075993 8.879871006712223e-11
182.30706566688198 4.645637496486902e-11
182.41142002616468 1.4700868139820583e-10
182.51577438544737 1.5842422346383726e-10
182.6201287447301 8.844455490958326e-11
182.7244831040128 1.1319857729056339e-10
182.82883746329549 1.73216391469833e-10
182.93319182257818 1.832775659997324e-10
183.03754618186093 9.33900845457623e-11
183.14190054114363 9.945222840757939e-11
183.24625490042632 2.401511211260505e-10
183.35060925970902 2.1544559694212044e-10
183.4549636189917 1.3969886647094282e-10
183.55931797827444 1.493946269467433e-10
183.66367233755713 1.8484613907120961e-10
183.76802669683983 2.3107084890489243e-10
183.87238105612252 1.9361714911525392e-10
183.97673541540524 1.3334444722937852e-10
184.08108977468794 2.517014046236321e-10
184.18544413397063 2.616558241168797e-10
184.28979849325333 1.20154578081066e-10
184.39415285253605 2.34793271946206e-10
184.49850721181875 3.260819282468436e-10
184.60286157110144 1.6845187417469936e-10
184.70721593038414 1.7696115695122045e-10
184.81157028966686 2.8726923435466247e-10
184.91592464894956 2.971680589585712e-10
185.02027900823225 3.0951066679403126e-10
185.12463336751495 1.646990074581031e-10
185.22898772679767 1.7146123264116057e-10
185.3333420860804 3.5935444035383564e-10
185.4376964453631 3.1843396193019056e-10
185.54205080464578 1.9529391141356885e-10
185.64640516392848 2.545041880514966e-10
185.7507595232112 3.0339567567207724e-10
185.8551138824939 2.4538738496445067e-10
185.9594682417766 2.4458779840632333e-10
186.0638226010593 3.0925246469302755e-10
186.168176960342 3.2320038581709194e-10
186.2725313196247 2.4770526638399204e-10
186.3768856789074 2.1730130044692978e-10
186.4812400381901 3.16016042868247e-10
186.58559439747282 3.4479350935381336e-10
186.6899487567555 2.477420445677227e-10
186.7943031160382 2.1669036538818674e-10
186.8986574753209 2.868478596930402e-10
187.0030118346036 3.5062253048040585e-10
187.10736619388632 2.8589296320469873e-10
187.21172055316902 2.261004633417904e-10
187.3160749124517 2.876103202012677e-10
187.4204292717344 2.94200396481327e-10
187.52478363101713 2.442755030833021e-10
187.62913799029985 2.7220469200834837e-10
187.73349234958255 3.116389755417208e-10
187.83784670886524 3.0415110903234754e-10
187.94220106814797 2.2459909062602968e-10
188.04655542743066 1.9417969077860328e-10
188.15090978671336 3.1494084822246394e-10
188.25526414599605 3.664355468232197e-10
188.35961850527875 1.9723389853223286e-10
188.46397286456147 2.0138403520390534e-10
188.56832722384416 3.0837562420185004e-10
188.67268158312686 2.380510652771149e-10
188.77703594240955 2.34995464589633e-10
188.88139030169228 2.7432594612931206e-10
188.98574466097497 1.984732935883595e-10
189.09009902025767 2.1071712188892058e-10
189.19445337954036 2.4511423976363656e-10
189.2988077388231 2.111122040823718e-10
189.40316209810578 2.5860460984592446e-10
189.50751645738848 2.0742183136105704e-10
189.61187081667117 1.2592059581686317e-10
189.7162251759539 2.258071063117446e-10
189.8205795352366 2.9028291060173904e-10
189.9249338945193 1.820157715934623e-10
190.029288253802 1.6337052197009086e-10
190.1336426130847 1.6753091067737754e-10
190.23799697236743 1.5507833519794385e-10
190.34235133165012 2.0021193049632167e-10
190.44670569093282 1.8027049077527376e-10
190.5510600502155 1.3830272773940985e-10
190.65541440949823 1.4074733649728066e-10
190.75976876878093 1.2878740622498298e-10
190.86412312806362 1.4504393193769866e-10
190.96847748734632 1.6253634690186224e-10
191.07283184662904 1.2909486375997628e-10
191.17718620591174 1.210348961882892e-10
191.28154056519443 1.0378024808733177e-10
191.38589492447713 1.1466850063934465e-10
191.49024928375985 1.445961051038965e-10
191.59460364304255 9.053133224626697e-11
191.69895800232524 7.412260900424325e-11
191.80331236160794 9.25815160744312e-11
191.90766672089063 7.769763609419762e-11
192.01202108017335 1.0144927459630923e-10
192.11637543945605 8.313444275674124e-11
192.22072979873877 5.4088526348985174e-11
192.32508415802147 7.332290220976209e-11
192.4294385173042 5.5941831095492935e-11
192.5337928765869 6.046431475053302e-11
192.63814723586958 1.0723756223409417e-10
192.74250159515228 3.1149181010404914e-11
192.84685595443497 2.3613757510258963e-11
192.9512103137177 6.270717387083856e-11
193.0555646730004 2.6736154215539602e-11
193.15991903228309 2.965750635989623e-11
193.26427339156578 4.769063540409568e-11
193.3686277508485 1.4494804645819275e-11
193.4729821101312 2.152451724554333e-11
193.5773364694139 2.966555714943632e-11
193.6816908286966 1.4494714435790514e-11
193.7860451879793 2.99102029951076e-11
193.890399547262 1.2272991764275515e-11
193.9947539065447 1.3691205138829505e-12
194.0991082658274 1.6075610811075904e-11
194.20346262511012 1.96405686818185e-11
194.30781698439282 5.616051162672309e-12
194.41217134367554 1.0146172186258214e-13
194.51652570295823 4.994688351263653e-12
194.62088006224093 4.212721789751252e-12
194.72523442152365 1.6500612571248086e-12
194.82958878080635 1.3452321587362872e-12
194.93394314008904 8.681530746283808e-13
195.03829749937174 7.329222217051493e-13
195.14265185865446 2.354193286392231e-12
195.24700621793716 6.3078261620267885e-12
195.35136057721985 3.805058722417781e-13
195.45571493650255 2.2590255619475586e-12
195.56006929578527 1.0856090097355471e-11
195.66442365506796 1.6375042531709197e-11
195.76877801435066 3.2640820796590943e-12
195.87313237363335 2.4086545939438416e-12
195.97748673291608 2.0965729505490812e-11
196.08184109219877 1.9352204620875272e-11
196.18619545148147 1.6133061173441053e-11
196.29054981076416 9.050664527249707e-12
196.39490417004686 1.6052412175924164e-11
196.49925852932958 2.7820262861604008e-11
196.60361288861228 2.2748047121803094e-11
196.707967247895 2.5086500156222707e-11
196.8123216071777 5.002357440559258e-11
196.91667596646042 3.664963898380774e-11
197.0210303257431 1.1424354972340825e-11
197.1253846850258 4.5969108959527836e-11
197.2297390443085 9.418842515918931e-11
197.3340934035912 4.591586532801719e-11
197.43844776287392 3.804431790419643e-11
197.54280212215662 5.923801173198346e-11
197.6471564814393 5.188531760654042e-11
197.751510840722 7.563656150452842e-11
197.85586520000473 7.039081784693296e-11
197.96021955928742 5.665823954203743e-11
198.06457391857012 1.1047389158497548e-10
198.1689282778528 8.312421550034287e-11
198.27328263713554 4.910939023320839e-11
198.37763699641823 1.213404616958811e-10
198.48199135570093 1.2888336707553212e-10
198.58634571498362 7.788879956984408e-11
198.69070007426635 8.770510659112045e-11
198.79505443354904 1.2601871344227512e-10
198.89940879283174 1.5646369279359605e-10
199.00376315211446 1.3624107835152594e-10
199.10811751139715 6.236862229609869e-11
199.21247187067988 1.1220298434326078e-10
199.31682622996257 1.9456166025927875e-10
199.42118058924527 1.51295268161163e-10
199.52553494852796 1.3149455997546913e-10
199.62988930781069 1.4327767263063262e-10
199.73424366709338 1.519621969717665e-10
199.83859802637608 1.453776468609118e-10
199.94295238565877 1.4299477393207644e-10
