0.0 0.0
0.10435435928270291 2.6466020050687217e-07
0.20870871856540582 5.445131535782594e-07
0.3130630778481087 5.013400958972247e-07
0.41741743713081164 1.5874940517242862e-06
0.5217717964135146 1.752888527796783e-06
0.6261261556962174 0.0003628758977408406
0.7304805149789203 0.0034145255058998015
0.8348348742616233 0.008354698921625669
0.9391892335443263 0.006395258248082472
1.0435435928270291 0.001095373231602709
1.1478979521097321 2.458277537781251e-06
1.2522523113924349 1.3249534036197347e-05
1.3566066706751378 3.623306458165224e-06
1.4609610299578406 3.1016139768255686e-08
1.5653153892405436 2.200765393123894e-06
1.6696697485232466 1.0045960376431104e-07
1.7740241078059495 2.791625964060802e-08
1.8783784670886525 3.768187656590805e-07
1.9827328263713553 1.7328572013345904e-07
2.0870871856540583 6.306906829355345e-07
2.1914415449367612 3.566875525513382e-07
2.2957959042194642 2.6403502227448937e-06
2.400150263502167 5.591933611560929e-06
2.5045046227848697 4.080308491727705e-06
2.6088589820675727 3.81870996897015e-06
2.7132133413502757 2.4384033202097283e-06
2.8175677006329787 2.2718751465241563e-07
2.921922059915681 2.1585295073500582e-08
3.026276419198384 3.497077427842244e-08
3.130630778481087 3.992377864152101e-08
3.23498513776379 3.001386713016306e-08
3.339339497046493 8.555200160111398e-09
3.4436938563291957 2.008328389831504e-08
3.548048215611899 2.7729642687604875e-08
3.6524025748946016 1.3415114670948896e-08
3.756756934177305 1.2302516544416421e-09
3.8611112934600076 2.7735289392737613e-09
3.9654656527427106 4.86335855707662e-08
4.0698200120254135 2.3072616450502236e-08
4.1741743713081165 2.5817400308999028e-09
4.2785287305908195 4.486203380443159e-08
4.3828830898735225 3.136195430542613e-08
4.4872374491562255 2.576229469263304e-10
4.5915918084389284 7.756253256015043e-09
4.6959461677216305 1.1221759066151833e-08
4.800300527004334 1.0074049042213663e-08
4.9046548862870365 3.486403034684556e-09
5.0090092455697395 6.507970574580515e-09
5.1133636048524425 1.2120009597832122e-08
5.217717964135145 6.770760442731524e-09
5.322072323417848 4.543557799735416e-10
5.426426682700551 1.2221360744525127e-08
5.530781041983254 9.393375329868071e-09
5.635135401265957 8.415707423602945e-09
5.73948976054866 9.925125975024039e-09
5.843844119831362 7.767821632465264e-09
5.948198479114066 1.9722692326127082e-08
6.052552838396768 6.641948246855693e-09
6.156907197679472 1.077220132490616e-09
6.261261556962174 2.833745543048678e-08
6.365615916244878 8.45519637367954e-09
6.46997027552758 3.2062892884589282e-09
6.574324634810284 1.8463206978013223e-08
6.678678994092986 1.1480097520498127e-08
6.783033353375689 1.8589740906588445e-08
6.887387712658391 1.0835597539257816e-08
6.991742071941095 5.509918950582469e-09
7.096096431223798 2.5118818567815163e-08
7.200450790506501 6.421432133564695e-09
7.304805149789203 3.88923074101395e-09
7.409159509071906 2.103380668933722e-08
7.51351386835461 6.944941246489733e-09
7.617868227637313 8.90716663889826e-09
7.722222586920015 1.4513708280116997e-08
7.826576946202718 8.58695501227789e-09
7.930931305485421 1.0262584313400753e-08
8.035285664768125 2.0662457087463694e-09
8.139640024050827 2.7182672999908695e-09
8.24399438333353 1.1670617243265845e-08
8.348348742616233 2.780936436597813e-10
8.452703101898935 2.163621120985615e-11
8.557057461181639 4.327478202532427e-09
8.661411820464341 1.3636493847905196e-10
8.765766179747045 6.751937601865157e-10
8.870120539029747 1.0010384792258627e-08
8.974474898312451 7.716423115670133e-09
9.078829257595153 7.070854362093842e-09
9.183183616877857 3.0786962689967136e-08
9.287537976160559 3.927287297529643e-08
9.391892335443261 3.1176541701810456e-08
9.496246694725965 6.500627891034082e-08
9.600601054008669 9.128184925262029e-08
9.704955413291371 8.113173085255513e-08
9.809309772574073 1.1286394369800386e-07
9.913664131856777 1.4745451273072852e-07
10.018018491139479 1.5382527688629955e-07
10.122372850422183 1.69449560684627e-07
10.226727209704885 1.4868912336295167e-07
10.331081568987589 1.932874349900379e-07
10.43543592827029 1.9798816895540847e-07
10.539790287552993 1.1278543977359903e-07
10.644144646835697 1.6378198323985995e-07
10.7484990061184 1.4986395862355755e-07
10.852853365401103 1.671367331103876e-07
10.957207724683805 2.1356860544828903e-07
11.061562083966509 2.0380513678930822e-07
11.165916443249213 4.31060680633952e-07
11.270270802531915 4.85970785885718e-07
11.374625161814617 6.817451348322024e-07
11.47897952109732 1.0908052907363835e-06
11.583333880380025 1.2265619636877618e-06
11.687688239662725 1.69846585908316e-06
11.792042598945429 1.995350579106236e-06
11.896396958228133 2.353020128208659e-06
12.000751317510835 2.9531163634250656e-06
12.105105676793537 2.83159779611554e-06
12.20946003607624 3.074552411411229e-06
12.313814395358945 3.2636064142073843e-06
12.418168754641647 2.8031139046305173e-06
12.522523113924349 2.9416921142482193e-06
12.626877473207053 3.1523735407805813e-06
12.731231832489756 3.3090508277816613e-06
12.835586191772459 4.44571244480914e-06
12.93994055105516 6.119998007064768e-06
13.044294910337864 8.400021676526465e-06
13.148649269620568 1.2443290411122312e-05
13.253003628903269 1.7523511661146545e-05
13.357357988185973 2.514288193522358e-05
13.461712347468676 3.472965066730663e-05
13.566066706751378 4.451588116126318e-05
13.67042106603408 5.6808716992707646e-05
13.774775425316783 6.553770850122345e-05
13.879129784599488 7.397721412027529e-05
13.98348414388219 8.625910553910917e-05
14.087838503164894 9.105061096842855e-05
14.192192862447596 9.472789583833207e-05
14.296547221730298 9.248985772040839e-05
14.400901581013002 7.602585212933293e-05
14.505255940295704 5.947727943063092e-05
14.609610299578407 4.0254424715409656e-05
14.71396465886111 2.2048913587202308e-05
14.818319018143812 1.371960976191454e-05
14.922673377426518 1.9226389170567515e-05
15.02702773670922 4.568370324419221e-05
15.131382095991922 0.00010761811981062111
15.235736455274626 0.00021488634237640952
15.340090814557328 0.0003530535929211356
15.44444517384003 0.0005638318811733279
15.548799533122734 0.0008620487930979254
15.653153892405436 0.0012518901964664046
15.757508251688138 0.0017672901108077839
15.861862610970842 0.0023008073386424272
15.966216970253544 0.002851865432293081
16.07057132953625 0.0034321267245204317
16.174925688818952 0.00398466401769941
16.279280048101654 0.0046331957647420515
16.38363440738436 0.0052246267037959135
16.48798876666706 0.005632756738905028
16.59234312594976 0.005906109903815912
16.696697485232466 0.005920492222075446
16.801051844515168 0.005902219238114274
16.90540620379787 0.005890373390786305
17.009760563080576 0.005699086556319773
17.114114922363278 0.005298487580363453
17.21846928164598 0.004451592034483007
17.322823640928682 0.003456862617699477
17.427178000211384 0.002638214315432571
17.53153235949409 0.0018850069494114414
17.635886718776792 0.001220958718765279
17.740241078059494 0.000551100895997385
17.8445954373422 0.00010478352299915016
17.948949796624902 8.442420006498162e-05
18.053304155907604 0.0004689709738087607
18.157658515190306 0.0012393337381341478
18.262012874473008 0.002319522139524197
18.366367233755714 0.004031211708537043
18.470721593038416 0.006294300561208421
18.575075952321118 0.009403567890161163
18.679430311603824 0.013118720039973462
18.783784670886522 0.0162849515745922
18.888139030169224 0.019959634647462757
18.99249338945193 0.024653758061149222
19.096847748734632 0.03044510299570044
19.201202108017338 0.0366764459154482
19.30555646730004 0.04071668710712164
19.409910826582742 0.04475898543996052
19.514265185865444 0.04941221466167081
19.618619545148146 0.05308686752286619
19.722973904430848 0.05769313604869251
19.827328263713554 0.05981109885831009
19.931682622996256 0.06128650141070689
20.036036982278958 0.06452922871315146
20.140391341561664 0.06258205007792704
20.244745700844366 0.06407398450319364
20.349100060127068 0.07027094117623783
20.45345441940977 0.06574488024398137
20.557808778692472 0.0624304743007381
20.662163137975178 0.06811980146570484
20.76651749725788 0.06738999318676935
20.87087185654058 0.06435573195100348
20.975226215823287 0.06627502947607523
21.079580575105986 0.06861146616699745
21.18393493438869 0.07123519396963804
21.288289293671394 0.07178517805270841
21.392643652954096 0.0747691652211784
21.4969980122368 0.08435688169517716
21.601352371519503 0.08854130746307179
21.705706730802206 0.09179339823613288
21.810061090084908 0.10425648194360666
21.91441544936761 0.11243932098956226
22.018769808650312 0.11746674451843689
22.123124167933018 0.12786471253278875
22.22747852721572 0.13050907436864748
22.331832886498425 0.12882868604687395
22.436187245781127 0.13502334143312342
22.54054160506383 0.13520058633845008
22.64489596434653 0.12338835913384813
22.749250323629234 0.11380279944634472
22.853604682911936 0.10539705692331519
22.95795904219464 0.09119368447580362
23.062313401477343 0.07886157761526397
23.16666776076005 0.06709961065325827
23.27102212004275 0.05237720637462121
23.37537647932545 0.04320659529840752
23.479730838608155 0.03337883424991483
23.584085197890857 0.02142239632157244
23.68843955717356 0.01843185534493266
23.792793916456265 0.014821101114198362
23.897148275738967 0.008760097319988544
24.00150263502167 0.009702190030330756
24.10585699430437 0.010692887386539994
24.210211353587074 0.011284052918112677
24.31456571286978 0.015338809480815695
24.41892007215248 0.01876634164675725
24.523274431435183 0.02053673215600463
24.62762879071789 0.021290730818186943
24.73198315000059 0.023613163719255606
24.836337509283293 0.026629449623481377
24.940691868565995 0.026902118125546385
25.045046227848697 0.02644910628700377
25.1494005871314 0.025385279746713733
25.253754946414105 0.023776139105395236
25.358109305696807 0.02302954258536624
25.462463664979513 0.022024512630978453
25.566818024262215 0.020372828551974004
25.671172383544917 0.017259463453241138
25.77552674282762 0.013678636286253015
25.87988110211032 0.011504269632572015
25.984235461393023 0.009760858505771554
26.08858982067573 0.008441312836102314
26.19294417995843 0.00709580793369633
26.297298539241137 0.004955541143086369
26.401652898523835 0.003288478060053721
26.506007257806537 0.002584469323751475
26.610361617089243 0.0022016565618468206
26.714715976371945 0.0015302558780125068
26.819070335654647 0.0009547564935821035
26.923424694937353 0.0008502943279418396
27.027779054220055 0.0006594794803408868
27.132133413502757 0.0006819866419847236
27.23648777278546 0.001042383614533622
27.34084213206816 0.0010867154236997652
27.445196491350863 0.0008544810475570906
27.549550850633565 0.0010212124185543124
27.653905209916275 0.001688850275947339
27.758259569198977 0.0018691091405828965
27.86261392848168 0.001471204301884113
27.96696828776438 0.0013486107705424676
28.07132264704708 0.0014898305595786596
28.17567700632979 0.00158995098674955
28.28003136561249 0.0015207121269850234
28.384385724895193 0.0013033134165154573
28.488740084177895 0.0010448456197571945
28.593094443460597 0.0007778288511696678
28.6974488027433 0.0007488638000027899
28.801803162026005 0.0008969627889812524
28.906157521308707 0.000835394290191939
29.01051188059141 0.0005768236711278466
29.11486623987411 0.00032644436839655144
29.219220599156813 0.0001937023476053325
29.323574958439522 0.0001956342139831764
29.42792931772222 0.00024291091044576423
29.532283677004923 0.0002869783947386234
29.636638036287625 0.00035198079881894995
29.740992395570327 0.00037832260315653644
29.845346754853036 0.0003251742932826208
29.94970111413574 0.0002674287307128193
30.05405547341844 0.0002563321916258226
30.158409832701143 0.00032071798820241203
30.262764191983845 0.0004030312714451069
30.367118551266543 0.00040267503070562426
30.471472910549252 0.00033726915883538057
30.575827269831954 0.00023162977826053017
30.680181629114657 0.00012259307410266142
30.78453598839736 7.657315232208718e-05
30.88889034768006 7.858031152711026e-05
30.993244706962766 9.145752974808248e-05
31.09759906624547 0.00010576869784648589
31.20195342552817 0.00010956373427474923
31.306307784810873 0.00011325767055983783
31.410662144093575 0.0001466480359957672
31.515016503376277 0.00018521444421877004
31.619370862658986 0.0001954585085685813
31.723725221941685 0.00020118621473762366
31.828079581224387 0.00022324262781055126
31.93243394050709 0.00027112906443099477
32.03678829978979 0.0002985945658177799
32.1411426590725 0.00025577982427036223
32.2454970183552 0.000212815579662549
32.349851377637904 0.00021593971348328852
32.454205736920606 0.00023185437339418914
32.55856009620331 0.00023000881041339454
32.66291445548601 0.00018561368360770573
32.76726881476872 0.00012368959946236778
32.87162317405142 8.451897153024859e-05
32.97597753333412 7.07775104946436e-05
33.08033189261682 8.279692461984939e-05
33.18468625189952 0.00010454043541781454
33.28904061118223 0.0001042623443661164
33.39339497046493 7.781708166077291e-05
33.497749329747634 4.201644456254163e-05
33.602103689030336 2.615275883780275e-05
33.70645804831304 5.832686224482282e-05
33.81081240759574 0.00011637994536817872
33.91516676687845 0.00014718271570443616
34.01952112616115 0.0001313704386097831
34.123875485443854 8.366381681946054e-05
34.228229844726556 4.246529573158057e-05
34.33258420400926 3.337382267647535e-05
34.43693856329196 4.1627650678906805e-05
34.54129292257466 4.9921049170442984e-05
34.645647281857364 5.093333660110288e-05
34.75000164114007 4.2626019893966914e-05
34.85435600042277 3.45971116999955e-05
34.95871035970548 3.382386368074151e-05
35.06306471898818 3.9789144785486654e-05
35.16741907827088 5.415882134636554e-05
35.271773437553584 7.111319538832045e-05
35.376127796836286 7.961580282649668e-05
35.48048215611899 7.842241384536432e-05
35.5848365154017 6.72073962210431e-05
35.6891908746844 5.195883927271066e-05
35.7935452339671 4.897645142589223e-05
35.897899593249804 6.11073692762092e-05
36.002253952532506 7.918601018707851e-05
36.10660831181521 8.660550717255329e-05
36.21096267109791 6.865837309342708e-05
36.31531703038061 3.933126992582919e-05
36.419671389663314 2.356107786456178e-05
36.524025748946016 3.058431446323666e-05
36.62838010822872 5.163196134413428e-05
36.73273446751143 6.609730309193408e-05
36.83708882679413 6.078432688419102e-05
36.94144318607683 4.0327966756570334e-05
37.045797545359534 1.7348977055003816e-05
37.150151904642236 5.8770782626766465e-06
37.254506263924945 1.5003538709131637e-05
37.35886062320765 3.723067821586939e-05
37.46321498249035 5.35921523104906e-05
37.567569341773044 4.982917553375891e-05
37.671923701055746 3.0400100978378244e-05
37.77627806033845 1.7158780567230102e-05
37.88063241962116 2.5168376246266876e-05
37.98498677890386 4.5302483217020584e-05
38.08934113818656 5.6551318884629946e-05
38.193695497469264 4.531614385037471e-05
38.298049856751966 2.0410220339199637e-05
38.402404216034675 5.321245357627981e-06
38.50675857531738 1.5048204465544472e-05
38.61111293460008 4.54817326062708e-05
38.71546729388278 7.680483892140276e-05
38.819821653165484 8.537824465722924e-05
38.924176012448186 6.563984862062062e-05
39.02853037173089 3.470294588710618e-05
39.13288473101359 1.509698665144982e-05
39.23723909029629 1.789521819323159e-05
39.341593449578994 3.227447742937506e-05
39.445947808861696 3.8326962160712206e-05
39.550302168144405 2.9911297951735372e-05
39.65465652742711 1.728428009465232e-05
39.75901088670981 1.3942107136138966e-05
39.86336524599251 2.2654747680917413e-05
39.967719605275214 3.312348781212207e-05
40.072073964557916 3.562024411452508e-05
40.176428323840625 2.8471303647511966e-05
40.28078268312333 1.727164534594342e-05
40.38513704240603 1.1124052683527377e-05
40.48949140168873 1.547856607630308e-05
40.59384576097143 2.8039133822055305e-05
40.698200120254135 4.1128046593305206e-05
40.80255447953684 4.4191961721186484e-05
40.90690883881954 3.323280763844457e-05
41.01126319810224 1.7749541054543527e-05
41.115617557384944 1.0014961947924946e-05
41.21997191666765 1.525703290867393e-05
41.324326275950355 2.9025250389403565e-05
41.42868063523306 3.9231906499368514e-05
41.53303499451576 3.977029128751504e-05
41.63738935379846 3.4392079786293646e-05
41.74174371308116 2.7466648735561643e-05
41.84609807236387 2.2999879581778192e-05
41.950452431646575 2.147697252011989e-05
42.05480679092928 1.9331645010260025e-05
42.15916115021197 1.670252267279617e-05
42.263515509494674 1.6144563665924754e-05
42.36786986877738 1.927209162250867e-05
42.472224228060085 2.765232535899031e-05
42.57657858734279 3.7963640747471454e-05
42.68093294662549 4.3530929425098134e-05
42.78528730590819 4.153107471577187e-05
42.889641665190894 3.21963064131924e-05
42.9939960244736 1.965526565696466e-05
43.098350383756305 1.103277001527674e-05
43.20270474303901 8.693201227826585e-06
43.30705910232171 1.1640175753362749e-05
43.41141346160441 1.7865395334342495e-05
43.51576782088712 2.3628469623813238e-05
43.620122180169815 2.8418623722052313e-05
43.72447653945252 3.2529429617310775e-05
43.82883089873522 3.398555653445121e-05
43.93318525801792 3.322130941331448e-05
44.037539617300624 3.043292222958426e-05
44.14189397658333 2.4411240283996422e-05
44.246248335866035 1.8262578068129042e-05
44.35060269514874 1.5110184500066349e-05
44.45495705443144 1.5514782198951573e-05
44.55931141371414 2.08556427654405e-05
44.66366577299685 2.8470624683489612e-05
44.76802013227955 3.408524147732048e-05
44.872374491562255 3.7387825928680035e-05
44.97672885084496 3.6777009239779586e-05
45.08108321012766 3.2264437703664344e-05
45.18543756941036 2.721227581516107e-05
45.28979192869306 2.1701743051685104e-05
45.394146287975765 1.643485138161883e-05
45.49850064725847 1.3861487644693892e-05
45.60285500654117 1.3624513759023087e-05
45.70720936582387 1.617481995801808e-05
45.81156372510658 2.1679670392129867e-05
45.91591808438928 2.709499673154666e-05
46.020272443671985 3.0995264215250844e-05
46.12462680295469 3.23351953173141e-05
46.22898116223739 2.942031100084603e-05
46.3333355215201 2.4583980349319937e-05
46.4376898808028 2.0338140437052515e-05
46.5420442400855 1.7467564749400545e-05
46.646398599368204 1.8123569604345342e-05
46.7507529586509 2.1688074947936257e-05
46.8551073179336 2.6123869064897233e-05
46.95946167721631 3.126350433980428e-05
47.06381603649901 3.466308650224264e-05
47.168170395781715 3.475281497305436e-05
47.27252475506442 3.282106971198949e-05
47.37687911434712 2.8274443007849135e-05
47.48123347362983 2.2231423526023793e-05
47.58558783291253 1.7950505764433063e-05
47.68994219219523 1.581629553030212e-05
47.794296551477935 1.66957004317725e-05
47.89865091076064 2.0970722610140714e-05
48.00300527004334 2.567978090835761e-05
48.10735962932605 2.9837272787812733e-05
48.21171398860874 3.271002017780995e-05
48.316068347891445 3.231989169472083e-05
48.42042270717415 3.027795253337697e-05
48.52477706645685 2.7930208340731676e-05
48.62913142573956 2.503868908906955e-05
48.73348578502226 2.3613056429420136e-05
48.83784014430496 2.3975660595076003e-05
48.942194503587665 2.4675557895460505e-05
49.04654886287037 2.601967100765445e-05
49.15090322215307 2.690297942858934e-05
49.25525758143578 2.5969186940878465e-05
49.35961194071848 2.4579924216685577e-05
49.46396630000118 2.314074600482735e-05
49.568320659283884 2.2046926903294558e-05
49.672675018566586 2.2725703447605166e-05
49.77702937784929 2.4165420284830802e-05
49.88138373713199 2.5627818288670405e-05
49.98573809641469 2.7262577768645763e-05
50.090092455697395 2.791087746340208e-05
50.1944468149801 2.80428058370548e-05
50.2988011742628 2.8340057766013926e-05
50.40315553354551 2.796147757451486e-05
50.50750989282821 2.7535656206009544e-05
50.61186425211091 2.7335560116580865e-05
50.716218611393614 2.6706338625221628e-05
50.82057297067632 2.6676060065348843e-05
50.924927329959026 2.7266170235157225e-05
51.02928168924173 2.7490470618052984e-05
51.13363604852443 2.7808137016574168e-05
51.23799040780713 2.7632531770575093e-05
51.342344767089834 2.6560277335186446e-05
51.446699126372536 2.6098527645245675e-05
51.55105348565524 2.6339207919774852e-05
51.65540784493794 2.7043161298715228e-05
51.75976220422064 2.854920785684223e-05
51.864116563503345 2.9381233344385825e-05
51.96847092278605 2.8672211028564983e-05
52.072825282068756 2.7117134285799858e-05
52.17717964135146 2.4691727009892244e-05
52.28153400063416 2.2303149453609102e-05
52.38588835991686 2.1373842672168667e-05
52.490242719199564 2.1711912054495827e-05
52.59459707848227 2.331431648827571e-05
52.698951437764975 2.606273867899512e-05
52.80330579704767 2.890231574258929e-05
52.90766015633037 3.160648891899714e-05
53.012014515613075 3.381727580746381e-05
53.11636887489578 3.474532315862421e-05
53.220723234178486 3.457040223441637e-05
53.32507759346119 3.3435118009679314e-05
53.42943195274389 3.1666115449701677e-05
53.53378631202659 3.0220127606554682e-05
53.638140671309294 2.92847861841941e-05
53.742495030592 2.8759632288168793e-05
53.846849389874706 2.8488346454523994e-05
53.95120374915741 2.7676412362058488e-05
54.05555810844011 2.6190891198275697e-05
54.15991246772281 2.443720447447761e-05
54.264266827005514 2.267292904069904e-05
54.368621186288216 2.183242506705355e-05
54.47297554557092 2.2460446332238267e-05
54.57732990485362 2.4185847401294923e-05
54.68168426413632 2.688093648016896e-05
54.786038623419024 2.9761573286092502e-05
54.89039298270173 3.1756425023027385e-05
54.99474734198443 3.282983434893762e-05
55.09910170126713 3.2725356634417164e-05
55.20345606054985 3.14207696620397e-05
55.30781041983255 2.986638435769108e-05
55.41216477911525 2.8430552428574823e-05
55.51651913839795 2.7481601220680547e-05
55.620873497680655 2.769547831786707e-05
55.72522785696336 2.8751660838176074e-05
55.82958221624606 3.0274288008295576e-05
55.93393657552876 3.194981288447636e-05
56.03829093481146 3.287668002462299e-05
56.14264529409416 3.287055497499799e-05
56.24699965337686 3.2125849371018175e-05
56.35135401265958 3.069996196599337e-05
56.45570837194228 2.9363790718030535e-05
56.56006273122498 2.8473605076546193e-05
56.66441709050768 2.783638664488639e-05
56.768771449790385 2.7626967451290973e-05
56.87312580907309 2.7350889225251522e-05
56.97748016835579 2.6545205089748828e-05
57.08183452763849 2.5602435113872734e-05
57.186188886921194 2.4429231509730937e-05
57.290543246203896 2.334539554222459e-05
57.3948976054866 2.332045255737808e-05
57.49925196476931 2.4260737232186446e-05
57.60360632405201 2.6324123535483523e-05
57.70796068333471 2.9725785525898764e-05
57.81231504261741 3.3196539036604366e-05
57.916669401900116 3.6206055888453864e-05
58.02102376118282 3.847456718755745e-05
58.12537812046552 3.8749425215549035e-05
58.22973247974822 3.7435376688710006e-05
58.334086839030924 3.536823344159183e-05
58.438441198313626 3.2413323331890304e-05
58.54279555759633 2.9766591620101514e-05
58.647149916879044 2.8252339718792465e-05
58.75150427616175 2.7294719552503115e-05
58.85585863544444 2.730332437369631e-05
58.960212994727144 2.8047056759824445e-05
59.064567354009846 2.83836436542713e-05
59.16892171329255 2.864014462389128e-05
59.27327607257525 2.8666420849895263e-05
59.37763043185795 2.795512461215343e-05
59.481984791140654 2.749782411216536e-05
59.586339150423356 2.736389744435035e-05
59.69069350970607 2.7250506757507842e-05
59.795047868988775 2.7890211696054406e-05
59.89940222827148 2.8687575305001346e-05
60.00375658755418 2.9028790799240192e-05
60.10811094683688 2.940011730853492e-05
60.21246530611958 2.9139069265298134e-05
60.316819665402285 2.8232148828619998e-05
60.42117402468499 2.7775387173484883e-05
60.52552838396769 2.756048743265746e-05
60.629882743250384 2.807517871936266e-05
60.734237102533086 3.011168177649816e-05
60.8385914618158 3.261069024283994e-05
60.942945821098505 3.532700109855547e-05
61.04730018038121 3.8075620290206484e-05
61.15165453966391 3.9243926036849365e-05
61.25600889894661 3.893322295826701e-05
61.36036325822931 3.764594383321614e-05
61.464717617512015 3.4743593320311036e-05
61.56907197679472 3.132333157981247e-05
61.67342633607742 2.8477651567593494e-05
61.77778069536012 2.5879205931497458e-05
61.88213505464282 2.4466679132505352e-05
61.98648941392553 2.456184899943055e-05
62.090843773208235 2.5113618698658476e-05
62.19519813249094 2.6355175499504558e-05
62.29955249177364 2.7790662699901695e-05
62.40390685105634 2.8340923642896917e-05
62.50826121033904 2.8716948530118986e-05
62.612615569621745 2.885467984462334e-05
62.71696992890445 2.8449147967373246e-05
62.82132428818715 2.866122885054719e-05
62.92567864746985 2.9239953784491988e-05
63.030033006752554 2.968596180588266e-05
63.13438736603527 3.07016237605332e-05
63.23874172531797 3.146869020489e-05
63.343096084600674 3.1463387158962536e-05
63.44745044388337 3.153725174461274e-05
63.55180480316607 3.111711897591476e-05
63.65615916244877 3.0295466149823742e-05
63.760513521731475 3.0330836551609898e-05
63.86486788101418 3.075260759351371e-05
63.96922224029688 3.1657842876528344e-05
64.07357659957958 3.373656703839107e-05
64.17793095886229 3.565580977509903e-05
64.282285318145 3.691695434010964e-05
64.3866396774277 3.778334052071889e-05
64.4909940367104 3.696785647876283e-05
64.5953483959931 3.4617369591399386e-05
64.69970275527581 3.1832620589783544e-05
64.8040571145585 2.82959657031962e-05
64.90841147384121 2.4891580362299294e-05
65.01276583312391 2.28757699142721e-05
65.11712019240662 2.1865526051659205e-05
65.22147455168931 2.224591540381061e-05
65.32582891097202 2.4156773906806624e-05
65.43018327025473 2.6267338049996346e-05
65.53453762953744 2.8325901728087385e-05
65.63889198882013 3.0072174086422018e-05
65.74324634810284 3.05290738638393e-05
65.84760070738554 3.025759741439041e-05
65.95195506666823 2.979380439143067e-05
66.05630942595094 2.8917966940961766e-05
66.16066378523364 2.8464698474111493e-05
66.26501814451635 2.8761622433867226e-05
66.36937250379904 2.9307264205525604e-05
66.47372686308175 3.0406755804309736e-05
66.57808122236446 3.180137031875361e-05
66.68243558164717 3.2775578376044456e-05
66.78678994092986 3.3527455574698435e-05
66.89114430021257 3.3867221638742244e-05
66.99549865949527 3.3591605439830754e-05
67.09985301877798 3.335150682539793e-05
67.20420737806067 3.321912149820659e-05
67.30856173734338 3.31695195760003e-05
67.41291609662608 3.3538317611061796e-05
67.51727045590879 3.3824784700914964e-05
67.62162481519148 3.3604147682323746e-05
67.72597917447419 3.290417981330713e-05
67.8303335337569 3.126930661610728e-05
67.9346878930396 2.8766059415350463e-05
68.0390422523223 2.6007823742473223e-05
68.143396611605 2.3192058076190745e-05
68.24775097088771 2.0938846661265977e-05
68.3521053301704 1.994068723594916e-05
68.45645968945311 2.0165209927680837e-05
68.5608140487358 2.1717179683482864e-05
68.66516840801852 2.434155566451666e-05
68.76952276730121 2.7132754240545275e-05
68.87387712658392 2.9655173431621887e-05
68.97823148586663 3.139284972267301e-05
69.08258584514932 3.174021404443039e-05
69.18694020443203 3.1016502771034965e-05
69.29129456371473 2.959475898717512e-05
69.39564892299744 2.7760869295007202e-05
69.50000328228013 2.6414832173820055e-05
69.60435764156284 2.6043443161054685e-05
69.70871200084554 2.6677496313906316e-05
69.81306636012825 2.8527169572066343e-05
69.91742071941096 3.1133766323187356e-05
70.02177507869366 3.375208297274802e-05
70.12612943797636 3.6041073557463685e-05
70.23048379725907 3.737854675410025e-05
70.33483815654176 3.742544535267685e-05
70.43919251582446 3.649176578146765e-05
70.54354687510717 3.469991484833933e-05
70.64790123438986 3.2416255046097756e-05
70.75225559367257 3.0273966148656785e-05
70.85660995295527 2.841370644544316e-05
70.96096431223798 2.7002758491277805e-05
71.06531867152069 2.6191931346115596e-05
71.1696730308034 2.564449882928715e-05
71.27402739008609 2.5209454198445563e-05
71.3783817493688 2.4794656293242984e-05
71.4827361086515 2.4117363771142416e-05
71.5870904679342 2.3349391837610928e-05
71.6914448272169 2.2691668219313016e-05
71.79579918649961 2.2182446764879986e-05
71.9001535457823 2.218975789939429e-05
72.00450790506501 2.274547988451424e-05
72.1088622643477 2.3588910195590547e-05
72.21321662363042 2.473109605396264e-05
72.31757098291313 2.5763295956025936e-05
72.42192534219582 2.6226628740044955e-05
72.52627970147853 2.625211557801748e-05
72.63063406076122 2.5726110708415343e-05
72.73498842004393 2.473583899845632e-05
72.83934277932663 2.4008839412874815e-05
72.94369713860934 2.3797786583512757e-05
73.04805149789203 2.4338928420393482e-05
73.15240585717474 2.6135088754455384e-05
73.25676021645744 2.8850057577115256e-05
73.36111457574015 3.205316256936854e-05
73.46546893502286 3.553882132841769e-05
73.56982329430555 3.832807198081437e-05
73.67417765358826 3.972811618260834e-05
73.77853201287095 3.973261434857825e-05
73.88288637215366 3.794967280244436e-05
73.98724073143636 3.462532680799018e-05
74.09159509071907 3.080566454720515e-05
74.19594945000176 2.6978621552159965e-05
74.30030380928447 2.385722619826153e-05
74.40465816856717 2.23013072897452e-05
74.50901252784989 2.2180016058230765e-05
74.61336688713259 2.3364911601764776e-05
74.7177212464153 2.5627316930116896e-05
74.82207560569799 2.792280338950409e-05
74.9264299649807 2.9662646882903958e-05
75.0307843242634 3.0477545702068836e-05
75.13513868354609 2.9607131210948336e-05
75.2394930428288 2.7248762884700935e-05
75.34384740211149 2.4046800973572722e-05
75.4482017613942 2.024221339384587e-05
75.5525561206769 1.6820547589066178e-05
75.65691047995962 1.471041787355638e-05
75.76126483924232 1.3960612007047994e-05
75.86561919852502 1.4932317101888545e-05
75.96997355780772 1.749063556593478e-05
76.07432791709043 2.0682458059827413e-05
76.17868227637312 2.4183095109749648e-05
76.28303663565583 2.736005480266892e-05
76.38739099493853 2.9187868294248798e-05
76.49174535422124 2.9799806721293642e-05
76.59609971350393 2.9296135747314026e-05
76.70045407278664 2.750521424834985e-05
76.80480843206935 2.5410233067110606e-05
76.90916279135205 2.3744589875574874e-05
77.01351715063475 2.260221142828234e-05
77.11787150991745 2.2746882172314187e-05
77.22222586920016 2.427335511485983e-05
77.32658022848285 2.6543442556218685e-05
77.43093458776556 2.9593717740568882e-05
77.53528894704826 3.284036603352627e-05
77.63964330633097 3.529814243524595e-05
77.74399766561366 3.7002504007873355e-05
77.84835202489637 3.757306534413363e-05
77.95270638417908 3.649345194029899e-05
78.05706074346178 3.449467641061908e-05
78.16141510274448 3.1914645053497446e-05
78.26576946202718 2.8810821286874633e-05
78.37012382130989 2.6197525933305248e-05
78.47447818059258 2.4353388336908974e-05
78.5788325398753 2.3000825538921213e-05
78.68318689915799 2.2615689559332112e-05
78.7875412584407 2.292239284874264e-05
78.89189561772339 2.323743520095606e-05
78.9962499770061 2.3758308283183336e-05
79.10060433628881 2.4093985331123162e-05
79.20495869557152 2.362373726456393e-05
79.30931305485421 2.2743501883061374e-05
79.41366741413692 2.14417600390987e-05
79.51802177341962 1.954738225731696e-05
79.62237613270231 1.777413883462009e-05
79.72673049198502 1.632767463220013e-05
79.83108485126772 1.5114349491281282e-05
79.93543921055043 1.4623702143403475e-05
80.03979356983312 1.474553522609254e-05
80.14414792911583 1.5182645313318701e-05
80.24850228839854 1.6160875823305604e-05
80.35285664768125 1.732210070325437e-05
80.45721100696395 1.8319657636266382e-05
80.56156536624665 1.9361438664156482e-05
80.66591972552935 2.0110102567885374e-05
80.77027408481206 2.0444743372806988e-05
80.87462844409475 2.0832303596962196e-05
80.97898280337746 2.109944387326573e-05
81.08333716266016 2.1275269787911407e-05
81.18769152194287 2.1873101271012096e-05
81.29204588122558 2.260841046320566e-05
81.39640024050827 2.339549832426723e-05
81.50075459979098 2.4671905566019373e-05
81.60510895907368 2.6034584036789852e-05
81.70946331835638 2.7256187628891744e-05
81.81381767763908 2.8692742182477127e-05
81.91817203692179 2.98925773820329e-05
82.02252639620448 3.0578632341155665e-05
82.12688075548719 3.1170821183737676e-05
82.23123511476989 3.1418266494072255e-05
82.3355894740526 3.1188854329320626e-05
82.4399438333353 3.0962294278556004e-05
82.544298192618 3.0594605660957014e-05
82.64865255190071 2.9987014015243077e-05
82.7530069111834 2.9529595720034034e-05
82.85736127046611 2.9075644815377676e-05
82.96171562974881 2.8534263616909407e-05
83.06606998903152 2.8178649874474154e-05
83.17042434831421 2.7776207910549633e-05
83.27477870759692 2.7201003977493908e-05
83.37913306687962 2.6654887465677456e-05
83.48348742616233 2.589236540057278e-05
83.58784178544504 2.4872116587504284e-05
83.69219614472775 2.3879940463029237e-05
83.79655050401044 2.2729567928972597e-05
83.90090486329315 2.1419225855744012e-05
84.00525922257584 2.025832834663658e-05
84.10961358185855 1.9083520773468423e-05
84.21396794114125 1.786465626332643e-05
84.31832230042394 1.687805289836103e-05
84.42267665970665 1.598243363472578e-05
84.52703101898935 1.5098979867743961e-05
84.63138537827206 1.4413953288944937e-05
84.73573973755477 1.3802122106213911e-05
84.84009409683748 1.3194311983624603e-05
84.94444845612017 1.272531357530912e-05
85.04880281540288 1.231118689568858e-05
85.15315717468557 1.1944832486779478e-05
85.25751153396828 1.1726730698193459e-05
85.36186589325098 1.1577992201060583e-05
85.46622025253369 1.1534074677920318e-05
85.57057461181638 1.1661044595106847e-05
85.67492897109909 1.185929150488215e-05
85.77928333038179 1.2186299781974821e-05
85.8836376896645 1.2680039148948366e-05
85.9879920489472 1.321181795542745e-05
86.0923464082299 1.3847032220229051e-05
86.19670076751261 1.4603414970800697e-05
86.3010551267953 1.5334450739291e-05
86.40540948607801 1.6120336144825867e-05
86.50976384536071 1.698884547327074e-05
86.61411820464342 1.7817045733194903e-05
86.71847256392611 1.8705840470372516e-05
86.82282692320882 1.9682848257947603e-05
86.92718128249152 2.0644501843384425e-05
87.03153564177424 2.168159997323995e-05
87.13589000105694 2.2769803758549712e-05
87.24024436033963 2.3816013119254103e-05
87.34459871962234 2.4931796279675124e-05
87.44895307890503 2.602907998537709e-05
87.55330743818774 2.6997994457923696e-05
87.65766179747044 2.800507751703246e-05
87.76201615675315 2.893478011317675e-05
87.86637051603584 2.9651004000904386e-05
87.97072487531855 3.0406974837451142e-05
88.07507923460125 3.1142153122888915e-05
88.17943359388397 3.168796134988956e-05
88.28378795316667 3.229492631982841e-05
88.38814231244938 3.292036612639222e-05
88.49249667173207 3.335222969967593e-05
88.59685103101478 3.3790982192071246e-05
88.70120539029747 3.4206150976080654e-05
88.80555974958018 3.4418827254089695e-05
88.90991410886288 3.463021246462378e-05
89.01426846814557 3.479447243734258e-05
89.11862282742828 3.475192000685403e-05
89.22297718671098 3.4732423521357205e-05
89.3273315459937 3.467256283136437e-05
89.4316859052764 3.441047851918533e-05
89.5360402645591 3.423103275539381e-05
89.6403946238418 3.406071584022745e-05
89.74474898312451 3.365534535286153e-05
89.8491033424072 3.330647255002164e-05
89.95345770168991 3.2966551083331416e-05
90.05781206097261 3.232414614307534e-05
90.16216642025532 3.1693233304146526e-05
90.26652077953801 3.114962738380382e-05
90.37087513882072 3.037097205358867e-05
90.47522949810343 2.9616052486272614e-05
90.57958385738613 2.9021856122975435e-05
90.68393821666884 2.8259747035979515e-05
90.78829257595153 2.749603517509292e-05
90.89264693523424 2.6882038577631064e-05
90.99700129451693 2.6118517485131585e-05
91.10135565379964 2.5332857657668766e-05
91.20571001308234 2.466658324788725e-05
91.31006437236505 2.381785729826467e-05
91.41441873164774 2.2915375547379164e-05
91.51877309093047 2.2146319061625808e-05
91.62312745021316 2.121896848471768e-05
91.72748180949586 2.025919487220343e-05
91.83183616877857 1.951966167904366e-05
91.93619052806126 1.8701947063564307e-05
92.04054488734397 1.7836082875001146e-05
92.14489924662666 1.7185271054572995e-05
92.24925360590937 1.6474407705585616e-05
92.35360796519207 1.566276685129812e-05
92.45796232447478 1.502544843760095e-05
92.56231668375747 1.4352108199799261e-05
92.6666710430402 1.357331128972068e-05
92.77102540232289 1.2949183510496167e-05
92.8753797616056 1.2310610430116388e-05
92.9797341208883 1.1578127524076124e-05
93.084088480171 1.0999838969203111e-05
93.1884428394537 1.0433121812189113e-05
93.29279719873641 9.786286096121868e-06
93.3971515580191 9.294734976716447e-06
93.5015059173018 8.818876991938879e-06
93.60586027658451 8.232942023742869e-06
93.7102146358672 7.776402583164572e-06
93.81456899514993 7.350481972611738e-06
93.91892335443262 6.808289169503441e-06
94.02327771371533 6.3885618118891514e-06
94.12763207299803 6.049009363371431e-06
94.23198643228073 5.612890133828907e-06
94.33634079156343 5.264219923682746e-06
94.44069515084614 5.001204867807634e-06
94.54504951012883 4.6494177763057755e-06
94.64940386941154 4.343148895839681e-06
94.75375822869424 4.106997158509701e-06
94.85811258797695 3.7954752001621875e-06
94.96246694725966 3.5158362375683743e-06
95.06682130654235 3.296755239939661e-06
95.17117566582506 3.012659859273857e-06
95.27553002510776 2.7617095438906485e-06
95.37988438439046 2.585466963388377e-06
95.48423874367316 2.365453244746537e-06
95.58859310295587 2.1747263432632693e-06
95.69294746223856 2.0639983858291263e-06
95.79730182152127 1.914222276658852e-06
95.90165618080397 1.7622919886702188e-06
96.00601054008668 1.6701855659342142e-06
96.11036489936939 1.5420754680532282e-06
96.2147192586521 1.3980175788574225e-06
96.31907361793479 1.3054778100254288e-06
96.42342797721749 1.1941169852940996e-06
96.5277823365002 1.0711340060572938e-06
96.63213669578289 9.93919020913709e-07
96.7364910550656 9.079529731273192e-07
96.8408454143483 8.129344754469624e-07
96.945199773631 7.589811115017394e-07
97.0495541329137 7.004978241027598e-07
97.15390849219641 6.292258695481995e-07
97.25826285147912 5.918408331258038e-07
97.36261721076183 5.490496649231725e-07
97.46697157004452 4.85353515037433e-07
97.57132592932723 4.494964841205874e-07
97.67568028860993 4.168141993229165e-07
97.78003464789263 3.654093061682251e-07
97.88438900717533 3.368609815580445e-07
97.98874336645804 3.1843739625911766e-07
98.09309772574073 2.830046704814404e-07
98.19745208502343 2.59141665672555e-07
98.30180644430614 2.4297316590668027e-07
98.40616080358885 2.1302428283610247e-07
98.51051516287156 1.911788313674292e-07
98.61486952215425 1.7608643143671744e-07
98.71922388143696 1.5151577962503227e-07
98.82357824071966 1.352492306415275e-07
98.92793260000236 1.259110232735152e-07
99.03228695928506 1.0848812196073145e-07
99.13664131856777 9.778434319303566e-08
99.24099567785046 9.564155647984245e-08
99.34535003713317 8.62478533335135e-08
99.44970439641587 7.906750625260676e-08
99.55405875569858 7.821022079159487e-08
99.65841311498129 6.971259283414559e-08
99.76276747426398 6.029862301677268e-08
99.86712183354669 5.532950948556501e-08
99.97147619282939 4.6131036892708044e-08
100.0758305521121 3.821650309894514e-08
100.18018491139479 3.478880149314847e-08
100.2845392706775 2.939390522916581e-08
100.3888936299602 2.5512223982591824e-08
100.4932479892429 2.5090608491160595e-08
100.5976023485256 2.2441001253943137e-08
100.70195670780832 2.006828249712198e-08
100.80631106709102 2.0679414009031974e-08
100.91066542637373 1.8854862962163645e-08
101.01501978565642 1.6196547117518705e-08
101.11937414493912 1.5830872111587432e-08
101.22372850422182 1.362500742892078e-08
101.32808286350452 1.0610504336724014e-08
101.43243722278723 9.558841149958902e-09
101.53679158206992 8.284936245512628e-09
101.64114594135263 6.962876858422512e-09
101.74550030063534 6.711483605548018e-09
101.84985465991805 6.03305532975701e-09
101.95420901920075 5.274931575197104e-09
102.05856337848346 5.010703067457813e-09
102.16291773776615 3.971327037158159e-09
102.26727209704886 3.1085778076164294e-09
102.37162645633155 3.078897257868639e-09
102.47598081561426 2.574586967410734e-09
102.58033517489696 2.065024850329429e-09
102.68468953417967 2.2327315246846317e-09
102.78904389346236 2.2044191664658877e-09
102.89339825274507 1.951237498875104e-09
102.99775261202778 2.0925123236879494e-09
103.10210697131048 1.9544422099170725e-09
103.20646133059319 1.7697145364754513e-09
103.31081568987588 1.8079689314101995e-09
103.41517004915859 1.186866479994543e-09
103.51952440844128 7.461112328870757e-10
103.623878767724 6.327568929617078e-10
103.72823312700669 2.4861741611501654e-10
103.8325874862894 8.609689518501416e-11
103.9369418455721 2.073282103411662e-10
104.0412962048548 3.8706152847049626e-10
104.14565056413751 3.4874968534618e-10
104.2500049234202 5.710908609522434e-10
104.35435928270292 7.551156682993296e-10
104.45871364198561 4.758747480523558e-10
104.56306800126832 5.838575547177959e-10
104.66742236055102 4.917243780656538e-10
104.77177671983372 2.6952512403080607e-10
104.87613107911642 3.208081996696674e-10
104.98048543839913 1.1246304225571102e-10
105.08483979768182 1.2818111272156927e-11
105.18919415696455 4.1799486733822515e-11
105.29354851624724 5.7335038380121316e-11
105.39790287552995 1.157464294369435e-11
105.50225723481265 6.780775660028887e-11
105.60661159409534 2.2026694231425236e-10
105.71096595337805 6.634698954916586e-11
105.81532031266075 7.989309879164864e-11
105.91967467194345 1.4322514761340987e-10
106.02402903122615 1.4190451843668298e-11
106.12838339050886 3.691502159231236e-11
106.23273774979155 9.377940853570377e-11
106.33709210907428 2.2840374494084106e-11
106.44144646835697 4.689724389164128e-11
106.54580082763968 1.7593083781779658e-10
106.65015518692238 2.673646697001715e-11
106.75450954620509 8.654192109406816e-11
106.85886390548778 1.6988529787641788e-10
106.96321826477049 2.1951091301096055e-12
107.06757262405318 1.253342260775362e-10
107.1719269833359 5.7205630495947956e-11
107.27628134261859 4.488093708761741e-11
107.38063570190128 7.507185308650053e-11
107.484990061184 1.5207707479216712e-11
107.5893444204667 1.510624270869632e-10
107.69369877974941 2.0532608457266285e-11
107.7980531390321 1.8975891570985667e-10
107.90240749831482 1.8889516832300632e-10
108.00676185759751 5.300910026405585e-11
108.11111621688022 2.8869758388257437e-10
108.21547057616291 4.9418454356594035e-11
108.31982493544562 1.7161817984075078e-10
108.42417929472832 2.5095624106460154e-10
108.52853365401103 7.313400445263501e-12
108.63288801329374 1.6097464887645282e-10
108.73724237257643 2.8939608903789766e-11
108.84159673185914 9.849579632724503e-11
108.94595109114184 1.1671146726706925e-10
109.05030545042455 1.0239180740543581e-11
109.15465980970724 1.375777622296794e-10
109.25901416898995 8.997467722448562e-12
109.36336852827264 1.2259411886908447e-10
109.46772288755535 1.0272541461687532e-10
109.57207724683805 1.290907243448797e-11
109.67643160612076 1.3249976045856696e-10
109.78078596540345 1.161204484620188e-11
109.88514032468616 8.337048718081715e-11
109.98949468396886 1.1703442836563798e-10
110.09384904325157 2.6760418364992407e-11
110.19820340253426 5.2012506817391016e-11
110.30255776181698 5.216239737843069e-11
110.4069121210997 3.336650614087788e-11
110.51126648038239 3.7991189415106565e-11
110.6156208396651 8.460037260311828e-11
110.7199751989478 1.2595429633244297e-11
110.8243295582305 5.4624144549715473e-11
110.9286839175132 4.389288390423071e-11
111.0330382767959 3.3017154967277425e-11
111.1373926360786 1.2506854752982062e-10
111.24174699536131 1.3251236973244158e-11
111.346101354644 9.486193635949373e-11
111.45045571392671 5.082757809659771e-11
111.55481007320941 5.0397839922671016e-11
111.65916443249212 1.6862256128547997e-10
111.76351879177481 3.4946424427069524e-12
111.86787315105752 1.382857734579108e-10
111.97222751034022 7.687452303061787e-11
112.07658186962291 6.030202466919384e-11
112.18093622890562 1.8769941028423168e-10
112.28529058818832 9.965706649250061e-12
112.38964494747103 1.7432952631146065e-10
112.49399930675372 9.969074817938716e-11
112.59835366603646 6.584623857326381e-11
112.70270802531915 1.9035049538996262e-10
112.80706238460186 4.290736285497585e-12
112.91141674388456 1.4382107119661256e-10
113.01577110316725 8.189080488383752e-11
113.12012546244996 3.2304182141656546e-11
113.22447982173266 1.3274915058776533e-10
113.32883418101537 2.0616911211865004e-12
113.43318854029806 1.0038241121395574e-10
113.53754289958077 5.023002087671808e-11
113.64189725886347 2.1831400302441606e-11
113.74625161814618 7.519726924083156e-11
113.85060597742887 8.304844936625082e-13
113.95496033671158 8.009599402772089e-11
114.05931469599427 4.2193020910033934e-11
114.16366905527698 1.2779864485547162e-11
114.26802341455968 4.1333223230484036e-11
114.37237777384239 1.5713032030039535e-11
114.47673213312508 3.457513398014231e-11
114.58108649240779 2.7200314446514438e-11
114.68544085169049 2.0100098128363828e-11
114.7897952109732 7.230919313372972e-12
114.89414957025592 2.7674708676981348e-11
114.99850392953861 8.555091732231987e-12
115.10285828882132 2.4512851018982198e-11
115.20721264810402 3.462477045578903e-11
115.31156700738673 2.044757466866358e-12
115.41592136666942 4.929802733270102e-11
115.52027572595213 4.146937266687916e-12
115.62463008523483 4.922285597721615e-11
115.72898444451754 5.99719897042619e-11
115.83333880380023 9.69484445627403e-12
115.93769316308294 7.912751101869254e-11
116.04204752236564 1.5199516739506445e-11
116.14640188164834 6.247275857639773e-11
116.25075624093104 8.238204232561217e-11
116.35511060021375 3.064358477354311e-11
116.45946495949644 8.5481048707076e-11
116.56381931877915 3.6412656057661786e-11
116.66817367806185 9.832468309374828e-11
116.77252803734454 7.79639213457898e-11
116.87688239662725 2.659957020849124e-11
116.98123675590995 8.322721268841827e-11
117.08559111519266 1.6527488179239958e-11
117.18994547447538 5.686473188193127e-11
117.29429983375809 5.573392757408013e-11
117.39865419304078 1.00721155060562e-11
117.5030085523235 3.752217867112621e-11
117.60736291160619 1.1606510847803155e-11
117.71171727088888 3.3822873318769956e-11
117.81607163017159 1.7951277320731687e-11
117.92042598945429 1.6100324825241298e-11
118.024780348737 2.5874066605177367e-11
118.12913470801969 7.622340532382052e-12
118.2334890673024 3.182945850702413e-11
118.3378434265851 1.0948143681008041e-11
118.4421977858678 1.7951831945517233e-12
118.5465521451505 8.476612925367796e-12
118.65090650443321 2.1405200769498853e-13
118.7552608637159 2.273779105392208e-12
118.85961522299861 9.395402536981177e-12
118.96396958228131 3.836579078947682e-12
119.06832394156402 4.684614094676358e-12
119.17267830084671 1.435073879398674e-11
119.27703266012942 5.775810245555125e-13
119.38138701941214 2.837405190242724e-11
119.48574137869484 1.5980799287493674e-11
119.59009573797755 7.009301708560693e-12
119.69445009726024 2.0440258127477786e-11
119.79880445654295 1.4846805902954395e-12
119.90315881582565 4.67917912542408e-11
120.00751317510836 1.4240565095422139e-11
120.11186753439105 2.113913478877445e-11
120.21622189367376 3.80009393166632e-11
120.32057625295646 1.7946640172854888e-11
120.42493061223917 8.183393322834392e-11
120.52928497152186 2.203754713850926e-11
120.63363933080457 5.872257610158191e-11
120.73799369008727 7.621824024712329e-11
120.84234804936997 1.801223594695697e-11
120.94670240865267 1.0303620173170165e-10
121.05105676793538 2.947266380533093e-11
121.15541112721807 3.40489468875649e-11
121.25976548650077 5.7262814866113717e-11
121.36411984578348 4.587642092660811e-12
121.46847420506617 5.880218848196113e-11
121.57282856434888 7.038917658775112e-12
121.6771829236316 3.2675434169464665e-11
121.78153728291431 3.2943971984754354e-11
121.88589164219701 1.0299073007127223e-11
121.99024600147972 6.038047701015119e-11
122.09460036076241 4.569290841318441e-12
122.19895472004512 5.034851209846799e-11
122.30330907932782 4.737484699698217e-11
122.40766343861051 3.932880023510806e-12
122.51201779789322 3.909082757779698e-11
122.61637215717592 1.4817003262161207e-11
122.72072651645863 2.256863299918908e-11
122.82508087574132 2.4890140447076666e-11
122.92943523502403 1.6923966506320946e-11
123.03378959430673 1.0277607665843392e-11
123.13814395358943 3.964741935107007e-11
123.24249831287213 3.3082368412083475e-11
123.34685267215484 1.9377620783762275e-11
123.45120703143753 5.91177603503977e-11
123.55556139072024 9.683869399829903e-12
123.65991575000294 4.5393567220805895e-11
123.76427010928565 3.681301233101469e-11
123.86862446856834 2.037624844565618e-11
123.97297882785107 6.96822778645352e-11
124.07733318713377 1.3665117209181391e-12
124.18168754641647 6.2220548088965e-11
124.28604190569918 3.1551640395146525e-11
124.39039626498187 3.593424845514426e-11
124.49475062426458 1.0046711981246365e-10
124.59910498354728 6.367264746766661e-13
124.70345934282999 9.63839717768728e-11
124.80781370211268 4.748757921964319e-11
124.91216806139539 3.2856126596451567e-11
125.01652242067809 1.2069533114210726e-10
125.1208767799608 5.083318385885091e-12
125.22523113924349 6.867835457463465e-11
125.3295854985262 3.441405960133569e-11
125.4339398578089 2.968061044385393e-11
125.5382942170916 8.694427632828911e-11
125.6426485763743 3.515123454655045e-12
125.74700293565701 6.657937583413159e-11
125.8513572949397 2.1022866737510827e-11
125.9557116542224 4.65276451575254e-11
126.06006601350511 8.091557576133748e-11
126.1644203727878 7.494758834600227e-12
126.26877473207054 7.588950919295566e-11
126.37312909135323 2.6547486028701827e-11
126.47748345063594 3.150232716284678e-11
126.58183780991864 6.139222332868538e-11
126.68619216920135 1.9822955305468878e-11
126.79054652848404 4.0935878867563727e-11
126.89490088776674 1.9457727001593738e-11
126.99925524704945 2.9320668666549524e-11
127.10360960633214 2.2368756369188377e-11
127.20796396561485 4.9268153091693955e-11
127.31231832489755 3.8822169619781275e-11
127.41667268418026 1.6726520953990707e-11
127.52102704346295 5.8157787089301144e-11
127.62538140274566 1.2017815768209787e-11
127.72973576202835 5.328441308204949e-11
127.83409012131106 4.1561563809727496e-11
127.93844448059376 1.4726824919191294e-11
128.04279883987647 4.337130228648676e-11
128.14715319915916 3.830465194242612e-12
128.25150755844186 5.750100855324501e-11
128.35586191772458 2.4018206266884034e-11
128.4602162770073 2.961364196275744e-11
128.56457063629 5.0218935030234726e-11
128.6689249955727 3.2737466917698506e-12
128.7732793548554 7.8506447900055e-11
128.8776337141381 2.2716429912792184e-11
128.9819880734208 3.09786098722726e-11
129.0863424327035 5.704103266516411e-11
129.1906967919862 6.048524475408915e-13
129.29505115126892 5.0136539876870883e-11
129.39940551055162 1.2245017954735505e-11
129.5037598698343 3.1825459052479825e-11
129.608114229117 3.44203508534929e-11
129.71246858839973 7.377006966805572e-12
129.81682294768243 4.3875303321030415e-11
129.92117730696512 5.405498885223084e-12
130.02553166624782 4.7588367454667645e-11
130.12988602553054 2.8267149262834845e-11
130.23424038481323 8.778731196825934e-12
130.33859474409593 3.687148792235285e-11
130.44294910337862 1.168815026975146e-12
130.54730346266132 3.983536155773276e-11
130.65165782194404 1.608766730212103e-11
130.75601218122677 1.232770128897785e-11
130.86036654050946 2.260151225709378e-11
130.96472089979216 3.8148890891051355e-12
131.06907525907488 3.902767636327217e-11
131.17342961835757 6.062435893873984e-12
131.27778397764027 2.3429581711338944e-11
131.38213833692296 2.1078630613115127e-11
131.4864926962057 5.089829941844648e-12
131.59084705548838 4.009282346843503e-11
131.69520141477108 3.489710976686953e-12
131.79955577405377 1.879420169080965e-11
131.90391013333647 1.713918587639325e-11
132.0082644926192 2.8722868800386494e-12
132.11261885190189 1.7799656752049618e-11
132.21697321118458 1.0550860991232583e-12
132.32132757046728 1.5162727034328092e-11
132.42568192975 6.34847756250796e-12
132.5300362890327 4.675131467942065e-12
132.6343906483154 8.802921133229386e-12
132.73874500759808 2.5129570504931892e-12
132.8430993668808 1.3567359483999326e-11
132.9474537261635 2.427552856700205e-12
133.05180808544623 2.6436219785131285e-12
133.15616244472892 1.810111745262127e-12
133.26051680401162 4.51975426881418e-12
133.36487116329434 2.8034393520572766e-12
133.46922552257703 4.7451189494144414e-12
133.57357988185973 5.893333108411445e-12
133.67793424114242 3.2338016961889317e-12
133.78228860042515 2.2856192936594485e-11
133.88664295970784 4.057327808461259e-12
133.99099731899054 1.3377921848187654e-11
134.09535167827323 2.1585653587387106e-11
134.19970603755596 1.3897087422220072e-11
134.30406039683865 2.973825413626226e-11
134.40841475612135 9.200668149394028e-12
134.51276911540404 3.1272269046007796e-11
134.61712347468676 2.4825673766266838e-11
134.72147783396946 2.3786598921526064e-11
134.82583219325215 4.4369223582502185e-11
134.93018655253485 1.0801911059742763e-11
135.03454091181757 4.689125159404143e-11
135.13889527110027 3.5446841188611516e-11
135.24324963038296 3.382652289857556e-11
135.34760398966569 5.038303792778385e-11
135.45195834894838 1.4306959848319516e-11
135.5563127082311 6.072914244911464e-11
135.6606670675138 3.615398935182494e-11
135.7650214267965 3.196492956047406e-11
135.8693757860792 5.613619595729158e-11
135.9737301453619 7.385750762500401e-12
136.0780845046446 5.2959104578370426e-11
136.1824388639273 3.5005219975537236e-11
136.28679322321 1.1382915170127207e-11
136.3911475824927 4.329968291378463e-11
136.49550194177542 3.7142587030800115e-12
136.5998563010581 3.3173277831935097e-11
136.7042106603408 3.9123737173950824e-11
136.8085650196235 2.8961555787258864e-12
136.91291937890622 4.082126441964719e-11
137.01727373818892 1.569552439100785e-11
137.1216280974716 1.8018396375193394e-11
137.2259824567543 6.26352505434797e-11
137.33033681603703 8.564177355805772e-12
137.43469117531973 4.749222769652779e-11
137.53904553460242 5.1625718474025676e-11
137.64339989388515 1.4075433198035829e-11
137.74775425316784 1.1114659950397885e-10
137.85210861245056 4.327072575904019e-11
137.95646297173326 6.156406321742796e-11
138.06081733101595 1.0795201730074199e-10
138.16517169029865 2.310987230027586e-11
138.26952604958137 1.619775948867897e-10
138.37388040886407 8.742531632524748e-11
138.47823476814676 7.565480982263684e-11
138.58258912742946 1.8003937171774388e-10
138.68694348671218 3.8661275144232405e-11
138.79129784599488 1.979635450589633e-10
138.89565220527757 1.5174990410505237e-10
139.00000656456027 7.776773478377385e-11
139.104360923843 2.2971985255682537e-10
139.20871528312568 6.547465064263568e-11
139.31306964240838 2.1331745684991515e-10
139.41742400169107 2.073535535876231e-10
139.5217783609738 6.592596040768582e-11
139.6261327202565 2.6438560866357484e-10
139.7304870795392 9.356528223151263e-11
139.8348414388219 1.6742814372564285e-10
139.9391957981046 2.549191332845881e-10
140.04355015738733 4.734907732974262e-11
140.14790451667002 2.2747359217457127e-10
140.25225887595272 1.3289845635175268e-10
140.35661323523541 1.0348936349688615e-10
140.46096759451814 2.6338609496363366e-10
140.56532195380083 5.26639293491869e-11
140.66967631308353 1.8739411915563395e-10
140.77403067236622 2.0036798497556792e-10
140.87838503164892 6.822107209193458e-11
140.98273939093164 3.024400463846549e-10
141.08709375021434 1.296147652555466e-10
141.19144810949703 1.5596247774873274e-10
141.29580246877973 3.1062067295719023e-10
141.40015682806245 9.901301134894767e-11
141.50451118734514 3.4847276601522244e-10
141.60886554662784 2.6017022296495176e-10
141.71321990591053 1.7079717599623927e-10
141.81757426519326 4.713369983460886e-10
141.92192862447595 1.9420605963487691e-10
142.02628298375865 4.038545242972097e-10
142.13063734304137 4.6448235123939377e-10
142.23499170232407 1.9802654939310764e-10
142.3393460616068 5.853425506356829e-10
142.44370042088948 3.476884125439125e-10
142.54805478017218 4.1860219583358525e-10
142.65240913945487 6.288373705781184e-10
142.7567634987376 2.5985490335764517e-10
142.8611178580203 6.518240377775993e-10
142.965472217303 5.108730403403265e-10
143.06982657658568 4.0850195878261066e-10
143.1741809358684 7.582265101262979e-10
143.2785352951511 3.4434766693259836e-10
143.3828896544338 6.36271375222164e-10
143.4872440137165 6.801099136498924e-10
143.59159837299921 3.9649598721795125e-10
143.6959527322819 8.020016010243171e-10
143.8003070915646 4.657554305393539e-10
143.9046614508473 5.669700028926146e-10
144.00901581013002 8.074538038520608e-10
144.11337016941272 4.2040311477000516e-10
144.2177245286954 7.874947525690794e-10
144.3220788879781 6.300946072624152e-10
144.42643324726083 5.175155918657779e-10
144.53078760654356 9.291461714810185e-10
144.63514196582625 5.447741410440277e-10
144.73949632510895 7.774702564121086e-10
144.84385068439164 8.684751999167449e-10
144.94820504367436 5.760124885656956e-10
145.05255940295706 1.0733913280262843e-09
145.15691376223975 8.254056794104432e-10
145.26126812152245 8.620642564031348e-10
145.36562248080517 1.1728956227694812e-09
145.46997684008787 7.867326675040873e-10
145.57433119937056 1.2708434116515108e-09
145.67868555865326 1.2056666616417873e-09
145.78303991793595 1.0164773905866445e-09
145.88739427721868 1.5195832016147664e-09
145.99174863650137 1.1220164664964765e-09
146.09610299578407 1.4341995735722004e-09
146.20045735506676 1.6387458894173876e-09
146.30481171434948 1.2611148202009348e-09
146.40916607363218 1.7531669281848576e-09
146.51352043291487 1.4846405743859815e-09
146.61787479219757 1.5960625294878611e-09
146.7222291514803 1.9799855488108263e-09
146.82658351076302 1.4956119584165811e-09
146.9309378700457 1.9106925431253645e-09
147.0352922293284 1.8554081899602425e-09
147.1396465886111 1.676271809599772e-09
147.24400094789382 2.1655785344749865e-09
147.34835530717652 1.7990732317036697e-09
147.4527096664592 1.9649048093074664e-09
147.5570640257419 2.0927651992481054e-09
147.66141838502463 1.8480641140560088e-09
147.76577274430733 2.3192161237387574e-09
147.87012710359002 2.056641899765983e-09
147.97448146287272 2.0409555651181503e-09
148.07883582215544 2.3738821899927987e-09
148.18319018143814 2.0773006206068566e-09
148.28754454072083 2.4298306454824183e-09
148.39189890000353 2.455512641015353e-09
148.49625325928625 2.338058873084492e-09
148.60060761856894 2.680937039413624e-09
148.70496197785164 2.4962236536603356e-09
148.80931633713433 2.8242738173801257e-09
148.91367069641706 2.9547547874741316e-09
149.01802505569978 2.719960276496226e-09
149.12237941498248 3.1595570254332095e-09
149.22673377426517 3.0803966098267613e-09
149.33108813354787 3.2127759417008085e-09
149.4354424928306 3.4819307780034668e-09
149.53979685211328 3.2772422668913396e-09
149.64415121139598 3.5780430195610996e-09
149.74850557067867 3.5006122628818974e-09
149.8528599299614 3.5925958056283624e-09
149.9572142892441 3.8924072556673065e-09
150.0615686485268 3.5440261201965955e-09
150.16592300780948 3.768954259767484e-09
150.27027736709218 3.803634349959528e-09
150.3746317263749 3.7185263991091985e-09
150.4789860856576 3.9652416173174574e-09
150.5833404449403 3.68088303398267e-09
150.68769480422299 3.8373187784789316e-09
150.7920491635057 3.811531844153386e-09
150.8964035227884 3.658271066331444e-09
151.0007578820711 4.044523522883706e-09
151.1051122413538 3.6906402279856018e-09
151.20946660063652 3.710576393766052e-09
151.31382095991924 3.875834954359305e-09
151.41817531920194 3.589928874333077e-09
151.52252967848463 3.955458955089892e-09
151.62688403776733 3.6926885952479367e-09
151.73123839705005 3.6014963660885133e-09
151.83559275633274 3.9203300917625375e-09
151.93994711561544 3.468505509278186e-09
152.04430147489813 3.863402583705299e-09
152.14865583418086 3.844215574939436e-09
152.25301019346355 3.41707850573123e-09
152.35736455274625 3.909516570547395e-09
152.46171891202894 3.517158321323321e-09
152.56607327131167 3.6332938154834144e-09
152.67042763059436 3.877083254214566e-09
152.77478198987706 3.2509737932114494e-09
152.87913634915975 3.715143236719273e-09
152.98349070844247 3.4565625120563595e-09
153.08784506772517 3.211933464344224e-09
153.19219942700786 3.702746782835271e-09
153.29655378629056 2.9748004906068474e-09
153.40090814557328 3.1693039255955165e-09
153.505262504856 3.2336842222010285e-09
153.6096168641387 2.675902257148659e-09
153.7139712234214 3.193761739895465e-09
153.8183255827041 2.6493631400331273e-09
153.92267994198681 2.5036827755683416e-09
154.0270343012695 2.832545672941121e-09
154.1313886605522 2.1539103618303704e-09
154.2357430198349 2.5544663577443997e-09
154.34009737911762 2.3320834345878798e-09
154.44445173840032 1.8495109466570174e-09
154.548806097683 2.3767822338260093e-09
154.6531604569657 1.8071172434197737e-09
154.7575148162484 1.900663110570978e-09
154.86186917553113 2.0937784064968714e-09
154.96622353481382 1.436582109804282e-09
155.07057789409652 1.9064780685286083e-09
155.1749322533792 1.6459441678803803e-09
155.27928661266193 1.4348103011350815e-09
155.38364097194463 1.9042183522994882e-09
155.48799533122732 1.2466396448529903e-09
155.59234969051002 1.5159811354885428e-09
155.69670404979274 1.6394085716993738e-09
155.80105840907547 1.1233719567019034e-09
155.90541276835816 1.6524276264112627e-09
156.00976712764086 1.2402456389443607e-09
156.11412148692355 1.151109650452067e-09
156.21847584620627 1.5157929102231658e-09
156.32283020548897 9.505051697335379e-10
156.42718456477166 1.338431890583536e-09
156.53153892405436 1.1770638467871026e-09
156.63589328333708 8.069209914257121e-10
156.74024764261978 1.3075304347780454e-09
156.84460200190247 8.233189483058343e-10
156.94895636118517 9.084577531382012e-10
157.0533107204679 1.0482068815493258e-09
157.1576650797506 5.715319492345832e-10
157.26201943903328 9.569885627069058e-10
157.36637379831598 7.00738557330979e-10
157.4707281575987 5.84437073466753e-10
157.5750825168814 8.68528219129451e-10
157.6794368761641 3.9660628595030007e-10
157.78379123544678 6.39913381604322e-10
157.8881455947295 6.542132577521552e-10
157.9924999540122 3.400935628675473e-10
158.09685431329493 6.551583369712982e-10
158.20120867257762 3.737712019102951e-10
158.30556303186032 4.0030294209594474e-10
158.40991739114304 5.827525871079441e-10
158.51427175042573 2.500340200095462e-10
158.61862610970843 5.172315057235487e-10
158.72298046899112 4.018806828254238e-10
158.82733482827385 2.4138643205312075e-10
158.93168918755654 5.62018646461481e-10
159.03604354683924 2.7202697570516367e-10
159.14039790612193 3.5723678307511225e-10
159.24475226540463 4.376801562636566e-10
159.34910662468735 1.9175175187833123e-10
159.45346098397005 4.744629781837946e-10
159.55781534325274 2.946048549548899e-10
159.66216970253544 2.6031716389362383e-10
159.76652406181816 4.459814212894341e-10
159.87087842110085 1.571913698444201e-10
159.97523278038355 3.6515765827228727e-10
160.07958713966624 3.349293485867606e-10
160.18394149894897 1.6734192489768273e-10
160.28829585823166 3.6215962297681445e-10
160.3926502175144 1.5907372135621892e-10
160.49700457679708 2.5584011631444315e-10
160.60135893607978 2.999351064501685e-10
160.7057132953625 1.0518133284648172e-10
160.8100676546452 2.8364802800913106e-10
160.9144220139279 1.5041383910969402e-10
161.01877637321059 1.3315827696363814e-10
161.1231307324933 2.5465531710303835e-10
161.227485091776 7.676746378708045e-11
161.3318394510587 1.635053036042231e-10
161.4361938103414 1.3401767047117141e-10
161.54054816962412 7.032412302992462e-11
161.6449025289068 1.9386733203504755e-10
161.7492568881895 6.684713294058904e-11
161.8536112474722 9.698389046652713e-11
161.95796560675493 1.4090680675398147e-10
162.06231996603762 3.8204078928753076e-11
162.16667432532032 1.4756327247588433e-10
162.271028684603 9.71842303438825e-11
162.37538304388573 5.934690503384765e-11
162.47973740316843 1.360828811754134e-10
162.58409176245115 4.78496504360919e-11
162.68844612173385 1.2502517664914442e-10
162.79280048101654 1.2127424339584342e-10
162.89715484029927 4.4888614703839925e-11
163.00150919958196 1.3770657405607412e-10
163.10586355886466 6.737349529494314e-11
163.21021791814735 9.289955203070504e-11
163.31457227743007 1.3135425847837848e-10
163.41892663671277 4.687729228251201e-11
163.52328099599546 1.1257946218561972e-10
163.62763535527816 7.363879313778506e-11
163.73198971456088 7.643999669635561e-11
163.83634407384358 1.193737893316108e-10
163.94069843312627 4.15652056852997e-11
164.04505279240897 8.802400037994442e-11
164.14940715169166 7.232246512654484e-11
164.25376151097439 5.3367478494928485e-11
164.35811587025708 9.029106997111628e-11
164.46247022953978 3.5043137853963846e-11
164.56682458882247 5.7650626420428824e-11
164.6711789481052 5.309720099698201e-11
164.7755333073879 3.352240049102092e-11
164.8798876666706 6.163612922398242e-11
164.9842420259533 2.2886329779015425e-11
165.088596385236 3.186660406204365e-11
165.19295074451873 3.773320446393286e-11
165.29730510380142 1.8893036454278965e-11
165.40165946308412 4.0261720946366265e-11
165.5060138223668 1.8628194856662883e-11
165.61036818164953 1.8728504503994868e-11
165.71472254093223 3.031632205992583e-11
165.81907690021492 1.489308108483062e-11
165.92343125949762 3.441225528096306e-11
166.02778561878034 2.0296689314354723e-11
166.13213997806304 1.5690011132097176e-11
166.23649433734573 3.451624233705028e-11
166.34084869662843 1.6494405318288775e-11
166.44520305591115 3.6456118296939924e-11
166.54955741519385 2.8965393432110613e-11
166.65391177447654 1.7209024473633828e-11
166.75826613375924 3.927649563379283e-11
166.86262049304196 2.0267280849786892e-11
166.96697485232465 4.324514030579796e-11
167.07132921160735 3.267628688347203e-11
167.17568357089007 1.7525742696551466e-11
167.28003793017277 4.97317974025377e-11
167.3843922894555 2.050594351109324e-11
167.48874664873819 4.050958151293627e-11
167.59310100802088 3.594024589973281e-11
167.69745536730358 1.3767037541728745e-11
167.8018097265863 4.644605868589059e-11
167.906164085869 1.5080258211678396e-11
168.0105184451517 3.526384795771033e-11
168.11487280443438 3.445311160196741e-11
168.2192271637171 5.326487827028155e-12
168.3235815229998 4.417584454121783e-11
168.4279358822825 1.4083130828841958e-11
168.5322902415652 1.7810867040194112e-11
168.6366446008479 2.7919808176184744e-11
168.7409989601306 9.766848544759702e-13
168.8453533194133 3.071845824640663e-11
168.949707678696 1.1721066543615912e-11
169.0540620379787 8.97156297099681e-12
169.15841639726142 2.8973709474128663e-11
169.2627707565441 1.7848862650912335e-12
169.3671251158268 2.122577115330886e-11
169.47147947510953 2.208358693796417e-11
169.57583383439223 1.8624319222598747e-13
169.68018819367495 2.1088143761385932e-11
169.78454255295765 6.833158199341356e-12
169.88889691224034 1.0889288476406502e-11
169.99325127152304 3.115893459763085e-11
170.09760563080576 1.1588778190112644e-12
170.20195999008845 2.5336596434887195e-11
170.30631434937115 2.2952372645433197e-11
170.41066870865384 5.186387862948758e-12
170.51502306793657 4.264707059612852e-11
170.61937742721926 7.984251827074421e-12
170.72373178650196 1.9785693290146927e-11
170.82808614578465 2.7187898703174145e-11
170.93244050506738 3.141095019325712e-12
171.03679486435007 5.43522860608316e-11
171.14114922363277 1.4058854259032173e-11
171.24550358291546 2.094656837400925e-11
171.34985794219818 4.339947867214554e-11
171.45421230148088 5.132603463765145e-13
171.55856666076357 4.9186841007302304e-11
171.6629210200463 1.9844223313121105e-11
171.767275379329 1.1978412631165637e-11
171.87162973861172 3.562024647554301e-11
171.9759840978944 1.0945855201083393e-12
172.0803384571771 4.836376681218581e-11
172.1846928164598 2.5849869441960076e-11
172.28904717574252 1.2641760037652642e-11
172.39340153502522 3.9553845687760404e-11
172.49775589430791 3.707602358918666e-12
172.6021102535906 3.053245513759358e-11
172.70646461287333 2.275948930843128e-11
172.81081897215603 7.164463835228319e-12
172.91517333143872 2.6113370488633267e-11
173.01952769072142 6.986557118192197e-12
173.1238820500041 2.4417993328828178e-11
173.22823640928684 3.042432262631585e-11
173.33259076856953 1.4420638369328e-11
173.43694512785223 2.3095965672148836e-11
173.54129948713492 1.492366391452425e-11
173.64565384641764 9.68597149559429e-12
173.75000820570034 2.295498713677479e-11
173.85436256498303 1.3798170344887414e-11
173.95871692426576 1.410352959618235e-11
174.06307128354848 2.298520891062245e-11
174.16742564283118 8.67495245596451e-12
174.27178000211387 3.1727628345791123e-11
174.37613436139657 2.6584602149557574e-11
174.48048872067926 1.1611307520394356e-11
174.58484307996198 2.9166642367451045e-11
174.68919743924468 4.2957723478552884e-12
174.79355179852737 2.3762979498291783e-11
174.89790615781007 2.2428340604023674e-11
175.0022605170928 9.137319916583802e-12
175.1066148763755 3.690514882551517e-11
175.21096923565818 6.35846508501255e-12
175.31532359494088 2.7747616440108258e-11
175.4196779542236 3.0323012566340805e-11
175.5240323135063 7.34504999569552e-12
175.628386672789 3.429670933906192e-11
175.7327410320717 5.419525931177899e-12
175.8370953913544 1.8028877471778707e-11
175.9414497506371 2.0883074235219567e-11
176.0458041099198 8.435331454886636e-12
176.1501584692025 3.574191875852836e-11
176.25451282848522 8.762386332800585e-12
176.35886718776794 1.811254291901959e-11
176.46322154705064 2.0950977377554817e-11
176.56757590633333 6.426175791262656e-12
176.67193026561603 2.4686371195982607e-11
176.77628462489875 6.258924077158454e-12
176.88063898418145 9.667338555120627e-12
176.98499334346414 1.2202530210400217e-11
177.08934770274684 8.53363244710052e-12
177.19370206202956 2.1874078619040156e-11
177.29805642131225 1.1611231368906464e-11
177.40241078059495 1.0016764961571499e-11
177.50676513987764 9.565839059678331e-12
177.61111949916037 7.44682467212713e-12
177.71547385844306 9.568288900948009e-12
177.81982821772576 8.736606984353786e-12
177.92418257700845 6.190209681083162e-12
178.02853693629115 5.920516992731621e-12
178.13289129557387 1.0360394782641413e-11
178.23724565485657 8.139635168113349e-12
178.34160001413926 1.478171216839588e-11
178.44595437342196 8.898861685021622e-12
178.5503087327047 3.9317447127073475e-12
178.6546630919874 8.019992686644008e-12
178.7590174512701 1.7109842416742737e-12
178.8633718105528 1.2437385869202624e-11
178.9677261698355 5.375220286808643e-12
179.0720805291182 4.356676672101726e-12
179.1764348884009 1.0362943969450764e-11
179.2807892476836 1.460145296913243e-12
179.3851436069663 1.4870947372192437e-11
179.48949796624902 6.9159680719079764e-12
179.5938523255317 2.5065676036352287e-12
179.6982066848144 6.579819271075085e-12
179.8025610440971 3.5151039987955597e-13
179.90691540337983 1.097094202602199e-11
180.01126976266252 3.008022330712798e-12
180.11562412194522 4.499247815733259e-12
180.2199784812279 6.6350140985069034e-12
180.32433284051064 3.4413469035704584e-13
180.42868719979333 9.060446964391277e-12
180.53304155907603 1.939827111984773e-12
180.63739591835872 2.4891956920499e-12
180.74175027764144 2.96321458565645e-12
180.84610463692417 1.2553366777549467e-12
180.95045899620686 5.495873878257412e-12
181.05481335548956 7.124469683355498e-13
181.15916771477225 4.566954859794969e-12
181.26352207405498 2.4099723281018665e-12
181.36787643333767 6.693228915322341e-13
181.47223079262037 2.586855018030658e-12
181.57658515190306 2.921622350945251e-13
181.68093951118578 2.5626287116999387e-12
181.78529387046848 3.2916139931102154e-13
181.88964822975117 1.4006471690465793e-12
181.99400258903387 1.6702251912736403e-12
182.0983569483166 2.518164775601626e-12
182.2027113075993 3.0868565614795476e-12
182.30706566688198 5.975140684773769e-13
182.41142002616468 9.63747302423184e-13
182.51577438544737 4.259487995476849e-13
182.6201287447301 3.0001750811671842e-12
182.7244831040128 1.4962642312454038e-12
182.82883746329549 1.915566912548145e-12
182.93319182257818 1.7181143351227147e-12
183.03754618186093 1.701934526374254e-12
183.14190054114363 5.793141095681063e-12
183.24625490042632 1.2194424381954778e-12
183.35060925970902 3.753944835272142e-12
183.4549636189917 1.3190733808555391e-12
183.55931797827444 2.7093605842744795e-12
183.66367233755713 6.778362374521128e-12
183.76802669683983 1.4433049431544406e-12
183.87238105612252 8.743844662549506e-12
183.97673541540524 2.5862699277422665e-12
184.08108977468794 4.727441997007948e-12
184.18544413397063 8.015952993853717e-12
184.28979849325333 1.6832221740114966e-12
184.39415285253605 1.1205186415794154e-11
184.49850721181875 2.161292112764676e-12
184.60286157110144 6.527801054798523e-12
184.70721593038414 8.47990895477297e-12
184.81157028966686 3.6191195775404556e-12
184.91592464894956 1.6825061837556657e-11
185.02027900823225 3.867707195224259e-12
185.12463336751495 7.34462835708633e-12
185.22898772679767 8.50773967325038e-12
185.3333420860804 4.248490963223147e-12
185.4376964453631 1.5605254703291777e-11
185.54205080464578 4.3007308067317655e-12
185.64640516392848 9.123695386586218e-12
185.7507595232112 8.177051951940589e-12
185.8551138824939 7.021310352187225e-12
185.9594682417766 1.7197090181343962e-11
186.0638226010593 6.9688380636234394e-12
186.168176960342 1.0029872425929458e-11
186.2725313196247 7.326437059159e-12
186.3768856789074 7.486007627016918e-12
186.4812400381901 1.3791660910513457e-11
186.58559439747282 9.892036235564033e-12
186.6899487567555 1.1578363586818274e-11
186.7943031160382 8.490240291133363e-12
186.8986574753209 1.1359760266414e-11
187.0030118346036 1.1866122500051244e-11
187.10736619388632 1.4685839934402147e-11
187.21172055316902 1.2850062561330064e-11
187.3160749124517 8.02611979535672e-12
187.4204292717344 1.3215189219713754e-11
187.52478363101713 8.951386607521432e-12
187.62913799029985 1.957362029770473e-11
187.73349234958255 1.511662567820996e-11
187.83784670886524 1.0806627692224072e-11
187.94220106814797 1.76855754977704e-11
188.04655542743066 7.002939274662033e-12
188.15090978671336 2.3466293804815138e-11
188.25526414599605 1.511299539994683e-11
188.35961850527875 1.1271084497440265e-11
188.46397286456147 2.0378857576340804e-11
188.56832722384416 5.4177779882719716e-12
188.67268158312686 2.5937595852364802e-11
188.77703594240955 1.645295236843416e-11
188.88139030169228 1.3438374042274591e-11
188.98574466097497 2.3484065633645203e-11
189.09009902025767 5.1087120633300676e-12
189.19445337954036 2.4003903576009025e-11
189.2988077388231 1.4984711724265626e-11
189.40316209810578 1.4468001320035564e-11
189.50751645738848 2.290013938519998e-11
189.61187081667117 5.5286879811459225e-12
189.7162251759539 2.2822318037444536e-11
189.8205795352366 1.4359656333486893e-11
189.9249338945193 1.565873996203555e-11
190.029288253802 2.2811980487935635e-11
190.1336426130847 6.645847567990377e-12
190.23799697236743 1.7855807647765076e-11
190.34235133165012 1.3179783937358097e-11
190.44670569093282 1.5376111004267292e-11
190.5510600502155 2.000186641002951e-11
190.65541440949823 9.967042315499695e-12
190.75976876878093 1.4230106790508397e-11
190.86412312806362 1.3313971626127549e-11
190.96847748734632 1.5912315817517817e-11
191.07283184662904 1.6293738885624838e-11
191.17718620591174 1.3561403743832897e-11
191.28154056519443 1.0380816276378294e-11
191.38589492447713 1.2594031844754768e-11
191.49024928375985 1.5294353904657197e-11
191.59460364304255 1.3015164057764516e-11
191.69895800232524 1.8311610653587793e-11
191.80331236160794 8.405588588067724e-12
191.90766672089063 1.2962631917591327e-11
192.01202108017335 1.485360511864934e-11
192.11637543945605 8.900649158971093e-12
192.22072979873877 2.1568095006635005e-11
192.32508415802147 6.7389719679370556e-12
192.4294385173042 1.1793472720045338e-11
192.5337928765869 1.4451558864876584e-11
192.63814723586958 6.485163624730222e-12
192.74250159515228 2.2838466082940294e-11
192.84685595443497 6.64862678843367e-12
192.9512103137177 1.0586226410641713e-11
193.0555646730004 1.2710084083872108e-11
193.15991903228309 4.652763725524894e-12
193.26427339156578 2.0717369529400966e-11
193.3686277508485 5.862641590501539e-12
193.4729821101312 9.454473342359505e-12
193.5773364694139 1.0457983349873691e-11
193.6816908286966 3.579773700203312e-12
193.7860451879793 1.776383509364421e-11
193.890399547262 5.3486421768181205e-12
193.9947539065447 7.579418139834486e-12
194.0991082658274 8.182879897121312e-12
194.20346262511012 2.9040558463407336e-12
194.30781698439282 1.2322751002890309e-11
194.41217134367554 5.234918973838981e-12
194.51652570295823 6.284273727567205e-12
194.62088006224093 5.678357270202291e-12
194.72523442152365 2.8708193414998174e-12
194.82958878080635 7.442872818554955e-12
194.93394314008904 5.135725805683332e-12
195.03829749937174 5.204981809524834e-12
195.14265185865446 3.507533122979839e-12
195.24700621793716 2.7355628005838418e-12
195.35136057721985 3.450348199641266e-12
195.45571493650255 5.428994907681849e-12
195.56006929578527 4.119440127628692e-12
195.66442365506796 2.3595315534884806e-12
195.76877801435066 3.1364242100357147e-12
195.87313237363335 9.06911840518079e-13
195.97748673291608 5.64864956975075e-12
196.08184109219877 2.965820466075865e-12
196.18619545148147 1.5986998590760645e-12
196.29054981076416 3.436039371410045e-12
196.39490417004686 1.928489202683056e-13
196.49925852932958 5.4845087206738035e-12
196.60361288861228 2.0067396512375153e-12
196.707967247895 1.9167420531910634e-12
196.8123216071777 3.1720986612274854e-12
196.91667596646042 3.280975804342889e-13
197.0210303257431 5.184109626061994e-12
197.1253846850258 7.790284383006926e-13
197.2297390443085 2.5997675402193826e-12
197.3340934035912 2.651033625204713e-12
197.43844776287392 8.626949984280072e-13
197.54280212215662 4.442864842175907e-12
197.6471564814393 1.6408207139056782e-13
197.751510840722 3.391769045652769e-12
197.85586520000473 1.9449991567624873e-12
197.96021955928742 1.3703104785584635e-12
198.06457391857012 3.4514426960224217e-12
198.1689282778528 1.4387405014493163e-13
198.27328263713554 4.38306636540523e-12
198.37763699641823 1.15651821200623e-12
198.48199135570093 1.539813372730627e-12
198.58634571498362 2.8299414817731612e-12
198.69070007426635 7.112296699982879e-13
198.79505443354904 4.5230812614745445e-12
198.89940879283174 9.952364893600139e-13
199.00376315211446 1.6584868081438774e-12
199.10811751139715 2.29395032514863e-12
199.21247187067988 1.7132357356999436e-12
199.31682622996257 4.397886985262789e-12
199.42118058924527 1.7741265437376422e-12
199.52553494852796 1.5438767260253237e-12
199.62988930781069 2.6288390672656434e-12
199.73424366709338 2.94416632128422e-12
199.83859802637608 3.8751205632361335e-12
199.94295238565877 4.5097440002862756e-12
