0.0 0.0
0.10435435928270291 1.4733308154278325e-07
0.20870871856540582 3.586270519136812e-07
0.3130630778481087 3.3158645830483676e-07
0.41741743713081164 1.8763511133618648e-07
0.5217717964135146 5.35992986454656e-06
0.6261261556962174 0.00040665776320533784
0.7304805149789203 0.0035337490127970318
0.8348348742616233 0.008539408696933402
0.9391892335443263 0.006613068041142211
1.0435435928270291 0.0012091693798072696
1.1478979521097321 5.306804687509429e-07
1.2522523113924349 7.860067639450206e-06
1.3566066706751378 6.076980224428456e-06
1.4609610299578406 3.1983306809856487e-07
1.5653153892405436 7.793657673100339e-07
1.6696697485232466 6.782852373188707e-07
1.7740241078059495 1.7021524453516646e-07
1.8783784670886525 3.816159966775442e-07
1.9827328263713553 1.2273422148302536e-07
2.0870871856540583 3.557374796793738e-07
2.1914415449367612 1.7684778131979766e-07
2.2957959042194642 2.2676903809423404e-06
2.400150263502167 4.851450608647762e-06
2.5045046227848697 3.665967041832777e-06
2.6088589820675727 3.404432524365207e-06
2.7132133413502757 2.0033013514073914e-06
2.8175677006329787 1.9667607092152552e-07
2.921922059915681 1.9478990802413626e-08
3.026276419198384 4.3398774537713705e-08
3.130630778481087 1.2903056621817292e-08
3.23498513776379 6.5729091335295315e-09
3.339339497046493 3.227415317538284e-08
3.4436938563291957 3.111812979943921e-09
3.548048215611899 2.6205858356594244e-09
3.6524025748946016 3.3038222706011907e-08
3.756756934177305 9.743553496936397e-09
3.8611112934600076 1.4637852537812104e-09
3.9654656527427106 3.804400427045425e-08
4.0698200120254135 2.6413712324572016e-08
4.1741743713081165 3.488984325074712e-09
4.2785287305908195 2.0162788425457663e-08
4.3828830898735225 1.6643998425996592e-08
4.4872374491562255 1.1198041805100636e-08
4.5915918084389284 1.3287485944115934e-09
4.6959461677216305 4.931626094567428e-09
4.800300527004334 2.0488742205717674e-08
4.9046548862870365 1.7798539239558344e-09
5.0090092455697395 1.4395075799643598e-09
5.1133636048524425 2.0373693786353723e-08
5.217717964135145 7.149526030606003e-09
5.322072323417848 4.985814472954699e-09
5.426426682700551 1.1760775438534642e-08
5.530781041983254 9.593910679330521e-09
5.635135401265957 1.9020104005241533e-08
5.73948976054866 3.954196127690959e-09
5.843844119831362 5.459359263214823e-09
5.948198479114066 3.16250009041543e-08
6.052552838396768 4.838017677278968e-09
6.156907197679472 1.385023200929028e-09
6.261261556962174 2.8843832488912628e-08
6.365615916244878 1.0369980645483472e-08
6.46997027552758 7.251531408393256e-09
6.574324634810284 1.6211731735452106e-08
6.678678994092986 1.216670917595357e-08
6.783033353375689 1.9868346764393912e-08
6.887387712658391 5.706714383559734e-09
6.991742071941095 8.218683385306237e-09
7.096096431223798 2.6415059673384848e-08
7.200450790506501 3.4071003232598982e-09
7.304805149789203 5.430312081215245e-09
7.409159509071906 2.1158945559764483e-08
7.51351386835461 4.599260899338937e-09
7.617868227637313 6.986692666690009e-09
7.722222586920015 1.077807026193181e-08
7.826576946202718 4.29773401520486e-09
7.930931305485421 7.736382868830898e-09
8.035285664768125 3.787992798698857e-09
8.139640024050827 4.376697957857861e-09
8.24399438333353 3.412950980617616e-09
8.348348742616233 5.932054896561691e-10
8.452703101898935 6.799978132159181e-09
8.557057461181639 3.245010408426085e-10
8.661411820464341 9.931841897931202e-10
8.765766179747045 6.2862263400184895e-09
8.870120539029747 8.362817321368848e-09
8.974474898312451 1.503471357064228e-08
9.078829257595153 8.623821591347595e-10
9.183183616877857 2.2911012428795474e-08
9.287537976160559 5.359432118809936e-08
9.391892335443261 1.5189076864844693e-08
9.496246694725965 3.170671652576606e-08
9.600601054008669 1.0336446027448842e-07
9.704955413291371 8.931610306671407e-08
9.809309772574073 4.9105963991442206e-08
9.913664131856777 1.3029884945562837e-07
10.018018491139479 2.2745414860572218e-07
10.122372850422183 1.2448845012942437e-07
10.226727209704885 1.3173521553552212e-07
10.331081568987589 3.697711797142838e-07
10.43543592827029 2.8639796694588413e-07
10.539790287552993 1.6282260831108395e-07
10.644144646835697 4.347847528216873e-07
10.7484990061184 4.807607518531709e-07
10.852853365401103 2.8167398989587983e-07
10.957207724683805 4.0848382683600423e-07
11.061562083966509 6.10354769659733e-07
11.165916443249213 4.6825296065278353e-07
11.270270802531915 3.4709921357368073e-07
11.374625161814617 6.211526411904893e-07
11.47897952109732 6.288524860409523e-07
11.583333880380025 2.9186417836767104e-07
11.687688239662725 4.910409743540905e-07
11.792042598945429 6.397955999011047e-07
11.896396958228133 2.4496074583130883e-07
12.000751317510835 2.293191871725084e-07
12.105105676793537 4.0292955715847627e-07
12.20946003607624 2.040668283359892e-07
12.313814395358945 1.9456415540103705e-08
12.418168754641647 5.09077861489928e-08
12.522523113924349 1.9488841485419e-07
12.626877473207053 3.0470833487875414e-07
12.731231832489756 2.3312946100459013e-07
12.835586191772459 4.3931747928713036e-07
12.93994055105516 1.5525065759023478e-06
13.044294910337864 2.072262100213476e-06
13.148649269620568 1.8387278864773816e-06
13.253003628903269 4.361164310024139e-06
13.357357988185973 7.245930874196425e-06
13.461712347468676 7.044201729744501e-06
13.566066706751378 1.0988194972488392e-05
13.67042106603408 1.9339808977856284e-05
13.774775425316783 2.2541035732828578e-05
13.879129784599488 2.7628633228374813e-05
13.98348414388219 4.4120406895138796e-05
14.087838503164894 5.796169065235681e-05
14.192192862447596 6.419228214890965e-05
14.296547221730298 8.570258680595181e-05
14.400901581013002 0.00011599231036028859
14.505255940295704 0.0001262069015784735
14.609610299578407 0.00014476225670212117
14.71396465886111 0.00019109133762253397
14.818319018143812 0.00021699640685815725
14.922673377426518 0.00023537441604109185
15.02702773670922 0.0003008334257703672
15.131382095991922 0.0003688665422126674
15.235736455274626 0.00041235615385486294
15.340090814557328 0.0005127371554874255
15.44444517384003 0.0006637064403524435
15.548799533122734 0.0007718792928439175
15.653153892405436 0.0009008905475882115
15.757508251688138 0.001125056167460228
15.861862610970842 0.0012913271292365766
15.966216970253544 0.0013750615322350435
16.07057132953625 0.0015638197168991533
16.174925688818952 0.0017479702155603733
16.279280048101654 0.0017696906394862129
16.38363440738436 0.0018601469570053914
16.48798876666706 0.002073056646629345
16.59234312594976 0.0021492866103401905
16.696697485232466 0.0022431617831198203
16.801051844515168 0.0026396670902881607
16.90540620379787 0.0030599749099725817
17.009760563080576 0.0034066749117719636
17.114114922363278 0.004115410123526531
17.21846928164598 0.004958408417809774
17.322823640928682 0.0053734670542330614
17.427178000211384 0.005817695197368444
17.53153235949409 0.006522241167183646
17.635886718776792 0.00670640129397729
17.740241078059494 0.006552108946545448
17.8445954373422 0.006799450686250817
17.948949796624902 0.006765438518323171
18.053304155907604 0.006076206607285903
18.157658515190306 0.0059708182455510675
18.262012874473008 0.006501078742379218
18.366367233755714 0.006524656806631195
18.470721593038416 0.006745908012552992
18.575075952321118 0.007829221791222805
18.679430311603824 0.008567541146095361
18.783784670886522 0.00965059875996541
18.888139030169224 0.01240317561224747
18.99249338945193 0.01410609265030857
19.096847748734632 0.01360637709329003
19.201202108017338 0.0147145806030387
19.30555646730004 0.017017371000277275
19.409910826582742 0.016757247131852678
19.514265185865444 0.016870870184895144
19.618619545148146 0.01919048414079786
19.722973904430848 0.017837478354857807
19.827328263713554 0.015771230411984173
19.931682622996256 0.02196807472914975
20.036036982278958 0.025105919094160892
20.140391341561664 0.013302192755494935
20.244745700844366 0.009842671774946896
20.349100060127068 0.02991907302489516
20.45345441940977 0.039391442484909216
20.557808778692472 0.020502687607999157
20.662163137975178 0.01366378588244666
20.76651749725788 0.034982125992330006
20.87087185654058 0.0444539365090168
20.975226215823287 0.03325188219852687
21.079580575105986 0.03515446639622018
21.18393493438869 0.04801636358577581
21.288289293671394 0.0501055264729099
21.392643652954096 0.05705171759196557
21.4969980122368 0.07390491618200176
21.601352371519503 0.07278603184794909
21.705706730802206 0.07091683053272264
21.810061090084908 0.10822495213469385
21.91441544936761 0.14314296811295485
22.018769808650312 0.11915290075093163
22.123124167933018 0.08727378931353866
22.22747852721572 0.11092078000172786
22.331832886498425 0.14280598321306937
22.436187245781127 0.12930787749119968
22.54054160506383 0.10917713463098405
22.64489596434653 0.11342582105651593
22.749250323629234 0.11127389618172047
22.853604682911936 0.09776285587989632
22.95795904219464 0.09794692061956661
23.062313401477343 0.09962676612722154
23.16666776076005 0.09111650707748958
23.27102212004275 0.09851147286016496
23.37537647932545 0.11504552011046495
23.479730838608155 0.09814037947745251
23.584085197890857 0.0660032722093539
23.68843955717356 0.07408570154372131
23.792793916456265 0.10418036982424883
23.897148275738967 0.09853418037538755
24.00150263502167 0.06659860957689191
24.10585699430437 0.05459108504104142
24.210211353587074 0.061647967959670646
24.31456571286978 0.06060567018061593
24.41892007215248 0.0498113946093055
24.523274431435183 0.040594180522799
24.62762879071789 0.035319697702512524
24.73198315000059 0.03369290449509531
24.836337509283293 0.03337515557376948
24.940691868565995 0.029016587456634386
25.045046227848697 0.022779603996502168
25.1494005871314 0.02096895533992723
25.253754946414105 0.021283438073730346
25.358109305696807 0.018994373847730766
25.462463664979513 0.016478693729251506
25.566818024262215 0.015954620364900664
25.671172383544917 0.01481201126152071
25.77552674282762 0.012297072700389237
25.87988110211032 0.010211000145342812
25.984235461393023 0.008392068367637196
26.08858982067573 0.0065438129159416936
26.19294417995843 0.0057240793718636145
26.297298539241137 0.005336954826196631
26.401652898523835 0.004074999416386364
26.506007257806537 0.00271065136168352
26.610361617089243 0.0021103580608747637
26.714715976371945 0.0016998334460328803
26.819070335654647 0.0013659052309445766
26.923424694937353 0.0015086106330300386
27.027779054220055 0.0016818754796832948
27.132133413502757 0.0015116770414040498
27.23648777278546 0.0013646433044775207
27.34084213206816 0.001253134758030087
27.445196491350863 0.0008872435429557834
27.549550850633565 0.0005218737946511598
27.653905209916275 0.0003984840639438408
27.758259569198977 0.0002961888052769374
27.86261392848168 0.0001468147924352411
27.96696828776438 7.59900197182347e-05
28.07132264704708 3.432213556004143e-05
28.17567700632979 3.178831807438031e-06
28.28003136561249 6.228245808585348e-05
28.384385724895193 0.00014264366846650052
28.488740084177895 0.00016576651950020468
28.593094443460597 0.00018791017821832395
28.6974488027433 0.00019458531882064276
28.801803162026005 0.00012815751874420541
28.906157521308707 4.749801282053351e-05
29.01051188059141 1.4438766612316333e-05
29.11486623987411 6.20850323532062e-06
29.219220599156813 1.468723066006276e-05
29.323574958439522 3.072836839439048e-05
29.42792931772222 2.8622737997846297e-05
29.532283677004923 3.570004712663341e-05
29.636638036287625 6.996576990838597e-05
29.740992395570327 9.365229851506792e-05
29.845346754853036 0.00011320321986108484
29.94970111413574 0.00015587760537409911
30.05405547341844 0.00016730281553397437
30.158409832701143 0.00010836695842152357
30.262764191983845 4.073680108773018e-05
30.367118551266543 9.297661978698124e-06
30.471472910549252 1.1191440433235128e-05
30.575827269831954 4.7001437390734864e-05
30.680181629114657 8.85216395425266e-05
30.78453598839736 9.075100854271524e-05
30.88889034768006 7.701543855201849e-05
30.993244706962766 8.017789693602272e-05
31.09759906624547 7.76707913154941e-05
31.20195342552817 6.718708746079289e-05
31.306307784810873 7.866681820252396e-05
31.410662144093575 9.32742632182873e-05
31.515016503376277 7.450014043791715e-05
31.619370862658986 4.1728124914384e-05
31.723725221941685 2.2372012312132727e-05
31.828079581224387 1.2367493944434547e-05
31.93243394050709 1.4200267805600658e-05
32.03678829978979 3.0218443669584237e-05
32.1411426590725 4.7369156059435184e-05
32.2454970183552 6.401791399057219e-05
32.349851377637904 8.485857465819162e-05
32.454205736920606 8.890281429744147e-05
32.55856009620331 6.558047785243069e-05
32.66291445548601 3.750759645124565e-05
32.76726881476872 2.230867488325952e-05
32.87162317405142 1.3454868756137308e-05
32.97597753333412 5.536804843655229e-06
33.08033189261682 1.8761115983249988e-06
33.18468625189952 3.4995755270733558e-06
33.28904061118223 9.678452850692276e-06
33.39339497046493 1.691791783596911e-05
33.497749329747634 2.2901724611273053e-05
33.602103689030336 3.176178603319909e-05
33.70645804831304 4.3031280077276165e-05
33.81081240759574 4.7692924207002795e-05
33.91516676687845 4.181469041215518e-05
34.01952112616115 3.477089164767275e-05
34.123875485443854 3.442519155468821e-05
34.228229844726556 4.1896677779733515e-05
34.33258420400926 4.995444031050984e-05
34.43693856329196 5.0609956194010665e-05
34.54129292257466 4.4278799189991385e-05
34.645647281857364 3.807579790479704e-05
34.75000164114007 3.099406192555986e-05
34.85435600042277 1.8991190698829034e-05
34.95871035970548 8.461551824101427e-06
35.06306471898818 5.179573059896501e-06
35.16741907827088 4.986155279732168e-06
35.271773437553584 3.5261109380780033e-06
35.376127796836286 2.244940171468924e-06
35.48048215611899 3.114112895911637e-06
35.5848365154017 8.466361859048007e-06
35.6891908746844 2.0395092485304124e-05
35.7935452339671 3.451102380757077e-05
35.897899593249804 4.675628795711743e-05
36.002253952532506 5.7589269039911626e-05
36.10660831181521 6.520196789459947e-05
36.21096267109791 6.202398929598956e-05
36.31531703038061 4.865099136302651e-05
36.419671389663314 3.4171751579712456e-05
36.524025748946016 2.4927438532454416e-05
36.62838010822872 2.0995205290850252e-05
36.73273446751143 1.9717151373360123e-05
36.83708882679413 1.8523168982790985e-05
36.94144318607683 1.6129601932919467e-05
37.045797545359534 1.3857153169730154e-05
37.150151904642236 1.1496105550536608e-05
37.254506263924945 8.210233609695945e-06
37.35886062320765 5.206360691585693e-06
37.46321498249035 5.011955518465709e-06
37.567569341773044 7.150538394562276e-06
37.671923701055746 9.287119582700802e-06
37.77627806033845 1.1365638948197854e-05
37.88063241962116 1.4677421877730817e-05
37.98498677890386 2.015044615855438e-05
38.08934113818656 2.629651979638281e-05
38.193695497469264 3.099321193827686e-05
38.298049856751966 3.3432064247102526e-05
38.402404216034675 3.4731903198443164e-05
38.50675857531738 3.558593402724788e-05
38.61111293460008 3.5133816151896686e-05
38.71546729388278 3.351588830046916e-05
38.819821653165484 3.173162471004565e-05
38.924176012448186 3.1398748556763206e-05
39.02853037173089 3.1855282940511446e-05
39.13288473101359 3.1089433262439e-05
39.23723909029629 2.6662815044405922e-05
39.341593449578994 1.978905565644725e-05
39.445947808861696 1.3094769186621357e-05
39.550302168144405 8.014748399568488e-06
39.65465652742711 4.191746743936986e-06
39.75901088670981 1.6244073181380763e-06
39.86336524599251 5.666636755973514e-07
39.967719605275214 5.58122933510236e-07
40.072073964557916 1.2854322167632432e-06
40.176428323840625 2.774795502438196e-06
40.28078268312333 5.465273647733804e-06
40.38513704240603 1.0276130325394412e-05
40.48949140168873 1.7271843913285615e-05
40.59384576097143 2.4149515534118835e-05
40.698200120254135 2.803220823045572e-05
40.80255447953684 2.9323402356760157e-05
40.90690883881954 2.952573033652054e-05
41.01126319810224 2.9516282557676712e-05
41.115617557384944 2.894955879493071e-05
41.21997191666765 2.8738030386423797e-05
41.324326275950355 2.9744476302012705e-05
41.42868063523306 3.258100188318494e-05
41.53303499451576 3.5771770082959586e-05
41.63738935379846 3.6461504379319407e-05
41.74174371308116 3.3025010890965406e-05
41.84609807236387 2.7247352342175583e-05
41.950452431646575 2.1987868284771876e-05
42.05480679092928 1.7809964885657615e-05
42.15916115021197 1.4161401368852625e-05
42.263515509494674 1.0587327385696347e-05
42.36786986877738 7.710567753545623e-06
42.472224228060085 5.85594583658851e-06
42.57657858734279 4.716656424324154e-06
42.68093294662549 3.292640834731833e-06
42.78528730590819 1.8460066009279934e-06
42.889641665190894 1.514111455345712e-06
42.9939960244736 2.3560712162916618e-06
43.098350383756305 3.357005468953365e-06
43.20270474303901 4.125435085492215e-06
43.30705910232171 5.592961251661984e-06
43.41141346160441 8.439575412471077e-06
43.51576782088712 1.2336424325050843e-05
43.620122180169815 1.6081106650263383e-05
43.72447653945252 1.932846728688663e-05
43.82883089873522 2.3128774597506213e-05
43.93318525801792 2.7401409353513696e-05
44.037539617300624 3.0114307637329087e-05
44.14189397658333 2.9685482412649234e-05
44.246248335866035 2.80394484829655e-05
44.35060269514874 2.7667256645557834e-05
44.45495705443144 2.961884319478806e-05
44.55931141371414 3.2311280212420077e-05
44.66366577299685 3.395519651699653e-05
44.76802013227955 3.3830141460276815e-05
44.872374491562255 3.339909721016617e-05
44.97672885084496 3.3000634188163135e-05
45.08108321012766 3.102131109896577e-05
45.18543756941036 2.641124957867014e-05
45.28979192869306 2.095246651349175e-05
45.394146287975765 1.7201760135078766e-05
45.49850064725847 1.5490286504362273e-05
45.60285500654117 1.4395935030899253e-05
45.70720936582387 1.2373651337312246e-05
45.81156372510658 9.73483295824405e-06
45.91591808438928 7.545534832224657e-06
46.020272443671985 6.191064364294143e-06
46.12462680295469 4.717335120781777e-06
46.22898116223739 2.8842047888192078e-06
46.3333355215201 1.4216583568951777e-06
46.4376898808028 9.367923715046469e-07
46.5420442400855 1.046141253286243e-06
46.646398599368204 1.141463209123954e-06
46.7507529586509 1.4533607739367164e-06
46.8551073179336 2.5995924376232033e-06
46.95946167721631 4.470002402731848e-06
47.06381603649901 6.0224840497963215e-06
47.168170395781715 6.933945865504085e-06
47.27252475506442 8.09163040171237e-06
47.37687911434712 1.0190311194763508e-05
47.48123347362983 1.291299132879414e-05
47.58558783291253 1.539912610484408e-05
47.68994219219523 1.7723917192340902e-05
47.794296551477935 2.074816208379701e-05
47.89865091076064 2.5203362325300448e-05
48.00300527004334 2.9518074013716862e-05
48.10735962932605 3.16053933023917e-05
48.21171398860874 3.120697411302035e-05
48.316068347891445 3.063678491446416e-05
48.42042270717415 3.136390773062421e-05
48.52477706645685 3.306401749521736e-05
48.62913142573956 3.4594351315043206e-05
48.73348578502226 3.5832916823195676e-05
48.83784014430496 3.774822993723935e-05
48.942194503587665 4.087196659250537e-05
49.04654886287037 4.378861093282654e-05
49.15090322215307 4.4045723425804025e-05
49.25525758143578 4.163572595222605e-05
49.35961194071848 3.87581953372016e-05
49.46396630000118 3.75421015798003e-05
49.568320659283884 3.7521114507019164e-05
49.672675018566586 3.7458845649633136e-05
49.77702937784929 3.6637762830691614e-05
49.88138373713199 3.603958397900877e-05
49.98573809641469 3.625893818155739e-05
50.090092455697395 3.663041546307418e-05
50.1944468149801 3.5533216229873274e-05
50.2988011742628 3.287358095490351e-05
50.40315553354551 3.0084965790379106e-05
50.50750989282821 2.8523225883100887e-05
50.61186425211091 2.8010871743673403e-05
50.716218611393614 2.7216382559064513e-05
50.82057297067632 2.5453383584093344e-05
50.924927329959026 2.3262942432326326e-05
51.02928168924173 2.17668058753753e-05
51.13363604852443 2.0845706691298163e-05
51.23799040780713 1.978313847590538e-05
51.342344767089834 1.8119660452172194e-05
51.446699126372536 1.6562643936173174e-05
51.55105348565524 1.5669791321773636e-05
51.65540784493794 1.534948385429067e-05
51.75976220422064 1.46394237975062e-05
51.864116563503345 1.3100901870932488e-05
51.96847092278605 1.115549995645466e-05
52.072825282068756 9.642757908636367e-06
52.17717964135146 8.813688501505244e-06
52.28153400063416 8.345279655426277e-06
52.38588835991686 7.876456990988678e-06
52.490242719199564 7.3339281327880415e-06
52.59459707848227 6.997134875610074e-06
52.698951437764975 6.874498984525514e-06
52.80330579704767 6.583634135538317e-06
52.90766015633037 5.685737021628982e-06
53.012014515613075 4.4959818383428554e-06
53.11636887489578 3.5192464153936794e-06
53.220723234178486 3.032810634318861e-06
53.32507759346119 2.864591079047191e-06
53.42943195274389 2.8149157718125605e-06
53.53378631202659 2.6795046123129064e-06
53.638140671309294 2.502525634282243e-06
53.742495030592 2.381526144448651e-06
53.846849389874706 2.257753528836825e-06
53.95120374915741 1.9424646058019863e-06
54.05555810844011 1.4602316541696616e-06
54.15991246772281 1.0566129327703564e-06
54.264266827005514 8.623081826204191e-07
54.368621186288216 8.428083095457199e-07
54.47297554557092 8.504153840021483e-07
54.57732990485362 8.014062723937256e-07
54.68168426413632 6.862786451055237e-07
54.786038623419024 6.064320114650498e-07
54.89039298270173 5.703291530515833e-07
54.99474734198443 5.333092675209467e-07
55.09910170126713 4.436704923327031e-07
55.20345606054985 3.4386157213448183e-07
55.30781041983255 2.830669586831406e-07
55.41216477911525 2.872650968958397e-07
55.51651913839795 2.962562165257093e-07
55.620873497680655 2.4474047416905886e-07
55.72522785696336 1.535508126424297e-07
55.82958221624606 9.322698461930412e-08
55.93393657552876 8.578983282870546e-08
56.03829093481146 1.0571594627192887e-07
56.14264529409416 1.273573146227195e-07
56.24699965337686 1.1838248133284453e-07
56.35135401265958 9.442017389943284e-08
56.45570837194228 9.193318787961151e-08
56.56006273122498 9.881328249370584e-08
56.66441709050768 6.404958260172932e-08
56.768771449790385 1.8496214995191845e-08
56.87312580907309 9.938155286506872e-10
56.97748016835579 7.147561244119904e-10
57.08183452763849 1.1897114612995291e-08
57.186188886921194 4.73114348836149e-08
57.290543246203896 6.334123091231937e-08
57.3948976054866 4.1064087949551893e-08
57.49925196476931 2.9048577164560497e-08
57.60360632405201 4.1384928584695964e-08
57.70796068333471 3.338118454803426e-08
57.81231504261741 6.183501285813039e-09
57.916669401900116 5.853100296153164e-10
58.02102376118282 2.0966137412574754e-09
58.12537812046552 8.864445074071731e-10
58.22973247974822 1.5261907675405158e-08
58.334086839030924 2.7914809980000127e-08
58.438441198313626 1.2934219839235427e-08
58.54279555759633 4.225072449834698e-09
58.647149916879044 1.3425065238186118e-08
58.75150427616175 1.2278382093995488e-08
58.85585863544444 2.569577694297162e-09
58.960212994727144 1.3321797891421071e-09
59.064567354009846 3.435252439790019e-09
59.16892171329255 1.6371813967941672e-09
59.27327607257525 2.5610141234698582e-09
59.37763043185795 4.335408028478923e-09
59.481984791140654 4.304080356559832e-09
59.586339150423356 3.782669631807669e-09
59.69069350970607 6.82422574576042e-10
59.795047868988775 2.695122558514561e-09
59.89940222827148 1.2080206072666444e-08
60.00375658755418 9.390376276173383e-09
60.10811094683688 2.543313464065273e-10
60.21246530611958 6.547328796257942e-09
60.316819665402285 1.1340061768427504e-08
60.42117402468499 2.6889151217653288e-09
60.52552838396769 2.123817723424346e-09
60.629882743250384 9.380391960049793e-09
60.734237102533086 4.249069678977366e-09
60.8385914618158 1.1007694958928338e-09
60.942945821098505 1.3431385702118105e-08
61.04730018038121 1.1739314156608473e-08
61.15165453966391 3.929739948302148e-10
61.25600889894661 1.200976502886876e-08
61.36036325822931 1.978624739165599e-08
61.464717617512015 4.3125101181313065e-09
61.56907197679472 6.106070715978001e-09
61.67342633607742 2.1574704380677764e-08
61.77778069536012 1.2389726697397646e-08
61.88213505464282 1.0194068035229712e-09
61.98648941392553 1.3877798016416702e-08
62.090843773208235 1.7151087674151257e-08
62.19519813249094 1.944273781380308e-09
62.29955249177364 4.195658613131593e-09
62.40390685105634 1.2030801603543579e-08
62.50826121033904 3.5053706948380973e-09
62.612615569621745 1.48629341544119e-09
62.71696992890445 8.333232891433918e-09
62.82132428818715 3.981263513620829e-09
62.92567864746985 8.19349757369696e-10
63.030033006752554 7.608424672650586e-09
63.13438736603527 6.336285952631454e-09
63.23874172531797 5.179525653762574e-10
63.343096084600674 4.2039427665670685e-09
63.44745044388337 7.125451152214294e-09
63.55180480316607 2.650179644906678e-09
63.65615916244877 1.6847782352206216e-09
63.760513521731475 3.6374135269875583e-09
63.86486788101418 3.732963098464412e-09
63.96922224029688 4.360093130102392e-09
64.07357659957958 2.134942868331792e-09
64.17793095886229 1.2083077187446359e-09
64.282285318145 7.74908941683299e-09
64.3866396774277 8.01208206795327e-09
64.4909940367104 4.892782475837127e-10
64.5953483959931 5.5209076091136665e-09
64.69970275527581 1.4155891399393003e-08
64.8040571145585 5.696338735911587e-09
64.90841147384121 1.156442220887958e-09
65.01276583312391 1.2090269932931904e-08
65.11712019240662 1.0168557367565334e-08
65.22147455168931 2.539460232389644e-10
65.32582891097202 6.493573337071152e-09
65.43018327025473 1.0299321621595494e-08
65.53453762953744 1.4629295223545284e-09
65.63889198882013 3.2844937892190458e-09
65.74324634810284 1.0687382603131846e-08
65.84760070738554 4.367325692104013e-09
65.95195506666823 1.1999090793901227e-09
66.05630942595094 1.0958821473303336e-08
66.16066378523364 1.0018523022802083e-08
66.26501814451635 9.390356898372892e-10
66.36937250379904 7.114634609292954e-09
66.47372686308175 1.330703980512381e-08
66.57808122236446 4.052516727096563e-09
66.68243558164717 1.649652692294562e-09
66.78678994092986 9.372554385568679e-09
66.89114430021257 7.019935330934438e-09
66.99549865949527 3.770389884567589e-10
67.09985301877798 2.7842423824058016e-09
67.20420737806067 5.349028061185089e-09
67.30856173734338 1.7977999044682902e-09
67.41291609662608 5.964133851743221e-10
67.51727045590879 1.6572166594481634e-09
67.62162481519148 1.2934655367581432e-09
67.72597917447419 2.249120714687469e-09
67.8303335337569 1.7631166675251054e-09
67.9346878930396 2.2991532360469143e-10
68.0390422523223 2.19762984211925e-09
68.143396611605 2.9071937572772576e-09
68.24775097088771 6.450082798013356e-10
68.3521053301704 9.702330269875707e-10
68.45645968945311 2.0609793097345835e-09
68.5608140487358 8.022972351383253e-10
68.66516840801852 1.0731817957723855e-09
68.76952276730121 2.453606189657062e-09
68.87387712658392 8.147006638247334e-10
68.97823148586663 6.717749660432901e-10
69.08258584514932 4.557816818326243e-09
69.18694020443203 3.843162745246703e-09
69.29129456371473 4.0771247106232394e-10
69.39564892299744 4.404343428680587e-09
69.50000328228013 7.576758193364203e-09
69.60435764156284 2.7233409471705854e-09
69.70871200084554 1.858192537266822e-09
69.81306636012825 7.011014164330681e-09
69.91742071941096 5.912055668910352e-09
70.02177507869366 9.999705728328966e-10
70.12612943797636 3.1932864727565277e-09
70.23048379725907 5.680040113911123e-09
70.33483815654176 1.5516899688977416e-09
70.43919251582446 5.725426835937179e-10
70.54354687510717 3.1364144450682107e-09
70.64790123438986 1.274017784857503e-09
70.75225559367257 1.9352807655226784e-10
70.85660995295527 2.576231427172869e-09
70.96096431223798 1.5626672077738009e-09
71.06531867152069 9.534641716207281e-11
71.1696730308034 2.944835164471674e-09
71.27402739008609 3.400663049037819e-09
71.3783817493688 5.148153135789849e-10
71.4827361086515 1.4286112192953227e-09
71.5870904679342 3.804717628098471e-09
71.6914448272169 1.9873485998713975e-09
71.79579918649961 1.9572836711889525e-11
71.9001535457823 1.5717585971749742e-09
72.00450790506501 2.242668935485709e-09
72.1088622643477 7.586133783220639e-10
72.21321662363042 2.2208150702494802e-10
72.31757098291313 7.570954282161286e-10
72.42192534219582 1.4142230619913272e-09
72.52627970147853 1.4449406994420505e-09
72.63063406076122 4.4271503914813997e-10
72.73498842004393 4.722034801999765e-10
72.83934277932663 2.300542577836183e-09
72.94369713860934 2.2194103606004904e-09
73.04805149789203 1.448795278217896e-10
73.15240585717474 1.1159917968027792e-09
73.25676021645744 3.005555208343492e-09
73.36111457574015 1.1772939531067688e-09
73.46546893502286 2.62629412959717e-10
73.56982329430555 2.2410346574017497e-09
73.67417765358826 1.4306724356576354e-09
73.77853201287095 2.899444174761543e-10
73.88288637215366 2.7525701072005123e-09
73.98724073143636 2.1830922852629424e-09
74.09159509071907 1.5949030842127213e-11
74.19594945000176 3.7576775839112406e-09
74.30030380928447 5.642375945948157e-09
74.40465816856717 1.1298445163722786e-09
74.50901252784989 2.3094764737812688e-09
74.61336688713259 8.143427656514466e-09
74.7177212464153 5.051559636298972e-09
74.82207560569799 5.488254117321409e-10
74.9264299649807 5.44412860584866e-09
75.0307843242634 7.603006619410621e-09
75.13513868354609 1.91781406104835e-09
75.2394930428288 9.54975079866938e-10
75.34384740211149 5.139970078478611e-09
75.4482017613942 4.221128187798051e-09
75.5525561206769 3.108892125037794e-10
75.65691047995962 1.1625108440828535e-09
75.76126483924232 3.4501240599875827e-09
75.86561919852502 2.2142266264368225e-09
75.96997355780772 5.758889355857774e-10
76.07432791709043 1.0759065190118485e-09
76.17868227637312 2.070613531948495e-09
76.28303663565583 2.2034594009242713e-09
76.38739099493853 1.2731505414281007e-09
76.49174535422124 7.104292347459532e-10
76.59609971350393 2.089017088547117e-09
76.70045407278664 2.686824652373351e-09
76.80480843206935 1.0376748482789557e-09
76.90916279135205 1.033539256335282e-09
77.01351715063475 2.3326491902037e-09
77.11787150991745 1.6368731598278684e-09
77.22222586920016 1.3838577780203362e-09
77.32658022848285 1.9993861799765168e-09
77.43093458776556 8.917325897679766e-10
77.53528894704826 1.741904420494707e-09
77.63964330633097 3.917804636196993e-09
77.74399766561366 1.4381375480767592e-09
77.84835202489637 5.369641273772753e-10
77.95270638417908 5.045912876390238e-09
78.05706074346178 4.570206826590576e-09
78.16141510274448 1.905568997685947e-10
78.26576946202718 2.6985236907173025e-09
78.37012382130989 6.139683173624457e-09
78.47447818059258 2.250532379878392e-09
78.5788325398753 2.634019332267017e-10
78.68318689915799 3.6820577950158664e-09
78.7875412584407 3.4163379620717394e-09
78.89189561772339 7.13854650508374e-10
78.9962499770061 1.188572726163284e-09
79.10060433628881 2.050076986716242e-09
79.20495869557152 1.6283311810022025e-09
79.30931305485421 1.6594651139140753e-09
79.41366741413692 1.3592420246024268e-09
79.51802177341962 6.99463535612781e-10
79.62237613270231 2.2374685541668786e-09
79.72673049198502 3.4255633160860123e-09
79.83108485126772 9.658296989092783e-10
79.93543921055043 7.306535238170039e-10
80.03979356983312 4.725402914069401e-09
80.14414792911583 4.286869475631491e-09
80.24850228839854 2.018595951800015e-10
80.35285664768125 2.2786937511483973e-09
80.45721100696395 6.096389852920122e-09
80.56156536624665 2.955630639973391e-09
80.66591972552935 2.2706919903709505e-11
80.77027408481206 3.1754115873235646e-09
80.87462844409475 4.850581437491717e-09
80.97898280337746 1.7429983032992762e-09
81.08333716266016 7.063577942410698e-11
81.18769152194287 2.47028954772715e-09
81.29204588122558 4.519892185435824e-09
81.39640024050827 2.3374688209635346e-09
81.50075459979098 7.758566711787064e-11
81.60510895907368 3.776158473917416e-09
81.70946331835638 6.553345056254708e-09
81.81381767763908 2.1176854183202247e-09
81.91817203692179 9.464693606213454e-10
82.02252639620448 6.043529179230535e-09
82.12688075548719 5.619411149598619e-09
82.23123511476989 7.712360564796015e-10
82.3355894740526 2.0201136885760694e-09
82.4399438333353 5.280354818609548e-09
82.544298192618 2.655164872236379e-09
82.64865255190071 1.2675056439067302e-11
82.7530069111834 1.86981927958142e-09
82.85736127046611 2.7011513173736015e-09
82.96171562974881 9.474475147934297e-10
83.06606998903152 1.9099811508374396e-10
83.17042434831421 9.238383300119163e-10
83.27477870759692 1.3110205845643173e-09
83.37913306687962 1.0016661656083129e-09
83.48348742616233 4.889595070880525e-10
83.58784178544504 2.5844468071045395e-10
83.69219614472775 1.3080038328943227e-09
83.79655050401044 2.002741140437418e-09
83.90090486329315 5.599225807729209e-10
84.00525922257584 3.6363658482129216e-10
84.10961358185855 2.696749620119346e-09
84.21396794114125 2.6116860136870797e-09
84.31832230042394 2.609120719810601e-10
84.42267665970665 1.3676313602870627e-09
84.52703101898935 3.434899497033713e-09
84.63138537827206 1.5226248965824195e-09
84.73573973755477 9.943568005943061e-11
84.84009409683748 1.7340762293892113e-09
84.94444845612017 1.979337308691094e-09
85.04880281540288 4.496005918156539e-10
85.15315717468557 1.2257662084686422e-10
85.25751153396828 8.199195608668912e-10
85.36186589325098 1.1692155416117862e-09
85.46622025253369 7.163368036192155e-10
85.57057461181638 1.0680793859923036e-11
85.67492897109909 8.110561935226128e-10
85.77928333038179 2.002848663479164e-09
85.8836376896645 8.739261001816922e-10
85.9879920489472 1.3413219809563854e-10
86.0923464082299 1.868337918954459e-09
86.19670076751261 2.045442668121114e-09
86.3010551267953 2.992186280165218e-10
86.40540948607801 6.876331478051349e-10
86.50976384536071 1.921989648924226e-09
86.61411820464342 9.105899549793645e-10
86.71847256392611 2.030600025111756e-11
86.82282692320882 9.57470612016923e-10
86.92718128249152 1.0684836681756195e-09
87.03153564177424 1.265615085585551e-10
87.13589000105694 3.5288419209531154e-10
87.24024436033963 8.641676502389052e-10
87.34459871962234 2.985669666752691e-10
87.44895307890503 2.0849722066048004e-10
87.55330743818774 8.583917769793812e-10
87.65766179747044 4.980849719674011e-10
87.76201615675315 6.342267741852518e-11
87.86637051603584 9.189897655250539e-10
87.97072487531855 1.0579546420820461e-09
88.07507923460125 6.739502004243472e-11
88.17943359388397 6.255262817157454e-10
88.28378795316667 1.6354375224789906e-09
88.38814231244938 5.499588580332232e-10
88.49249667173207 1.5822437931659428e-10
88.59685103101478 1.5562243008860436e-09
88.70120539029747 1.1297316844561932e-09
88.80555974958018 1.610238387644098e-11
88.90991410886288 9.06831730463943e-10
89.01426846814557 1.1838427475187722e-09
89.11862282742828 2.3856084871591115e-10
89.22297718671098 5.029601321576335e-10
89.3273315459937 8.101202095937353e-10
89.4316859052764 3.6233690412113133e-10
89.5360402645591 7.290057668813348e-10
89.6403946238418 7.510826744457908e-10
89.74474898312451 1.8907106386418728e-10
89.8491033424072 1.0788916926960838e-09
89.95345770168991 1.3434356797935424e-09
90.05781206097261 1.1895180919234277e-10
90.16216642025532 9.800273637304725e-10
90.26652077953801 2.0646328206086605e-09
90.37087513882072 4.955190619280648e-10
90.47522949810343 5.017222797202671e-10
90.57958385738613 2.285762133970814e-09
90.68393821666884 1.1808856547061083e-09
90.78829257595153 9.426473305039799e-11
90.89264693523424 1.900110681917314e-09
90.99700129451693 1.8187186575901112e-09
91.10135565379964 6.686117655208255e-11
91.20571001308234 1.2095119502148743e-09
91.31006437236505 2.1420846606098457e-09
91.41441873164774 4.334658519682117e-10
91.51877309093047 5.428929696140405e-10
91.62312745021316 2.0370222606365335e-09
91.72748180949586 1.0401467426293869e-09
91.83183616877857 1.7537942102411254e-10
91.93619052806126 1.5317077043798928e-09
92.04054488734397 1.6068792494373829e-09
92.14489924662666 2.841776345245083e-10
92.24925360590937 8.7479910848334e-10
92.35360796519207 1.823206469754069e-09
92.45796232447478 7.486219292885557e-10
92.56231668375747 4.3733733547593856e-10
92.6666710430402 1.6122196220201699e-09
92.77102540232289 1.1797257687430809e-09
92.8753797616056 3.8252800138854317e-10
92.9797341208883 1.256664101512093e-09
93.084088480171 1.2993471172191175e-09
93.1884428394537 5.253655048795426e-10
93.29279719873641 1.1107296083289908e-09
93.3971515580191 1.2228404624970168e-09
93.5015059173018 5.607233760998223e-10
93.60586027658451 1.2431082386849254e-09
93.7102146358672 1.3095464640208003e-09
93.81456899514993 4.070426934975219e-10
93.91892335443262 1.3961677790173617e-09
94.02327771371533 1.7563864239922064e-09
94.12763207299803 2.950222452008135e-10
94.23198643228073 1.2877752783679424e-09
94.33634079156343 2.3872309421439098e-09
94.44069515084614 4.868661264156887e-10
94.54504951012883 8.877133942981083e-10
94.64940386941154 2.8437260712505454e-09
94.75375822869424 1.0434836818948332e-09
94.85811258797695 3.9066360377528864e-10
94.96246694725966 2.8363401237866226e-09
95.06682130654235 1.7668251179298692e-09
95.17117566582506 6.884708407500086e-11
95.27553002510776 2.3321286502421715e-09
95.37988438439046 2.315102552864719e-09
95.48423874367316 6.976384664247104e-11
95.58859310295587 1.5685674863833441e-09
95.69294746223856 2.4408030603891857e-09
95.79730182152127 3.2713764737125315e-10
95.90165618080397 8.825310396483444e-10
96.00601054008668 2.12428620303832e-09
96.11036489936939 6.316186567420515e-10
96.2147192586521 5.294631328371428e-10
96.31907361793479 1.5942995404876457e-09
96.42342797721749 7.661615694690634e-10
96.5277823365002 5.360291174607786e-10
96.63213669578289 1.1945696679521547e-09
96.7364910550656 6.717094722786309e-10
96.8408454143483 6.920330316968968e-10
96.945199773631 1.1365174979113275e-09
97.0495541329137 4.980445556424971e-10
97.15390849219641 7.324471864913164e-10
97.25826285147912 1.3419729716385909e-09
97.36261721076183 4.662298014635158e-10
97.46697157004452 5.560346477167873e-10
97.57132592932723 1.5166710062460427e-09
97.67568028860993 6.697481843040334e-10
97.78003464789263 2.9500871041844497e-10
97.88438900717533 1.3915392987405579e-09
97.98874336645804 9.547605359728084e-10
98.09309772574073 1.8183241545935248e-10
98.19745208502343 9.880404637750724e-10
98.30180644430614 1.0526105382596367e-09
98.40616080358885 2.9563840773447925e-10
98.51051516287156 5.924035501383411e-10
98.61486952215425 8.536213908073733e-10
98.71922388143696 4.882286157567163e-10
98.82357824071966 4.806628892810823e-10
98.92793260000236 5.145811040490582e-10
99.03228695928506 5.357057357801489e-10
99.13664131856777 6.74997400511554e-10
99.24099567785046 3.3813709028441607e-10
99.34535003713317 3.693954679238388e-10
99.44970439641587 9.299207964988861e-10
99.55405875569858 4.793975653422409e-10
99.65841311498129 1.3419848980933668e-10
99.76276747426398 9.87937201045535e-10
99.86712183354669 8.314574625174615e-10
99.97147619282939 3.0831060633430236e-11
100.0758305521121 7.739387516572158e-10
100.18018491139479 1.1416560825349253e-09
100.2845392706775 1.5240504279533347e-10
100.3888936299602 4.120245410190147e-10
100.4932479892429 1.180982837500299e-09
100.5976023485256 4.069327928586217e-10
100.70195670780832 1.2940720937126105e-10
100.80631106709102 9.436400288819878e-10
100.91066542637373 6.021251434559204e-10
101.01501978565642 4.182087186284383e-11
101.11937414493912 6.17457847747493e-10
101.22372850422182 6.337770820603794e-10
101.32808286350452 9.337447217196464e-11
101.43243722278723 3.860001917089239e-10
101.53679158206992 5.438501721723826e-10
101.64114594135263 1.5763225464764414e-10
101.74550030063534 3.0666824078665435e-10
101.84985465991805 4.580389397480298e-10
101.95420901920075 1.643709327852786e-10
102.05856337848346 3.0718396443233004e-10
102.16291773776615 4.664324991383678e-10
102.26727209704886 1.4250753265372213e-10
102.37162645633155 2.829965376558387e-10
102.47598081561426 5.595793325930207e-10
102.58033517489696 1.765666321030711e-10
102.68468953417967 1.8813715266833143e-10
102.78904389346236 6.426214808282924e-10
102.89339825274507 3.210152899844137e-10
102.99775261202778 7.078214962530136e-11
103.10210697131048 6.145747333664097e-10
103.20646133059319 5.443335962707075e-10
103.31081568987588 3.118032875909006e-11
103.41517004915859 4.466280049106089e-10
103.51952440844128 7.401736929549326e-10
103.623878767724 1.4467234045422647e-10
103.72823312700669 2.084377803281183e-10
103.8325874862894 7.783203987038669e-10
103.9369418455721 3.9588532202508455e-10
104.0412962048548 5.143872708230641e-11
104.14565056413751 5.994066981485248e-10
104.2500049234202 6.385026375608637e-10
104.35435928270292 1.0501466184712478e-10
104.45871364198561 3.1691461772991856e-10
104.56306800126832 7.026610586074799e-10
104.66742236055102 3.3297760968257913e-10
104.77177671983372 1.3772464236428124e-10
104.87613107911642 5.54657906471825e-10
104.98048543839913 5.508125434340424e-10
105.08483979768182 1.8036955520288406e-10
105.18919415696455 3.4301488494024895e-10
105.29354851624724 5.959046405383917e-10
105.39790287552995 3.6199528891099237e-10
105.50225723481265 2.5848336686117754e-10
105.60661159409534 4.864426528093129e-10
105.71096595337805 4.930575886483653e-10
105.81532031266075 3.480977779102194e-10
105.91967467194345 3.912374458306388e-10
106.02402903122615 4.716080599834938e-10
106.12838339050886 4.816038186082588e-10
106.23273774979155 4.4669798356796506e-10
106.33709210907428 3.837816185072012e-10
106.44144646835697 5.017400491405372e-10
106.54580082763968 6.13436357095586e-10
106.65015518692238 3.933475758917822e-10
106.75450954620509 3.907469346929499e-10
106.85886390548778 7.307871265861574e-10
106.96321826477049 5.678612328938828e-10
107.06757262405318 2.789623026697179e-10
107.1719269833359 6.798359487762175e-10
107.27628134261859 8.141437594932003e-10
107.38063570190128 3.090942793052498e-10
107.484990061184 4.907492704600191e-10
107.5893444204667 9.711852635451969e-10
107.69369877974941 5.127670291015943e-10
107.7980531390321 2.9888077624433803e-10
107.90240749831482 9.388614377010833e-10
108.00676185759751 8.009468397964912e-10
108.11111621688022 2.4204699518801015e-10
108.21547057616291 7.337696583056886e-10
108.31982493544562 1.0273082351592279e-09
108.42417929472832 3.781267326161132e-10
108.52853365401103 4.724324811032068e-10
108.63288801329374 1.0685061083085845e-09
108.73724237257643 6.452544319276294e-10
108.84159673185914 3.1274788534047123e-10
108.94595109114184 9.098293319672032e-10
109.05030545042455 8.886086714415348e-10
109.15465980970724 3.410609253609444e-10
109.25901416898995 6.67697362809572e-10
109.36336852827264 9.760569525898133e-10
109.46772288755535 5.109440236923783e-10
109.57207724683805 4.969291808970282e-10
109.67643160612076 8.871812625589153e-10
109.78078596540345 6.852396901980554e-10
109.88514032468616 4.84907405923063e-10
109.98949468396886 7.261905924974882e-10
110.09384904325157 7.351453459204386e-10
110.19820340253426 5.864838366772339e-10
110.30255776181698 6.454842320398109e-10
110.4069121210997 6.534881991204369e-10
110.51126648038239 6.574084507978937e-10
110.6156208396651 7.075231036190412e-10
110.7199751989478 5.659053975438154e-10
110.8243295582305 5.949542405390668e-10
110.9286839175132 8.188518699435558e-10
111.0330382767959 6.063475926718663e-10
111.1373926360786 4.459409220220462e-10
111.24174699536131 8.275402388569102e-10
111.346101354644 7.823025788892674e-10
111.45045571392671 3.5715424879726586e-10
111.55481007320941 6.663122057909536e-10
111.65916443249212 9.618871017402062e-10
111.76351879177481 4.464767825274704e-10
111.86787315105752 4.1892895349211966e-10
111.97222751034022 9.765996795562107e-10
112.07658186962291 6.815367462015377e-10
112.18093622890562 2.654805282391601e-10
112.28529058818832 7.806177650733265e-10
112.38964494747103 8.909930870201581e-10
112.49399930675372 3.1119439663066015e-10
112.59835366603646 5.019044881471074e-10
112.70270802531915 9.273485899792605e-10
112.80706238460186 4.929832073185652e-10
112.91141674388456 3.0913357705988187e-10
113.01577110316725 7.881263515582888e-10
113.12012546244996 6.664214964357125e-10
113.22447982173266 2.690520813749411e-10
113.32883418101537 5.765834436561815e-10
113.43318854029806 7.31288791752114e-10
113.53754289958077 3.4312124531653743e-10
113.64189725886347 4.0164456114002427e-10
113.74625161814618 6.733266139712129e-10
113.85060597742887 4.439405608241455e-10
113.95496033671158 3.2278071788925417e-10
114.05931469599427 5.444072531638991e-10
114.16366905527698 4.931425767154016e-10
114.26802341455968 3.353727312763919e-10
114.37237777384239 4.226334036451155e-10
114.47673213312508 4.5267682673597873e-10
114.58108649240779 3.8098953228782743e-10
114.68544085169049 3.832912994831087e-10
114.7897952109732 3.540223148291415e-10
114.89414957025592 3.6811921362774834e-10
114.99850392953861 4.3131364678446147e-10
115.10285828882132 3.0796880380581706e-10
115.20721264810402 2.642636740743497e-10
115.31156700738673 4.599561238375535e-10
115.41592136666942 3.8266293508975214e-10
115.52027572595213 1.67874137574257e-10
115.62463008523483 3.7078211005584464e-10
115.72898444451754 4.972741165080757e-10
115.83333880380023 1.917049787208029e-10
115.93769316308294 2.0615054153445155e-10
116.04204752236564 5.181368142276311e-10
116.14640188164834 3.270364988839417e-10
116.25075624093104 9.33965595187983e-11
116.35511060021375 4.0072211546615836e-10
116.45946495949644 4.6068566609926256e-10
116.56381931877915 1.117333063285208e-10
116.66817367806185 2.2221855748070906e-10
116.77252803734454 4.861931021181412e-10
116.87688239662725 2.2820243534891364e-10
116.98123675590995 9.655923316475457e-11
117.08559111519266 3.941628988773952e-10
117.18994547447538 3.4663947482432193e-10
117.29429983375809 7.788839647003761e-11
117.39865419304078 2.5024195559443084e-10
117.5030085523235 3.9091739067998303e-10
117.60736291160619 1.4573258530007461e-10
117.71171727088888 1.3697514030075846e-10
117.81607163017159 3.4123441221552383e-10
117.92042598945429 2.3050488016313145e-10
118.024780348737 1.086790156958866e-10
118.12913470801969 2.454662338580479e-10
118.2334890673024 2.617961410939685e-10
118.3378434265851 1.4903751278943977e-10
118.4421977858678 1.8450441696742363e-10
118.5465521451505 2.3092628353279355e-10
118.65090650443321 1.8880122328269407e-10
118.7552608637159 1.9170392445400977e-10
118.85961522299861 1.952901898249569e-10
118.96396958228131 1.8099691623869005e-10
119.06832394156402 2.268452684094564e-10
119.17267830084671 2.1068671175860601e-10
119.27703266012942 1.4787806686801055e-10
119.38138701941214 2.2921101652795725e-10
119.48574137869484 2.7371410189881294e-10
119.59009573797755 1.4827021216234613e-10
119.69445009726024 1.8103888914773492e-10
119.79880445654295 3.3114160385069124e-10
119.90315881582565 2.1539270205068137e-10
120.00751317510836 1.2000943341667012e-10
120.11186753439105 3.2993150020262185e-10
120.21622189367376 3.303635656654862e-10
120.32057625295646 1.0516613793821825e-10
120.42493061223917 2.5898781680049756e-10
120.52928497152186 4.358522752846618e-10
120.63363933080457 1.770806800392115e-10
120.73799369008727 1.5612306022607798e-10
120.84234804936997 4.666220125891217e-10
120.94670240865267 3.2819326801426735e-10
121.05105676793538 9.679129836056562e-11
121.15541112721807 3.8780745941714785e-10
121.25976548650077 4.825964472336277e-10
121.36411984578348 1.5086066426767221e-10
121.46847420506617 2.4702840439741335e-10
121.57282856434888 5.329376110509954e-10
121.6771829236316 3.014998646198977e-10
121.78153728291431 1.6331618407065059e-10
121.88589164219701 4.528355319482812e-10
121.99024600147972 4.386167739018708e-10
122.09460036076241 2.0419718980631454e-10
122.19895472004512 3.3529472576256467e-10
122.30330907932782 4.708544795131093e-10
122.40766343861051 3.158797033208017e-10
122.51201779789322 2.9217505969207606e-10
122.61637215717592 4.1836925561690883e-10
122.72072651645863 3.9014108751984866e-10
122.82508087574132 3.402436683187906e-10
122.92943523502403 3.7872722593571895e-10
123.03378959430673 3.8638552043141956e-10
123.13814395358943 4.0315648849834155e-10
123.24249831287213 4.083669607977823e-10
123.34685267215484 3.562759205332791e-10
123.45120703143753 4.1382673786646903e-10
123.55556139072024 4.830618711184273e-10
123.65991575000294 3.6511936387533054e-10
123.76427010928565 3.6682247834253955e-10
123.86862446856834 5.405273468721579e-10
123.97297882785107 4.403852164858421e-10
124.07733318713377 3.0722048413374155e-10
124.18168754641647 5.318242081935733e-10
124.28604190569918 5.581582557827946e-10
124.39039626498187 2.946697532335348e-10
124.49475062426458 4.508247668788656e-10
124.59910498354728 6.615366082598986e-10
124.70345934282999 3.686285932012493e-10
124.80781370211268 3.358396939120039e-10
124.91216806139539 6.83600393978286e-10
125.01652242067809 5.179221270273753e-10
125.1208767799608 2.6532546609458837e-10
125.22523113924349 5.946249644732758e-10
125.3295854985262 6.667711600893201e-10
125.4339398578089 3.011059776958291e-10
125.5382942170916 4.438762493018802e-10
125.6426485763743 7.242293327197306e-10
125.74700293565701 4.3187317522621767e-10
125.8513572949397 3.2901537771451895e-10
125.9557116542224 6.570437876501803e-10
126.06006601350511 5.72593167813974e-10
126.1644203727878 3.2078076429904487e-10
126.26877473207054 5.216893296486182e-10
126.37312909135323 6.294186937525306e-10
126.47748345063594 4.022818931782092e-10
126.58183780991864 4.1812941588705036e-10
126.68619216920135 5.824534565037791e-10
126.79054652848404 4.870720594379238e-10
126.89490088776674 4.030436717633155e-10
126.99925524704945 4.946791227927386e-10
127.10360960633214 5.02488565235339e-10
127.20796396561485 4.4715763904331177e-10
127.31231832489755 4.492435281728447e-10
127.41667268418026 4.4901964403602924e-10
127.52102704346295 4.732772874862876e-10
127.62538140274566 4.750173132683684e-10
127.72973576202835 3.925656823951749e-10
127.83409012131106 4.304910858607852e-10
127.93844448059376 5.258148934346789e-10
128.04279883987647 3.9997329289042796e-10
128.14715319915916 3.399763644853203e-10
128.25150755844186 5.288159976490489e-10
128.35586191772458 4.763718991411016e-10
128.4602162770073 2.7348374760594443e-10
128.56457063629 4.4885731827571435e-10
128.6689249955727 5.621274279934775e-10
128.7732793548554 2.890262388918113e-10
128.8776337141381 3.200676003364693e-10
128.9819880734208 5.801801536153374e-10
129.0863424327035 3.8256693371438927e-10
129.1906967919862 2.1978842929810373e-10
129.29505115126892 4.997897391172787e-10
129.39940551055162 4.877566401415141e-10
129.5037598698343 2.060056349325603e-10
129.608114229117 3.610066934483387e-10
129.71246858839973 5.281480048270034e-10
129.81682294768243 2.7286884521225396e-10
129.92117730696512 2.4038474124813554e-10
130.02553166624782 4.76235802593785e-10
130.12988602553054 3.5930198365756646e-10
130.23424038481323 1.9289183531621388e-10
130.33859474409593 3.6625810124178003e-10
130.44294910337862 4.004674385933314e-10
130.54730346266132 2.1616720636192747e-10
130.65165782194404 2.629092230911731e-10
130.75601218122677 3.7228551041018544e-10
130.86036654050946 2.6269249550903656e-10
130.96472089979216 2.125938858322206e-10
131.06907525907488 3.016494875513761e-10
131.17342961835757 2.793424140975843e-10
131.27778397764027 2.14303153691368e-10
131.38213833692296 2.423980071643756e-10
131.4864926962057 2.491268929855376e-10
131.59084705548838 2.2644776696245206e-10
131.69520141477108 2.2810136700456478e-10
131.79955577405377 2.0346761234414424e-10
131.90391013333647 2.0715924065805688e-10
132.0082644926192 2.446541218872924e-10
132.11261885190189 1.8896418835121396e-10
132.21697321118458 1.5597404886843334e-10
132.32132757046728 2.4636012688377026e-10
132.42568192975 2.2189685426083066e-10
132.5300362890327 1.1344444119297441e-10
132.6343906483154 2.0219688944143834e-10
132.73874500759808 2.698586777859184e-10
132.8430993668808 1.2167903533877557e-10
132.9474537261635 1.2808039070443313e-10
133.05180808544623 2.804102697488956e-10
133.15616244472892 1.8238065483114425e-10
133.26051680401162 7.441115683234831e-11
133.36487116329434 2.3036156453306405e-10
133.46922552257703 2.5126922815301156e-10
133.57357988185973 8.088082255021438e-11
133.67793424114242 1.4590891221606362e-10
133.78228860042515 2.7630397105885045e-10
133.88664295970784 1.4214158490892668e-10
133.99099731899054 8.097631574707298e-11
134.09535167827323 2.3859083260969256e-10
134.19970603755596 2.1334781759919469e-10
134.30406039683865 7.39156512968012e-11
134.40841475612135 1.6548525247407488e-10
134.51276911540404 2.455630206497726e-10
134.61712347468676 1.1948219961927944e-10
134.72147783396946 1.0819188867850208e-10
134.82583219325215 2.2384221600230306e-10
134.93018655253485 1.7574491348941202e-10
135.03454091181757 9.954755900789973e-11
135.13889527110027 1.7692486559673314e-10
135.24324963038296 2.0076957567154e-10
135.34760398966569 1.303660138774404e-10
135.45195834894838 1.49158460349189e-10
135.5563127082311 1.890862120970188e-10
135.6606670675138 1.6222855106286634e-10
135.7650214267965 1.6094177334313933e-10
135.8693757860792 1.7148898648999263e-10
135.9737301453619 1.6563708687340775e-10
136.0780845046446 1.9269853298616477e-10
136.1824388639273 1.8389116131561005e-10
136.28679322321 1.4790825203211131e-10
136.3911475824927 2.0609097303518053e-10
136.49550194177542 2.321836162588494e-10
136.5998563010581 1.457107480692684e-10
136.7042106603408 1.818881516113457e-10
136.8085650196235 2.8324883490426357e-10
136.91291937890622 1.9063959757118896e-10
137.01727373818892 1.4129410662178835e-10
137.1216280974716 2.934366405980693e-10
137.2259824567543 2.7533938563648643e-10
137.33033681603703 1.3180269459160892e-10
137.43469117531973 2.4834263936736675e-10
137.53904553460242 3.532880596164349e-10
137.64339989388515 1.8550996775767534e-10
137.74775425316784 1.8130921619264742e-10
137.85210861245056 3.7418970821115283e-10
137.95646297173326 2.8695450327331014e-10
138.06081733101595 1.4957484875702659e-10
138.16517169029865 3.267145576705017e-10
138.26952604958137 3.802240662205459e-10
138.37388040886407 1.869166435746289e-10
138.47823476814676 2.5212019539993443e-10
138.58258912742946 4.1271379727359893e-10
138.68694348671218 2.7410518948835563e-10
138.79129784599488 2.1018894678596848e-10
138.89565220527757 3.7988635797116365e-10
139.00000656456027 3.547232180787197e-10
139.104360923843 2.2903086875664195e-10
139.20871528312568 3.2493563508435925e-10
139.31306964240838 3.8466701622634646e-10
139.41742400169107 2.8535975577458204e-10
139.5217783609738 2.998550072943073e-10
139.6261327202565 3.6809295532580375e-10
139.7304870795392 3.3023244882938306e-10
139.8348414388219 3.1978082762431033e-10
139.9391957981046 3.465933161342231e-10
140.04355015738733 3.356418330232258e-10
140.14790451667002 3.5485856199310823e-10
140.25225887595272 3.5746771613813917e-10
140.35661323523541 3.1695148778079296e-10
140.46096759451814 3.6501226956404184e-10
140.56532195380083 3.9917773309595395e-10
140.66967631308353 3.1343745312486736e-10
140.77403067236622 3.378083893311524e-10
140.87838503164892 4.3783500568140754e-10
140.98273939093164 3.4899484865863906e-10
141.08709375021434 2.9650786497494247e-10
141.19144810949703 4.393340210237732e-10
141.29580246877973 4.1375666051810125e-10
141.40015682806245 2.7793572308850007e-10
141.50451118734514 3.9570458637508235e-10
141.60886554662784 4.742960239105098e-10
141.71321990591053 3.04607608442547e-10
141.81757426519326 3.2910675773678075e-10
141.92192862447595 4.966324007253373e-10
142.02628298375865 3.720309386689825e-10
142.13063734304137 2.7456123744620127e-10
142.23499170232407 4.6448084541151835e-10
142.3393460616068 4.5087510209152053e-10
142.44370042088948 2.637143638665627e-10
142.54805478017218 3.8908691233612466e-10
142.65240913945487 5.013608821713501e-10
142.7567634987376 3.0706695175265847e-10
142.8611178580203 3.064721777267275e-10
142.965472217303 4.916562114274964e-10
143.06982657658568 3.8178650250022527e-10
143.1741809358684 2.616197596280057e-10
143.2785352951511 4.216747964697972e-10
143.3828896544338 4.384421746261254e-10
143.4872440137165 2.7840471487385046e-10
143.59159837299921 3.346342786799626e-10
143.6959527322819 4.3279237634019234e-10
143.8003070915646 3.328498069399923e-10
143.9046614508473 2.8960414206075087e-10
144.00901581013002 3.6853944829176805e-10
144.11337016941272 3.6347346510787466e-10
144.2177245286954 3.085889550722465e-10
144.3220788879781 3.047713121352038e-10
144.42643324726083 3.2936940349851396e-10
144.53078760654356 3.4701225098713554e-10
144.63514196582625 3.0303616162058106e-10
144.73949632510895 2.6098345444211357e-10
144.84385068439164 3.3425994507542404e-10
144.94820504367436 3.5635576601343967e-10
145.05255940295706 2.3529664706223483e-10
145.15691376223975 2.552856895172298e-10
145.26126812152245 3.873283946279777e-10
145.36562248080517 2.895788319223057e-10
145.46997684008787 1.7677980445853206e-10
145.57433119937056 3.337728059970978e-10
145.67868555865326 3.715410607415713e-10
145.78303991793595 1.770969355861471e-10
145.88739427721868 2.2150077710091775e-10
145.99174863650137 3.8943278938239e-10
146.09610299578407 2.549331879148732e-10
146.20045735506676 1.4039993184988969e-10
146.30481171434948 3.1204252898025116e-10
146.40916607363218 3.266742246135414e-10
146.51352043291487 1.4656198652211393e-10
146.61787479219757 2.041330130651513e-10
146.7222291514803 3.2045398097226934e-10
146.82658351076302 2.0206293970372163e-10
146.9309378700457 1.4846648733799623e-10
147.0352922293284 2.5229205316002096e-10
147.1396465886111 2.2875786840187963e-10
147.24400094789382 1.5378037312957132e-10
147.34835530717652 1.95378298846501e-10
147.4527096664592 2.0520054708081142e-10
147.5570640257419 1.6346343334623088e-10
147.66141838502463 1.8339385905852007e-10
147.76577274430733 1.792000570665929e-10
147.87012710359002 1.4332654406487392e-10
147.97448146287272 1.7890897774833485e-10
148.07883582215544 1.8607386887193175e-10
148.18319018143814 1.2358968952983935e-10
148.28754454072083 1.4435068443222982e-10
148.39189890000353 1.9528508061688435e-10
148.49625325928625 1.394194952167461e-10
148.60060761856894 1.059071119622871e-10
148.70496197785164 1.6660786545041973e-10
148.80931633713433 1.6553368503834044e-10
148.91367069641706 1.0799610812812361e-10
149.01802505569978 1.2153322123787934e-10
149.12237941498248 1.532211212252789e-10
149.22673377426517 1.3386564592883122e-10
149.33108813354787 1.155068289458808e-10
149.4354424928306 1.1559474072256687e-10
149.53979685211328 1.2538316868196596e-10
149.64415121139598 1.4658325337766534e-10
149.74850557067867 1.215987865177417e-10
149.8528599299614 8.295399334046747e-11
149.9572142892441 1.4431876263887304e-10
150.0615686485268 1.8454821343230045e-10
150.16592300780948 8.603686294653333e-11
150.27027736709218 8.038421375844742e-11
150.3746317263749 2.161936944466217e-10
150.4789860856576 1.7649286022867286e-10
150.5833404449403 3.983950627487941e-11
150.68769480422299 1.480878749010613e-10
150.7920491635057 2.649637246408466e-10
150.8964035227884 1.0868109149906337e-10
151.0007578820711 5.231002429322903e-11
151.1051122413538 2.351656207675899e-10
151.20946660063652 2.2710208452477828e-10
151.31382095991924 5.7236549385744065e-11
151.41817531920194 1.1900893968485754e-10
151.52252967848463 2.5165223368905473e-10
151.62688403776733 1.5692987638094842e-10
151.73123839705005 6.744548912592378e-11
151.83559275633274 1.6763476751360103e-10
151.93994711561544 2.16704692712938e-10
152.04430147489813 1.3104081974545665e-10
152.14865583418086 1.058503460752315e-10
152.25301019346355 1.733326765189827e-10
152.35736455274625 1.989259191424703e-10
152.46171891202894 1.4808742486204903e-10
152.56607327131167 1.2024169510988504e-10
152.67042763059436 1.790464635835034e-10
152.77478198987706 2.2010505528760853e-10
152.87913634915975 1.5361303202921263e-10
152.98349070844247 1.2713511173472396e-10
153.08784506772517 2.23678415627821e-10
153.19219942700786 2.3305432347536884e-10
153.29655378629056 1.339281816187834e-10
153.40090814557328 1.7195822396782841e-10
153.505262504856 2.625979637294895e-10
153.6096168641387 1.9364688533296835e-10
153.7139712234214 1.4898431068380755e-10
153.8183255827041 2.386689717809812e-10
153.92267994198681 2.391158470305887e-10
154.0270343012695 1.764350033299493e-10
154.1313886605522 2.248435982329616e-10
154.2357430198349 2.4822929261051193e-10
154.34009737911762 1.9989026152976765e-10
154.44445173840032 2.376687095044417e-10
154.548806097683 2.605937070923553e-10
154.6531604569657 1.9745316331607866e-10
154.7575148162484 2.4090054498433497e-10
154.86186917553113 3.0705211773792595e-10
154.96622353481382 2.1933073196217853e-10
155.07057789409652 2.1303200876940557e-10
155.1749322533792 3.3973209695506836e-10
155.27928661266193 2.869353451291481e-10
155.38364097194463 1.8265539621139996e-10
155.48799533122732 2.990025843500564e-10
155.59234969051002 3.534454796035065e-10
155.69670404979274 2.1474011503917493e-10
155.80105840907547 2.387265875565737e-10
155.90541276835816 3.7785195957954e-10
156.00976712764086 3.0318073089275905e-10
156.11412148692355 2.1132687095958064e-10
156.21847584620627 3.1894278012623455e-10
156.32283020548897 3.5134043802717366e-10
156.42718456477166 2.4293877085781974e-10
156.53153892405436 2.6002613536942163e-10
156.63589328333708 3.452630903457239e-10
156.74024764261978 3.114660755972094e-10
156.84460200190247 2.6598683148737096e-10
156.94895636118517 3.010089922776793e-10
157.0533107204679 3.274444396262794e-10
157.1576650797506 3.06400848316209e-10
157.26201943903328 2.7482396484485196e-10
157.36637379831598 2.861996025604207e-10
157.4707281575987 3.3833876340811125e-10
157.5750825168814 3.165819447646963e-10
157.6794368761641 2.544050160551751e-10
157.78379123544678 3.202171935743563e-10
157.8881455947295 3.7599385021982164e-10
157.9924999540122 2.677093244006663e-10
158.09685431329493 2.5605443067560917e-10
158.20120867257762 3.828630329017655e-10
158.30556303186032 3.255906181872692e-10
158.40991739114304 2.1902573307512287e-10
158.51427175042573 3.3930425812389586e-10
158.61862610970843 3.876882634829483e-10
158.72298046899112 2.411646552226524e-10
158.82733482827385 2.7218375181734356e-10
158.93168918755654 3.956545229221708e-10
159.03604354683924 2.9249435570155695e-10
159.14039790612193 2.2533758259275174e-10
159.24475226540463 3.5173125736610474e-10
159.34910662468735 3.3703563072707085e-10
159.45346098397005 2.2553985531777493e-10
159.55781534325274 2.986235417280969e-10
159.66216970253544 3.5471084819447573e-10
159.76652406181816 2.528137713332717e-10
159.87087842110085 2.5302725770084637e-10
159.97523278038355 3.3275663663847186e-10
160.07958713966624 2.7483094920331155e-10
160.18394149894897 2.2532014232538397e-10
160.28829585823166 2.9141911401745677e-10
160.3926502175144 2.8381853821687696e-10
160.49700457679708 2.2147659301776072e-10
160.60135893607978 2.5504118201073515e-10
160.7057132953625 2.7819524040311797e-10
160.8100676546452 2.2908332966991515e-10
160.9144220139279 2.3052395096653505e-10
161.01877637321059 2.562679884975102e-10
161.1231307324933 2.311174517526921e-10
161.227485091776 2.2261108555117535e-10
161.3318394510587 2.34260202647437e-10
161.4361938103414 2.20259620180302e-10
161.54054816962412 2.228592211580696e-10
161.6449025289068 2.2505839419827758e-10
161.7492568881895 1.9578937980819686e-10
161.8536112474722 2.0756426745856956e-10
161.95796560675493 2.258323393891764e-10
162.06231996603762 1.766924298656876e-10
162.16667432532032 1.744643808090117e-10
162.271028684603 2.2834902576790533e-10
162.37538304388573 1.8650947805722938e-10
162.47973740316843 1.43003915970659e-10
162.58409176245115 2.1359148036033878e-10
162.68844612173385 2.1469123972720039e-10
162.79280048101654 1.2889132092806697e-10
162.89715484029927 1.662571702706744e-10
163.00150919958196 2.2333623971134108e-10
163.10586355886466 1.406654529281276e-10
163.21021791814735 1.1616037390659747e-10
163.31457227743007 2.016968126812712e-10
163.41892663671277 1.7112353046852563e-10
163.52328099599546 9.752808843876866e-11
163.62763535527816 1.6076104544074807e-10
163.73198971456088 1.9329964063535065e-10
163.83634407384358 1.1085501593279006e-10
163.94069843312627 1.1322830347462131e-10
164.04505279240897 1.77519748722556e-10
164.14940715169166 1.3267049982005347e-10
164.25376151097439 8.664139408651565e-11
164.35811587025708 1.398152604877779e-10
164.46247022953978 1.4534891123452707e-10
164.56682458882247 9.080227365427837e-11
164.6711789481052 1.097620966114137e-10
164.7755333073879 1.4210655885545254e-10
164.8798876666706 1.071739705903831e-10
164.9842420259533 9.510753143620374e-11
165.088596385236 1.2092572682837216e-10
165.19295074451873 1.1092313227809019e-10
165.29730510380142 9.44820821446085e-11
165.40165946308412 1.0289258474000535e-10
165.5060138223668 1.0230423734465103e-10
165.61036818164953 1.009042008545099e-10
165.71472254093223 1.0478002851147457e-10
165.81907690021492 9.431481748311432e-11
165.92343125949762 1.0028256168897308e-10
166.02778561878034 1.1704704655422927e-10
166.13213997806304 9.512349990239487e-11
166.23649433734573 8.576399538240417e-11
166.34084869662843 1.2037717824589178e-10
166.44520305591115 1.1020020494794837e-10
166.54955741519385 7.505891610411591e-11
166.65391177447654 1.103291755511953e-10
166.75826613375924 1.3491863356053136e-10
166.86262049304196 8.606418107387787e-11
166.96697485232465 9.107938642185544e-11
167.07132921160735 1.4825776738502186e-10
167.17568357089007 1.1700210536562115e-10
167.28003793017277 7.588116061947468e-11
167.3843922894555 1.346329651671943e-10
167.48874664873819 1.4962947352399486e-10
167.59310100802088 8.400410211452835e-11
167.69745536730358 1.0889238447348925e-10
167.8018097265863 1.6852524500424517e-10
167.906164085869 1.1775228240920327e-10
168.0105184451517 9.228463783732028e-11
168.11487280443438 1.6333676939040019e-10
168.2192271637171 1.5640631958482802e-10
168.3235815229998 9.689172551614512e-11
168.4279358822825 1.4017862391673608e-10
168.5322902415652 1.7682067110922268e-10
168.6366446008479 1.220132280528621e-10
168.7409989601306 1.2436570457798778e-10
168.8453533194133 1.7795930985974313e-10
168.949707678696 1.5476731176040333e-10
169.0540620379787 1.3004366623193367e-10
169.15841639726142 1.6854580046926228e-10
169.2627707565441 1.7506565704790285e-10
169.3671251158268 1.5067508673713785e-10
169.47147947510953 1.6277727476718698e-10
169.57583383439223 1.7624893122818583e-10
169.68018819367495 1.7140086004399257e-10
169.78454255295765 1.7498235387629762e-10
169.88889691224034 1.7474749003980184e-10
169.99325127152304 1.8091235891721827e-10
170.09760563080576 2.0000825608367133e-10
170.20195999008845 1.8697656927023826e-10
170.30631434937115 1.762451488413733e-10
170.41066870865384 2.1462327190867273e-10
170.51502306793657 2.152799409610275e-10
170.61937742721926 1.7367289968518206e-10
170.72373178650196 2.0740679937127382e-10
170.82808614578465 2.4795606667802866e-10
170.93244050506738 1.9430905030432663e-10
171.03679486435007 1.8915029957197429e-10
171.14114922363277 2.6429102670928864e-10
171.24550358291546 2.3667593722648637e-10
171.34985794219818 1.7866272487960277e-10
171.45421230148088 2.50613149310469e-10
171.55856666076357 2.7806830256677285e-10
171.6629210200463 1.9232863259221774e-10
171.767275379329 2.202069772727798e-10
171.87162973861172 2.9897768726372643e-10
171.9759840978944 2.309566779703911e-10
172.0803384571771 1.9765338013282476e-10
172.1846928164598 2.91304834512731e-10
172.28904717574252 2.7549350973186146e-10
172.39340153502522 1.9769809975355006e-10
172.49775589430791 2.608736820634112e-10
172.6021102535906 3.0134236311771986e-10
172.70646461287333 2.215415559617859e-10
172.81081897215603 2.3119123425597717e-10
172.91517333143872 2.9975786088725356e-10
173.01952769072142 2.5593308767643697e-10
173.1238820500041 2.2293700131219316e-10
173.22823640928684 2.7849833013601897e-10
173.33259076856953 2.7752730154289025e-10
173.43694512785223 2.3599774579536404e-10
173.54129948713492 2.566740495090139e-10
173.64565384641764 2.7442011072866546e-10
173.75000820570034 2.536582878597913e-10
173.85436256498303 2.528116658130363e-10
173.95871692426576 2.598817153573593e-10
174.06307128354848 2.586701746930223e-10
174.16742564283118 2.646726078597365e-10
174.27178000211387 2.536064168901718e-10
174.37613436139657 2.458022267052029e-10
174.48048872067926 2.7171689273624225e-10
174.58484307996198 2.6343788965052455e-10
174.68919743924468 2.2870211452342347e-10
174.79355179852737 2.593316808859321e-10
174.89790615781007 2.8146978853713006e-10
175.0022605170928 2.2742974207115307e-10
175.1066148763755 2.3113891318442093e-10
175.21096923565818 2.889742189264896e-10
175.31532359494088 2.4670989624658664e-10
175.4196779542236 2.0273481575674652e-10
175.5240323135063 2.706830729774442e-10
175.628386672789 2.727470663359236e-10
175.7327410320717 1.9262338228267422e-10
175.8370953913544 2.314251031843285e-10
175.9414497506371 2.858580791616348e-10
176.0458041099198 2.075618474549008e-10
176.1501584692025 1.9124875218545145e-10
176.25451282848522 2.7223354681802157e-10
176.35886718776794 2.3458658006378605e-10
176.46322154705064 1.6914539476392887e-10
176.56757590633333 2.338272789600591e-10
176.67193026561603 2.5093292083012244e-10
176.77628462489875 1.721358998204368e-10
176.88063898418145 1.908429009830108e-10
176.98499334346414 2.4294585843909766e-10
177.08934770274684 1.8968777179941496e-10
177.19370206202956 1.6431711192581203e-10
177.29805642131225 2.1401607760628573e-10
177.40241078059495 2.00826437229258e-10
177.50676513987764 1.5929084846457588e-10
177.61111949916037 1.811143571727563e-10
177.71547385844306 1.928118665918477e-10
177.81982821772576 1.6427342893236956e-10
177.92418257700845 1.6167509381611873e-10
178.02853693629115 1.7208502236394652e-10
178.13289129557387 1.6334928223603423e-10
178.23724565485657 1.5759129465853615e-10
178.34160001413926 1.5390312334852082e-10
178.44595437342196 1.4932361829918638e-10
178.5503087327047 1.5607650604374946e-10
178.6546630919874 1.4804765776441594e-10
178.7590174512701 1.2996591306716358e-10
178.8633718105528 1.445399162056439e-10
178.9677261698355 1.517147279501924e-10
179.0720805291182 1.1968048855387879e-10
179.1764348884009 1.2198818136330273e-10
179.2807892476836 1.521147108570681e-10
179.3851436069663 1.244898657557472e-10
179.48949796624902 9.858502732038995e-11
179.5938523255317 1.3787205549248828e-10
179.6982066848144 1.3711988227358617e-10
179.8025610440971 8.784021133851456e-11
179.90691540337983 1.1052572819108337e-10
180.01126976266252 1.4356669236990778e-10
180.11562412194522 9.528774981183145e-11
180.2199784812279 8.308803660917782e-11
180.32433284051064 1.3336005162075813e-10
180.42868719979333 1.127291730496849e-10
180.53304155907603 6.966769806657579e-11
180.63739591835872 1.0792240518210624e-10
180.74175027764144 1.2424626393120685e-10
180.84610463692417 7.524994556042999e-11
180.95045899620686 8.127313604999062e-11
181.05481335548956 1.1960221475516214e-10
181.15916771477225 9.145224077775747e-11
181.26352207405498 6.82001848256526e-11
181.36787643333767 1.0171279815190037e-10
181.47223079262037 1.0331737604960246e-10
181.57658515190306 7.209513715813638e-11
181.68093951118578 8.34744783589754e-11
181.78529387046848 1.0215202963195028e-10
181.88964822975117 8.38014298459476e-11
181.99400258903387 7.688666913034782e-11
182.0983569483166 9.289646156415314e-11
182.2027113075993 9.116127642423348e-11
182.30706566688198 8.260695795092619e-11
182.41142002616468 8.742795413229073e-11
182.51577438544737 8.978863083276207e-11
182.6201287447301 9.06984598682496e-11
182.7244831040128 9.265025512081037e-11
182.82883746329549 8.640668228808417e-11
182.93319182257818 9.166344058628189e-11
183.03754618186093 1.0480272951743954e-10
183.14190054114363 9.166375958422586e-11
183.24625490042632 8.587057541301284e-11
183.35060925970902 1.1321664660807395e-10
183.4549636189917 1.0907089114902834e-10
183.55931797827444 8.272095913916493e-11
183.66367233755713 1.0988629269728972e-10
183.76802669683983 1.307239048626735e-10
183.87238105612252 9.266573372725836e-11
183.97673541540524 9.789534074563793e-11
184.08108977468794 1.435103280162398e-10
184.18544413397063 1.176240713102513e-10
184.28979849325333 9.013702349265204e-11
184.39415285253605 1.3981455565072955e-10
184.49850721181875 1.4723979525575098e-10
184.60286157110144 9.871051418315199e-11
184.70721593038414 1.2441624833396228e-10
184.81157028966686 1.6580853013437119e-10
184.91592464894956 1.2435145494649194e-10
185.02027900823225 1.1234413955475797e-10
185.12463336751495 1.6582173135028607e-10
185.22898772679767 1.5540289928168734e-10
185.3333420860804 1.1642954178931918e-10
185.4376964453631 1.5365750156282722e-10
185.54205080464578 1.7689284260524658e-10
185.64640516392848 1.3701876089582357e-10
185.7507595232112 1.4349415773684567e-10
185.8551138824939 1.818363545813523e-10
185.9594682417766 1.6274378456616818e-10
186.0638226010593 1.4670271164631112e-10
186.168176960342 1.7672515283447897e-10
186.2725313196247 1.8024250373334394e-10
186.3768856789074 1.6290027556673068e-10
186.4812400381901 1.7519686123573762e-10
186.58559439747282 1.8505648618894853e-10
186.6899487567555 1.8037793561157423e-10
186.7943031160382 1.8534049002334538e-10
186.8986574753209 1.8501959168738864e-10
187.0030118346036 1.8767679292266334e-10
187.10736619388632 2.0285773274179352e-10
187.21172055316902 1.9273637033525872e-10
187.3160749124517 1.8452884224159092e-10
187.4204292717344 2.1514368504607437e-10
187.52478363101713 2.1294114941314487e-10
187.62913799029985 1.8156754328065502e-10
187.73349234958255 2.1242977832259736e-10
187.83784670886524 2.372491917041424e-10
187.94220106814797 1.9114479847791088e-10
188.04655542743066 1.9731900147389437e-10
188.15090978671336 2.508005570200255e-10
188.25526414599605 2.163560279417706e-10
188.35961850527875 1.8387378088453033e-10
188.46397286456147 2.4412604221202887e-10
188.56832722384416 2.466636395313825e-10
188.67268158312686 1.862234687058472e-10
188.77703594240955 2.212131234415146e-10
188.88139030169228 2.649628718338708e-10
188.98574466097497 2.0725248059966887e-10
189.09009902025767 1.9776018486400747e-10
189.19445337954036 2.6115801071195863e-10
189.2988077388231 2.361985382267791e-10
189.40316209810578 1.8938939970452738e-10
189.50751645738848 2.393716245194959e-10
189.61187081667117 2.5608673669052435e-10
189.7162251759539 2.000752345627568e-10
189.8205795352366 2.1454839006283805e-10
189.9249338945193 2.562207538388327e-10
190.029288253802 2.1978295294515367e-10
190.1336426130847 2.0174310429401266e-10
190.23799697236743 2.40412322209539e-10
190.34235133165012 2.330415373086507e-10
190.44670569093282 2.0445863937747563e-10
190.5510600502155 2.2263462892041857e-10
190.65541440949823 2.3127174664967792e-10
190.75976876878093 2.129210092686796e-10
190.86412312806362 2.1467617815036554e-10
190.96847748734632 2.1896848419612783e-10
191.07283184662904 2.1404103837067554e-10
191.17718620591174 2.1706497353568663e-10
191.28154056519443 2.0871829216458185e-10
191.38589492447713 2.0290369231259063e-10
191.49024928375985 2.1966855884552896e-10
191.59460364304255 2.0926953058826298e-10
191.69895800232524 1.8624937870715786e-10
191.80331236160794 2.1078760214347032e-10
191.90766672089063 2.1780555662588434e-10
192.01202108017335 1.7674075037629259e-10
192.11637543945605 1.881426358284708e-10
192.22072979873877 2.220056080746614e-10
192.32508415802147 1.8194496076095355e-10
192.4294385173042 1.619207382928502e-10
192.5337928765869 2.0999777098490807e-10
192.63814723586958 1.9639977125546325e-10
192.74250159515228 1.4688454125710453e-10
192.84685595443497 1.8124448916869282e-10
192.9512103137177 2.049094276062481e-10
193.0555646730004 1.5002047468473082e-10
193.15991903228309 1.4858224043651856e-10
193.26427339156578 1.9537788883448074e-10
193.3686277508485 1.640438409089835e-10
193.4729821101312 1.2801543213402395e-10
193.5773364694139 1.689864999994883e-10
193.6816908286966 1.7322651588144021e-10
193.7860451879793 1.2540332167972905e-10
193.890399547262 1.3895372463695094e-10
193.9947539065447 1.6684714835963423e-10
194.0991082658274 1.328045968059164e-10
194.20346262511012 1.1919971235289412e-10
194.30781698439282 1.475635034112148e-10
194.41217134367554 1.3692811684319773e-10
194.51652570295823 1.1313227485649718e-10
194.62088006224093 1.2690422105816038e-10
194.72523442152365 1.3067910879835503e-10
194.82958878080635 1.1326857431327207e-10
194.93394314008904 1.1420378497064262e-10
195.03829749937174 1.1758020145940073e-10
195.14265185865446 1.1003995799964788e-10
195.24700621793716 1.0982015822974202e-10
195.35136057721985 1.0648836978686734e-10
195.45571493650255 1.0043360734901814e-10
195.56006929578527 1.0691528065925799e-10
195.66442365506796 1.0265276878575521e-10
195.76877801435066 8.910673227209303e-11
195.87313237363335 9.893728647526816e-11
195.97748673291608 1.0382816446314564e-10
196.08184109219877 8.301906721154261e-11
196.18619545148147 8.555665734156018e-11
196.29054981076416 1.0340341071642028e-10
196.39490417004686 8.530380243569656e-11
196.49925852932958 7.229379543604122e-11
196.60361288861228 9.610932027897227e-11
196.707967247895 9.290875387889668e-11
196.8123216071777 6.604171497720431e-11
196.91667596646042 8.184076270777242e-11
197.0210303257431 9.879481056378493e-11
197.1253846850258 7.038287322618647e-11
197.2297390443085 6.62414189281184e-11
197.3340934035912 9.647765509502069e-11
197.43844776287392 8.281359456929158e-11
197.54280212215662 5.7754024198884945e-11
197.6471564814393 8.452047925616135e-11
197.751510840722 9.504380796245721e-11
197.85586520000473 6.204775253437136e-11
197.96021955928742 6.906784063863002e-11
198.06457391857012 9.789995208067503e-11
198.1689282778528 7.661718427272903e-11
198.27328263713554 6.093172701300796e-11
198.37763699641823 8.942823322625819e-11
198.48199135570093 9.095761452739208e-11
198.58634571498362 6.656365196925807e-11
198.69070007426635 7.814961413213367e-11
198.79505443354904 9.523845100322743e-11
198.89940879283174 8.098295733518183e-11
199.00376315211446 7.593070502540312e-11
199.10811751139715 9.03513173766972e-11
199.21247187067988 9.194504093070315e-11
199.31682622996257 8.5930592169588e-11
199.42118058924527 8.768241120237052e-11
199.52553494852796 9.291460186639397e-11
199.62988930781069 9.869469730063586e-11
199.73424366709338 9.665934058152962e-11
199.83859802637608 9.063017034484124e-11
199.94295238565877 1.0251609094741149e-10
