0.0 0.0
0.10435435928270291 8.28017623210098e-09
0.20870871856540582 2.2352410392156805e-08
0.3130630778481087 5.1202250145196354e-08
0.41741743713081164 2.0237029056542517e-07
0.5217717964135146 1.6733257418614181e-06
0.6261261556962174 0.00033003637338984836
0.7304805149789203 0.003204411375410108
0.8348348742616233 0.008001896557007998
0.9391892335443263 0.006221277201761764
1.0435435928270291 0.001094227483254649
1.1478979521097321 4.1056512870198307e-07
1.2522523113924349 9.97717593351685e-06
1.3566066706751378 4.6441142398885865e-06
1.4609610299578406 7.317101518984286e-08
1.5653153892405436 1.3073176559184265e-06
1.6696697485232466 3.85705550785191e-07
1.7740241078059495 7.467622794435015e-08
1.8783784670886525 4.968989327058476e-07
1.9827328263713553 6.399040731240458e-08
2.0870871856540583 3.424537173738145e-07
2.1914415449367612 1.6332885564168264e-07
2.2957959042194642 1.7479349302910944e-06
2.400150263502167 3.850156072135113e-06
2.5045046227848697 2.6869932733111295e-06
2.6088589820675727 2.6861804880272852e-06
2.7132133413502757 1.8063354412247666e-06
2.8175677006329787 1.1634071394558869e-07
2.921922059915681 1.6930911731223455e-08
3.026276419198384 2.2770726848220416e-08
3.130630778481087 2.725859397433251e-08
3.23498513776379 2.7997400396787814e-08
3.339339497046493 7.541369098817372e-08
3.4436938563291957 9.086273194586386e-09
3.548048215611899 5.734829906535575e-09
3.6524025748946016 6.745765639789967e-08
3.756756934177305 3.1597978475161756e-08
3.8611112934600076 1.7282505100388e-08
3.9654656527427106 7.367829548427874e-08
4.0698200120254135 2.9436593137098278e-08
4.1741743713081165 3.5217220593391486e-09
4.2785287305908195 5.790335012490661e-08
4.3828830898735225 2.4447369533451397e-08
4.4872374491562255 4.0158245537399455e-09
4.5915918084389284 4.617835216145866e-09
4.6959461677216305 6.486381778930329e-09
4.800300527004334 6.849081214409488e-09
4.9046548862870365 2.795794511235836e-09
5.0090092455697395 8.6923063703999e-09
5.1133636048524425 1.2414095699003246e-09
5.217717964135145 2.102917150712363e-09
5.322072323417848 8.225222399245968e-09
5.426426682700551 4.976128948084726e-09
5.530781041983254 3.211757921156198e-09
5.635135401265957 1.7904914361462727e-08
5.73948976054866 1.74219117367313e-09
5.843844119831362 1.2885464684178485e-10
5.948198479114066 2.3210713772249117e-09
6.052552838396768 3.0815290530680566e-09
6.156907197679472 6.884466173544667e-09
6.261261556962174 7.551872953560654e-09
6.365615916244878 2.6232433586319977e-09
6.46997027552758 9.814148008627396e-09
6.574324634810284 9.604516292547083e-09
6.678678994092986 1.9710649579587966e-08
6.783033353375689 1.8228699182491072e-09
6.887387712658391 1.2276216716917466e-09
6.991742071941095 1.337467390218324e-09
7.096096431223798 3.5101140240967846e-08
7.200450790506501 6.217109077199547e-09
7.304805149789203 1.7428943241703825e-08
7.409159509071906 1.1388233567048723e-08
7.51351386835461 1.5215331678307247e-08
7.617868227637313 1.3597038453935437e-08
7.722222586920015 1.5135718670438757e-08
7.826576946202718 4.053236994884108e-09
7.930931305485421 1.2781570144779725e-08
8.035285664768125 1.2218605094535236e-08
8.139640024050827 6.984496384833331e-10
8.24399438333353 3.121636977537836e-08
8.348348742616233 3.674501293111091e-09
8.452703101898935 6.49305186234954e-09
8.557057461181639 1.9967680700314775e-08
8.661411820464341 1.109940973826149e-08
8.765766179747045 5.4840869584007455e-09
8.870120539029747 4.116394032799578e-08
8.974474898312451 2.452862862559123e-08
9.078829257595153 6.732293475406755e-09
9.183183616877857 1.0717180720380836e-08
9.287537976160559 6.701500497146448e-08
9.391892335443261 3.1378165352981924e-08
9.496246694725965 1.6519713163989334e-07
9.600601054008669 3.053165815018764e-08
9.704955413291371 9.859947874552076e-08
9.809309772574073 6.166224703459107e-08
9.913664131856777 5.638838147167746e-08
10.018018491139479 1.826347261284641e-07
10.122372850422183 1.1491833251331681e-07
10.226727209704885 2.8010616044588035e-07
10.331081568987589 6.934730837493825e-08
10.43543592827029 6.282737514764937e-07
10.539790287552993 3.36272630867083e-07
10.644144646835697 4.66884778874091e-07
10.7484990061184 7.860899875152641e-08
10.852853365401103 3.296841215962418e-07
10.957207724683805 1.291743070364164e-06
11.061562083966509 8.691803676316423e-07
11.165916443249213 7.54279996907584e-07
11.270270802531915 1.9334154641861962e-07
11.374625161814617 7.499285080772025e-07
11.47897952109732 1.1479806946174118e-07
11.583333880380025 1.1663929180255299e-06
11.687688239662725 5.167384575564562e-07
11.792042598945429 7.830714525917125e-07
11.896396958228133 3.6604963194300735e-07
12.000751317510835 8.27378545460398e-07
12.105105676793537 1.2989393645126597e-06
12.20946003607624 1.0066961272130767e-06
12.313814395358945 5.690438631384911e-07
12.418168754641647 1.6582333860263902e-06
12.522523113924349 3.716402530118988e-06
12.626877473207053 5.878825904262646e-07
12.731231832489756 9.048466208173899e-07
12.835586191772459 2.603992398538199e-07
12.93994055105516 6.800373391148823e-07
13.044294910337864 9.211135719745794e-07
13.148649269620568 2.2983032733717132e-07
13.253003628903269 3.6121238145582903e-07
13.357357988185973 8.857495308222463e-06
13.461712347468676 5.488195924761705e-06
13.566066706751378 5.4266820801838725e-06
13.67042106603408 5.801349559459976e-06
13.774775425316783 3.048885928211537e-05
13.879129784599488 3.0374977217000463e-05
13.98348414388219 2.3578706016702028e-05
14.087838503164894 2.3624270225967813e-07
14.192192862447596 8.830826832844642e-06
14.296547221730298 3.6196527336869854e-05
14.400901581013002 1.9397371211005166e-05
14.505255940295704 5.1349502600314787e-05
14.609610299578407 5.534482039555875e-05
14.71396465886111 7.718275289728851e-05
14.818319018143812 0.00015110548129584734
14.922673377426518 0.00034236538227951806
15.02702773670922 0.0003571090266966035
15.131382095991922 0.00026840369271779427
15.235736455274626 0.0003824499448711685
15.340090814557328 0.0005148201006416081
15.44444517384003 0.00047046665190960714
15.548799533122734 0.00014316154024325868
15.653153892405436 8.188867530124714e-05
15.757508251688138 0.00026455577447533323
15.861862610970842 0.000443416066118075
15.966216970253544 0.0003855927464056671
16.07057132953625 0.0007230232882067081
16.174925688818952 0.001488044841061625
16.279280048101654 0.0019760665470452015
16.38363440738436 0.003812635214996773
16.48798876666706 0.005719585196585044
16.59234312594976 0.006497751575895492
16.696697485232466 0.005094332143639965
16.801051844515168 0.00643843302631523
16.90540620379787 0.006267357247185883
17.009760563080576 0.0046592858377997376
17.114114922363278 0.0020238037076466273
17.21846928164598 0.0012908604780501815
17.322823640928682 0.0028947018476765582
17.427178000211384 0.003354432383555829
17.53153235949409 0.004244314341622742
17.635886718776792 0.006935417741230873
17.740241078059494 0.01085626942557794
17.8445954373422 0.016653575893266985
17.948949796624902 0.028772739667878626
18.053304155907604 0.03750058835917587
18.157658515190306 0.04333040423876883
18.262012874473008 0.04301519560825881
18.366367233755714 0.051257790526440965
18.470721593038416 0.052541357094640175
18.575075952321118 0.04005953854396962
18.679430311603824 0.03781783126943936
18.783784670886522 0.02529318206031669
18.888139030169224 0.02292883023173523
18.99249338945193 0.019160526134005106
19.096847748734632 0.012348627391826772
19.201202108017338 0.007602871327475819
19.30555646730004 0.008106319143360297
19.409910826582742 0.0028348302947963245
19.514265185865444 0.008588663665776907
19.618619545148146 0.017277867127933926
19.722973904430848 0.015950310421541027
19.827328263713554 0.0389091265004727
19.931682622996256 0.047118511642284734
20.036036982278958 0.07709962389147132
20.140391341561664 0.06908691928789315
20.244745700844366 0.12055018526857081
20.349100060127068 0.09086373377125166
20.45345441940977 0.1886753100730661
20.557808778692472 0.11917946125315743
20.662163137975178 0.21503222373150752
20.76651749725788 0.1821903505930607
20.87087185654058 0.25141778374979096
20.975226215823287 0.2630381991003867
21.079580575105986 0.3560593724425705
21.18393493438869 0.3393049533625376
21.288289293671394 0.38548825157109684
21.392643652954096 0.372826258552678
21.4969980122368 0.3531919546187543
21.601352371519503 0.3594662876849078
21.705706730802206 0.25995344047818203
21.810061090084908 0.2319905148755534
21.91441544936761 0.18033119854189894
22.018769808650312 0.12839944268829107
22.123124167933018 0.0579109887409002
22.22747852721572 0.04907636254435963
22.331832886498425 0.01968071930782372
22.436187245781127 0.032295475012243946
22.54054160506383 0.04375236807483107
22.64489596434653 0.05299621412296051
22.749250323629234 0.045198546049690015
22.853604682911936 0.0579138329969116
22.95795904219464 0.10541183813618045
23.062313401477343 0.045478080147008014
23.16666776076005 0.09175861264052179
23.27102212004275 0.04475649851775055
23.37537647932545 0.07113134765154824
23.479730838608155 0.035185028302577255
23.584085197890857 0.034325567258931856
23.68843955717356 0.005149703836557327
23.792793916456265 0.008181319520554415
23.897148275738967 0.0002455504897362057
24.00150263502167 0.0052084276359515135
24.10585699430437 0.0037696405997926273
24.210211353587074 0.005319790959057522
24.31456571286978 0.0040874117882390495
24.41892007215248 0.024736259802445145
24.523274431435183 0.01844299812706874
24.62762879071789 0.016950808657570444
24.73198315000059 0.022805806824376797
24.836337509283293 0.027829157524654712
24.940691868565995 0.031169239313214202
25.045046227848697 0.0202239951996113
25.1494005871314 0.01444085427860092
25.253754946414105 0.011388695928989034
25.358109305696807 0.016386989113549372
25.462463664979513 0.012222651832914613
25.566818024262215 0.010472687247617865
25.671172383544917 0.01626597043454657
25.77552674282762 0.004737722827582474
25.87988110211032 0.0021829522673059024
25.984235461393023 0.009241405599246588
26.08858982067573 0.010755137402786635
26.19294417995843 0.007132599009320272
26.297298539241137 0.007379975601501299
26.401652898523835 0.015533206048903124
26.506007257806537 0.01451916656189329
26.610361617089243 0.012546410373121285
26.714715976371945 0.007295754250047902
26.819070335654647 0.005924077192801734
26.923424694937353 0.009035153212593164
27.027779054220055 0.006413097347744124
27.132133413502757 0.0034649237309826637
27.23648777278546 0.007548623610182082
27.34084213206816 0.004482746348128333
27.445196491350863 0.00129101120495278
27.549550850633565 0.0009131056156183278
27.653905209916275 0.00024598093011532506
27.758259569198977 0.0005111336751970732
27.86261392848168 0.0011136324908719885
27.96696828776438 0.0025585278836695647
28.07132264704708 0.004003554588665099
28.17567700632979 0.0021214578701577026
28.28003136561249 0.000980991613615084
28.384385724895193 0.002924905141371882
28.488740084177895 0.001956267285104019
28.593094443460597 0.0008613536693838053
28.6974488027433 0.001724429562741165
28.801803162026005 0.001966452260892976
28.906157521308707 0.0017122909440224637
29.01051188059141 0.001692749093275541
29.11486623987411 0.00045946017518210046
29.219220599156813 9.659948399273679e-05
29.323574958439522 0.0008052168551631076
29.42792931772222 0.0005641130369655385
29.532283677004923 0.00032770199410959495
29.636638036287625 0.001302127764145536
29.740992395570327 0.00044673195596544685
29.845346754853036 0.000587660462749431
29.94970111413574 0.0022378959164384674
30.05405547341844 0.0022409419115553752
30.158409832701143 0.00029802036861958567
30.262764191983845 0.0013023721304684962
30.367118551266543 0.0037087273267761103
30.471472910549252 0.0028721534331333245
30.575827269831954 0.0004369109857294461
30.680181629114657 0.0003406670823823491
30.78453598839736 0.000746181381392152
30.88889034768006 0.000602536437243829
30.993244706962766 0.0005520802670907587
31.09759906624547 0.00024395229971099975
31.20195342552817 0.00011868648509679117
31.306307784810873 0.0011613059157414751
31.410662144093575 0.001992548483239457
31.515016503376277 0.0015675453165091687
31.619370862658986 0.0006346079702914899
31.723725221941685 0.0007917197175630191
31.828079581224387 0.002330060030270545
31.93243394050709 0.0025401353829625443
32.03678829978979 0.0014662209830510029
32.1411426590725 0.0002687383349087034
32.2454970183552 0.0001343906352207947
32.349851377637904 0.0008604054558371175
32.454205736920606 0.0013542390977630287
32.55856009620331 0.000828211946837254
32.66291445548601 0.00022249239234659903
32.76726881476872 1.9840908838625583e-05
32.87162317405142 0.0006660651243049764
32.97597753333412 0.0015752258483338914
33.08033189261682 0.001476289955087062
33.18468625189952 0.00024175168732809492
33.28904061118223 0.0005924366254744973
33.39339497046493 0.002255017531878225
33.497749329747634 0.001992016268790591
33.602103689030336 0.0004023393763202789
33.70645804831304 0.00011267227068387864
33.81081240759574 0.00043441578497891776
33.91516676687845 0.00021202150812702836
34.01952112616115 0.0005578367734413048
34.123875485443854 0.0013307419329142908
34.228229844726556 0.0009753549348095688
34.33258420400926 9.169068773447443e-05
34.43693856329196 0.0005378165704543835
34.54129292257466 0.0009522754847239054
34.645647281857364 0.0002932050761864775
34.75000164114007 6.20835055659018e-05
34.85435600042277 0.0006162966665449037
34.95871035970548 0.0004958989101523104
35.06306471898818 4.7001228597590685e-05
35.16741907827088 0.00010110518242962683
35.271773437553584 0.00026687196151187117
35.376127796836286 0.0004623694469831162
35.48048215611899 0.0015242211267239157
35.5848365154017 0.0022067393502834417
35.6891908746844 0.0009596890892847355
35.7935452339671 5.254354169905561e-05
35.897899593249804 0.0015652645772027038
36.002253952532506 0.0027172656542272773
36.10660831181521 0.001453125874471725
36.21096267109791 0.00011633678466866974
36.31531703038061 0.0001647855884686017
36.419671389663314 0.00048556764454986846
36.524025748946016 0.00028142512568182017
36.62838010822872 4.999021163990663e-05
36.73273446751143 6.2282586876707534e-06
36.83708882679413 0.0001724956430135234
36.94144318607683 0.0009745214850539532
37.045797545359534 0.0018897697482458543
37.150151904642236 0.0015256552161112555
37.254506263924945 0.00045201180708939
37.35886062320765 0.00019608304892468253
37.46321498249035 0.0005123246471577028
37.567569341773044 0.0004955239764174514
37.671923701055746 0.0003414549006669614
37.77627806033845 0.0003611882013647191
37.88063241962116 0.00023880473317546306
37.98498677890386 0.00010669667347846792
38.08934113818656 0.000272671813462144
38.193695497469264 0.00035227668962420263
38.298049856751966 7.944833508852762e-05
38.402404216034675 0.00018695944300332234
38.50675857531738 0.0008833534608820366
38.61111293460008 0.0012360121081567072
38.71546729388278 0.0007682224136180039
38.819821653165484 0.0002809719402575933
38.924176012448186 0.00047336740870851856
39.02853037173089 0.0008758079280160888
39.13288473101359 0.0008111074613860562
39.23723909029629 0.0003043109732980135
39.341593449578994 5.821566400731321e-06
39.445947808861696 0.00015229329603411735
39.550302168144405 0.0003356949094424332
39.65465652742711 0.00017583204384070085
39.75901088670981 1.747869729968684e-05
39.86336524599251 0.00035760342322887383
39.967719605275214 0.0010798809369159423
40.072073964557916 0.0014662550182072487
40.176428323840625 0.001196842870744278
40.28078268312333 0.0006179886274725268
40.38513704240603 0.00030870557341406633
40.48949140168873 0.00041532180701547947
40.59384576097143 0.0006148427946910386
40.698200120254135 0.0006792972901970789
40.80255447953684 0.0004976147753273377
40.90690883881954 0.00024543699993140783
41.01126319810224 0.0001204566096558406
41.115617557384944 0.0002796508393494617
41.21997191666765 0.000443560046508297
41.324326275950355 0.0003450638867988233
41.42868063523306 8.022663932601728e-05
41.53303499451576 0.00011564376730910581
41.63738935379846 0.0004810632715339931
41.74174371308116 0.0007426466584686829
41.84609807236387 0.0006053635789353246
41.950452431646575 0.0003059023941675196
42.05480679092928 0.0001804275821876516
42.15916115021197 0.00017884134724762665
42.263515509494674 0.00014669740610129172
42.36786986877738 2.0967602598210752e-05
42.472224228060085 4.8283284546717757e-05
42.57657858734279 0.0003388761828158239
42.68093294662549 0.000575572798480276
42.78528730590819 0.0003554768618459359
42.889641665190894 7.412438343187101e-05
42.9939960244736 0.00034975604627250807
43.098350383756305 0.0011339486374313563
43.20270474303901 0.0014933655755948383
43.30705910232171 0.001069381982189058
43.41141346160441 0.00038915644468737697
43.51576782088712 0.00019918431311083187
43.620122180169815 0.0005371157934181952
43.72447653945252 0.0007602577526342908
43.82883089873522 0.0005426899527471099
43.93318525801792 0.000135549228794555
44.037539617300624 4.8565764415125376e-05
44.14189397658333 0.00022448254246196675
44.246248335866035 0.00036232341111215154
44.35060269514874 0.0002944484166879905
44.45495705443144 0.00023697046548751307
44.55931141371414 0.0002762393679252993
44.66366577299685 0.0004237166852768875
44.76802013227955 0.0005271176975407298
44.872374491562255 0.0005256766983690226
44.97672885084496 0.00042225877979993763
45.08108321012766 0.00031963480996379933
45.18543756941036 0.00030321879952084564
45.28979192869306 0.00023517655233175236
45.394146287975765 0.00011013067563044007
45.49850064725847 9.876812248734094e-06
45.60285500654117 4.277427419043187e-05
45.70720936582387 0.0001418346119952328
45.81156372510658 0.00020148554487805416
45.91591808438928 0.00016172548757124582
46.020272443671985 0.00015697928926729172
46.12462680295469 0.0003551342981011192
46.22898116223739 0.0008753973589822592
46.3333355215201 0.0012923105415249033
46.4376898808028 0.001170426808989709
46.5420442400855 0.0005725804648795831
46.646398599368204 0.00016250741242393457
46.7507529586509 0.00036114249725688633
46.8551073179336 0.0007303446029143213
46.95946167721631 0.000703382319863113
47.06381603649901 0.00025916734459655456
47.168170395781715 1.3247774987393789e-05
47.27252475506442 0.00021144020578589936
47.37687911434712 0.0005175637524061419
47.48123347362983 0.0004606547793114585
47.58558783291253 0.00020974003577032497
47.68994219219523 0.00021417681095849223
47.794296551477935 0.0005866000855546194
47.89865091076064 0.0008343654708256007
48.00300527004334 0.0006073004330348139
48.10735962932605 0.0002432743607725543
48.21171398860874 0.0002426584371523297
48.316068347891445 0.0006217475265459058
48.42042270717415 0.0008219425113517441
48.52477706645685 0.0005868850286299445
48.62913142573956 0.00016645174140830578
48.73348578502226 3.787777579667698e-05
48.83784014430496 0.0002402854267166138
48.942194503587665 0.0003675253924216405
49.04654886287037 0.00017914783280243487
49.15090322215307 3.184208394342581e-05
49.25525758143578 0.0002767858187415483
49.35961194071848 0.0006192426155462617
49.46396630000118 0.0005509724369560254
49.568320659283884 0.00017795112366534712
49.672675018566586 1.6744407661440498e-05
49.77702937784929 0.00017194016050185105
49.88138373713199 0.0003315038885920004
49.98573809641469 0.00023971375002116276
50.090092455697395 4.959574431618771e-05
50.1944468149801 2.1564222805250394e-05
50.2988011742628 0.00020639838752018944
50.40315553354551 0.0003201720398090373
50.50750989282821 0.00017050906250333923
50.61186425211091 3.4773507251631846e-05
50.716218611393614 0.00039906291589442296
50.82057297067632 0.0011280703739551432
50.924927329959026 0.0014446372074987475
51.02928168924173 0.000968218602057574
51.13363604852443 0.0002589313321653079
51.23799040780713 0.00011057607884190706
51.342344767089834 0.00045391046578085797
51.446699126372536 0.000677384720714185
51.55105348565524 0.0004941264690184417
51.65540784493794 0.00018820412918290266
51.75976220422064 7.925521711023388e-05
51.864116563503345 0.0001742341356534851
51.96847092278605 0.00027786579422879045
52.072825282068756 0.0002345928109272763
52.17717964135146 0.0001496009902444802
52.28153400063416 0.0002511284820358484
52.38588835991686 0.0005474383583273545
52.490242719199564 0.0006878786172996062
52.59459707848227 0.0004940900128577001
52.698951437764975 0.0002690317681084221
52.80330579704767 0.00040455102754776557
52.90766015633037 0.0007933201032879598
53.012014515613075 0.0009427514104104475
53.11636887489578 0.0006633458439625384
53.220723234178486 0.0002496239310162283
53.32507759346119 7.399592079391059e-05
53.42943195274389 0.00014354884653851056
53.53378631202659 0.00023250522552810087
53.638140671309294 0.00019817524806733044
53.742495030592 7.998930047286417e-05
53.846849389874706 1.0611117769180174e-05
53.95120374915741 5.340822068645824e-05
54.05555810844011 0.00014876015171627423
54.15991246772281 0.00019835754474111994
54.264266827005514 0.0002169845841256296
54.368621186288216 0.00027736145377218964
54.47297554557092 0.0003748039012037798
54.57732990485362 0.00038068897705741096
54.68168426413632 0.0002468513835227899
54.786038623419024 9.805414800663342e-05
54.89039298270173 6.129792836813937e-05
54.99474734198443 0.00014207295542492543
55.09910170126713 0.0002214240707451323
55.20345606054985 0.00022699812980181555
55.30781041983255 0.000173841608003665
55.41216477911525 0.00011498389865326329
55.51651913839795 8.860989584103153e-05
55.620873497680655 8.268497690499824e-05
55.72522785696336 6.798767152221964e-05
55.82958221624606 4.282649218033193e-05
55.93393657552876 2.1174137228271472e-05
56.03829093481146 1.1644207170945645e-05
56.14264529409416 1.2123850260081083e-05
56.24699965337686 1.1384635069542267e-05
56.35135401265958 1.6593216004294602e-05
56.45570837194228 2.6492592837467058e-05
56.56006273122498 3.699225267134088e-05
56.66441709050768 3.768634712560781e-05
56.768771449790385 2.564941261434742e-05
56.87312580907309 1.3058618639739922e-05
56.97748016835579 4.4346449038966824e-06
57.08183452763849 4.418892174750806e-07
57.186188886921194 6.649941044599537e-07
57.290543246203896 7.507683278071772e-06
57.3948976054866 2.6125623886391003e-05
57.49925196476931 4.6497208640815933e-05
57.60360632405201 5.605471703861281e-05
57.70796068333471 5.371678259328217e-05
57.81231504261741 3.6927796886870335e-05
57.916669401900116 1.9411835866410366e-05
58.02102376118282 7.567736722893508e-06
58.12537812046552 9.792990030212624e-07
58.22973247974822 2.3123376479710897e-07
58.334086839030924 1.7090131580393355e-06
58.438441198313626 4.408903329301811e-06
58.54279555759633 1.034721812453779e-05
58.647149916879044 2.937469858579343e-05
58.75150427616175 7.431122551877585e-05
58.85585863544444 0.00013661853920392578
58.960212994727144 0.0002023760208379353
59.064567354009846 0.00025646039315857494
59.16892171329255 0.00026347862732358385
59.27327607257525 0.0002312830963746201
59.37763043185795 0.0001725293003101064
59.481984791140654 9.927209303969111e-05
59.586339150423356 4.501279137717324e-05
59.69069350970607 1.2960460862321415e-05
59.795047868988775 4.147445470922175e-06
59.89940222827148 1.690587209466067e-05
60.00375658755418 4.580519791968959e-05
60.10811094683688 9.778052340706975e-05
60.21246530611958 0.0001625259195308473
60.316819665402285 0.0002320044710936231
60.42117402468499 0.0002934092415406932
60.52552838396769 0.0003113677563855007
60.629882743250384 0.00029703193007479464
60.734237102533086 0.0002555235624789606
60.8385914618158 0.00018840096371587135
60.942945821098505 0.0001276028243534875
61.04730018038121 7.437271465369408e-05
61.15165453966391 4.1089788015249346e-05
61.25600889894661 3.168878222605677e-05
61.36036325822931 3.60837861683402e-05
61.464717617512015 5.787392670097675e-05
61.56907197679472 8.452922941201932e-05
61.67342633607742 0.0001136122066288994
61.77778069536012 0.000140879453917489
61.88213505464282 0.00015015755518360148
61.98648941392553 0.00014984162030019172
62.090843773208235 0.00013476953026624245
62.19519813249094 0.00010123976959383989
62.29955249177364 6.876400396951301e-05
62.40390685105634 3.9282836371884904e-05
62.50826121033904 2.1765119345164447e-05
62.612615569621745 1.797414455572543e-05
62.71696992890445 1.9390031680675402e-05
62.82132428818715 2.5904949711508964e-05
62.92567864746985 2.8957185011659646e-05
63.030033006752554 2.87813646101041e-05
63.13438736603527 2.8417219335036023e-05
63.23874172531797 2.447256525475991e-05
63.343096084600674 1.9973971325567084e-05
63.44745044388337 1.5336358609636107e-05
63.55180480316607 8.378804803684962e-06
63.65615916244877 2.9517238276164818e-06
63.760513521731475 3.3455520962662003e-07
63.86486788101418 1.0268445015145044e-06
63.96922224029688 5.047789483802192e-06
64.07357659957958 1.059342260720449e-05
64.17793095886229 1.832808138392782e-05
64.282285318145 2.5543922036471387e-05
64.3866396774277 3.2472757702768634e-05
64.4909940367104 4.154933368739563e-05
64.5953483959931 4.863544091148521e-05
64.69970275527581 5.494421681717607e-05
64.8040571145585 6.226015521584838e-05
64.90841147384121 6.241374090015571e-05
65.01276583312391 5.4363568121702536e-05
65.11712019240662 4.182745596673678e-05
65.22147455168931 2.6450535720564263e-05
65.32582891097202 1.4913721853680828e-05
65.43018327025473 1.124057867833134e-05
65.53453762953744 1.687279366634514e-05
65.63889198882013 3.1094207561477125e-05
65.74324634810284 5.0498991377830966e-05
65.84760070738554 6.981276260709919e-05
65.95195506666823 8.163915438851712e-05
66.05630942595094 8.806026504436255e-05
66.16066378523364 8.970597744910832e-05
66.26501814451635 8.060174420308296e-05
66.36937250379904 6.450347286191418e-05
66.47372686308175 4.609447520284126e-05
66.57808122236446 2.7635999223933334e-05
66.68243558164717 1.4478641036091709e-05
66.78678994092986 9.159143673179448e-06
66.89114430021257 1.2861601694522072e-05
66.99549865949527 2.4833934670237245e-05
67.09985301877798 4.229385089614039e-05
67.20420737806067 6.05790876226654e-05
67.30856173734338 7.387745727315353e-05
67.41291609662608 8.221234776001942e-05
67.51727045590879 8.390409904292122e-05
67.62162481519148 7.60223203288859e-05
67.72597917447419 6.27374017316093e-05
67.8303335337569 4.708607282668678e-05
67.9346878930396 3.133931585642814e-05
68.0390422523223 2.0619838155911955e-05
68.143396611605 1.7742230371567336e-05
68.24775097088771 2.216999165304919e-05
68.3521053301704 3.1109847217128744e-05
68.45645968945311 4.212411230381041e-05
68.5608140487358 5.183653146414141e-05
68.66516840801852 5.610006177117846e-05
68.76952276730121 5.527709212753172e-05
68.87387712658392 5.036999159796538e-05
68.97823148586663 4.2328466720235835e-05
69.08258584514932 3.465035103868227e-05
69.18694020443203 2.7852071596618246e-05
69.29129456371473 2.1433971256643952e-05
69.39564892299744 1.8111650711047243e-05
69.50000328228013 1.9404584940155997e-05
69.60435764156284 2.3290334994412004e-05
69.70871200084554 2.7549822646455222e-05
69.81306636012825 3.2080604253532164e-05
69.91742071941096 3.4993705873437604e-05
70.02177507869366 3.3950658552900565e-05
70.12612943797636 2.9743902059939843e-05
70.23048379725907 2.313794369849075e-05
70.33483815654176 1.6210244497836615e-05
70.43919251582446 1.161993852607646e-05
70.54354687510717 9.037438450682147e-06
70.64790123438986 8.048094646183851e-06
70.75225559367257 9.59347028127474e-06
70.85660995295527 1.3635067232277013e-05
70.96096431223798 1.758559811018789e-05
71.06531867152069 2.020807442423718e-05
71.1696730308034 2.2149070364161777e-05
71.27402739008609 2.1326343378473447e-05
71.3783817493688 1.7970092810681418e-05
71.4827361086515 1.3687294507508053e-05
71.5870904679342 8.09692916978385e-06
71.6914448272169 3.497692923219546e-06
71.79579918649961 1.095490242634257e-06
71.9001535457823 5.884213012370902e-07
72.00450790506501 2.0762942493425267e-06
72.1088622643477 5.216314440692879e-06
72.21321662363042 1.011064916277724e-05
72.31757098291313 1.4536528898060684e-05
72.42192534219582 1.805424548234081e-05
72.52627970147853 2.0476809332167685e-05
72.63063406076122 1.8683773569788084e-05
72.73498842004393 1.4667016962316561e-05
72.83934277932663 1.006204499059402e-05
72.94369713860934 4.761693615433967e-06
73.04805149789203 1.3740693495455917e-06
73.15240585717474 5.561278050821767e-08
73.25676021645744 5.747441818255323e-07
73.36111457574015 1.975589788459074e-06
73.46546893502286 3.307054010137151e-06
73.56982329430555 5.187854391808918e-06
73.67417765358826 6.609430507113202e-06
73.77853201287095 8.824763618843148e-06
73.88288637215366 1.127065452320002e-05
73.98724073143636 1.147156811316794e-05
74.09159509071907 1.0978900209371792e-05
74.19594945000176 8.966063954371611e-06
74.30030380928447 5.382732224932808e-06
74.40465816856717 2.496771472608042e-06
74.50901252784989 6.985038507528652e-07
74.61336688713259 7.185441813543003e-07
74.7177212464153 1.7877719475915986e-06
74.82207560569799 3.1266177627664358e-06
74.9264299649807 3.825921653051074e-06
75.0307843242634 3.221485410215295e-06
75.13513868354609 2.8573987437176874e-06
75.2394930428288 2.372159525911838e-06
75.34384740211149 2.1338131509943373e-06
75.4482017613942 2.6807087885456503e-06
75.5525561206769 2.4094810013391016e-06
75.65691047995962 1.8635123603815902e-06
75.76126483924232 1.0825288955798511e-06
75.86561919852502 1.7541127942951105e-07
75.96997355780772 2.5417967042532953e-07
76.07432791709043 1.2261410363693148e-06
76.17868227637312 2.8639865523542126e-06
76.28303663565583 3.5400315057626577e-06
76.38739099493853 3.199283697171355e-06
76.49174535422124 2.439357210197446e-06
76.59609971350393 1.0017308536638914e-06
76.70045407278664 5.804970138485545e-07
76.80480843206935 1.054039398832867e-06
76.90916279135205 2.0918786450418864e-06
77.01351715063475 3.3255321629140855e-06
77.11787150991745 3.0548123914484096e-06
77.22222586920016 2.4196144483550122e-06
77.32658022848285 1.6531420388796032e-06
77.43093458776556 1.2232475195527492e-06
77.53528894704826 2.20325802019097e-06
77.63964330633097 3.1823191331500234e-06
77.74399766561366 4.2223506420817996e-06
77.84835202489637 4.234164448857844e-06
77.95270638417908 2.886467880447841e-06
78.05706074346178 2.015340933609747e-06
78.16141510274448 1.405689418532475e-06
78.26576946202718 2.283967038949305e-06
78.37012382130989 4.253325220053818e-06
78.47447818059258 5.750066180835967e-06
78.5788325398753 7.148300154691265e-06
78.68318689915799 6.73949718738826e-06
78.7875412584407 5.484001174313113e-06
78.89189561772339 4.6537341769654375e-06
78.9962499770061 3.665636782810313e-06
79.10060433628881 4.129953295786125e-06
79.20495869557152 4.8282795470641395e-06
79.30931305485421 5.14432054108202e-06
79.41366741413692 5.480807100844139e-06
79.51802177341962 4.4773226902314384e-06
79.62237613270231 3.6464531083445877e-06
79.72673049198502 3.3744878523194276e-06
79.83108485126772 3.611360975630872e-06
79.93543921055043 5.038547037061371e-06
80.03979356983312 5.887596953512573e-06
80.14414792911583 6.367375200423794e-06
80.24850228839854 6.194293140673158e-06
80.35285664768125 4.925823852454869e-06
80.45721100696395 4.40965145471893e-06
80.56156536624665 4.187738267654699e-06
80.66591972552935 4.624837123860457e-06
80.77027408481206 5.778638604296087e-06
80.87462844409475 6.157413038579766e-06
80.97898280337746 6.45140384726067e-06
81.08333716266016 6.041441164571281e-06
81.18769152194287 4.954382129344747e-06
81.29204588122558 4.38437154656663e-06
81.39640024050827 3.67764326163054e-06
81.50075459979098 3.440186183793968e-06
81.60510895907368 3.483906727647824e-06
81.70946331835638 3.169969199363898e-06
81.81381767763908 3.154811346541465e-06
81.91817203692179 2.915905680205272e-06
82.02252639620448 2.8885833641376708e-06
82.12688075548719 3.3769112262242643e-06
82.23123511476989 3.846867744875718e-06
82.3355894740526 4.807866743555774e-06
82.4399438333353 5.493244787729976e-06
82.544298192618 5.49489433729176e-06
82.64865255190071 5.2495685174524525e-06
82.7530069111834 4.325736003805098e-06
82.85736127046611 3.4390574041386033e-06
82.96171562974881 2.8147105334549824e-06
83.06606998903152 2.0693116921717286e-06
83.17042434831421 1.6615270313122195e-06
83.27477870759692 1.341000256916897e-06
83.37913306687962 1.196330457740106e-06
83.48348742616233 1.3875137421517423e-06
83.58784178544504 1.562190678721472e-06
83.69219614472775 2.0071981141326307e-06
83.79655050401044 2.442738826079515e-06
83.90090486329315 2.642523599777681e-06
84.00525922257584 2.886092635044448e-06
84.10961358185855 2.7768457543123087e-06
84.21396794114125 2.5336384488541153e-06
84.31832230042394 2.3285142933939295e-06
84.42267665970665 1.838856430001201e-06
84.52703101898935 1.4356760710115686e-06
84.63138537827206 1.0955551045595575e-06
84.73573973755477 7.670518958791274e-07
84.84009409683748 7.064317313157897e-07
84.94444845612017 6.726091517633873e-07
85.04880281540288 7.486680094498157e-07
85.15315717468557 8.776793885925914e-07
85.25751153396828 8.733781342072009e-07
85.36186589325098 9.599446054046099e-07
85.46622025253369 9.025675095515186e-07
85.57057461181638 7.491604695885469e-07
85.67492897109909 6.980945698251249e-07
85.77928333038179 5.553891312184191e-07
85.8836376896645 5.450177791830163e-07
85.9879920489472 5.799889925538239e-07
86.0923464082299 5.157128191194882e-07
86.19670076751261 5.62597076852231e-07
86.3010551267953 5.129701532316116e-07
86.40540948607801 5.258258514991155e-07
86.50976384536071 6.500946146452899e-07
86.61411820464342 6.254118313444698e-07
86.71847256392611 6.521520603344724e-07
86.82282692320882 5.732376777919075e-07
86.92718128249152 3.6253472624985343e-07
87.03153564177424 2.744611076820836e-07
87.13589000105694 1.4440363932701376e-07
87.24024436033963 2.7260654476757485e-08
87.34459871962234 9.15155687490394e-09
87.44895307890503 5.4284936940832124e-08
87.55330743818774 1.8211774465239472e-07
87.65766179747044 2.3416551627919823e-07
87.76201615675315 3.7405422875674747e-07
87.86637051603584 5.365275676471267e-07
87.97072487531855 5.552988952502917e-07
88.07507923460125 6.740169078070884e-07
88.17943359388397 6.681231667126626e-07
88.28378795316667 5.495040489403016e-07
88.38814231244938 5.905018055434504e-07
88.49249667173207 5.042381331016377e-07
88.59685103101478 3.227412006150702e-07
88.70120539029747 2.680000871804222e-07
88.80555974958018 2.0747687017704649e-07
88.90991410886288 1.388254075663411e-07
89.01426846814557 1.6360811298193036e-07
89.11862282742828 2.7205237503247915e-07
89.22297718671098 3.0925056306954884e-07
89.3273315459937 3.615519945405927e-07
89.4316859052764 5.202078152538259e-07
89.5360402645591 5.263643634695996e-07
89.6403946238418 5.335252518585915e-07
89.74474898312451 6.382774809901847e-07
89.8491033424072 5.477970259990111e-07
89.95345770168991 5.068232510035822e-07
90.05781206097261 5.878145096695972e-07
90.16216642025532 4.684084298618101e-07
90.26652077953801 3.5052880630118105e-07
90.37087513882072 3.79485655175692e-07
90.47522949810343 3.4939170498294486e-07
90.57958385738613 2.791020818192553e-07
90.68393821666884 3.283036012800686e-07
90.78829257595153 3.563245171913485e-07
90.89264693523424 3.2586370027080904e-07
90.99700129451693 4.1499183490142307e-07
91.10135565379964 4.4188561919709116e-07
91.20571001308234 3.433680618289633e-07
91.31006437236505 4.1683207807261823e-07
91.41441873164774 4.930978114907611e-07
91.51877309093047 3.9950201980574085e-07
91.62312745021316 4.175492492498612e-07
91.72748180949586 4.390348041834235e-07
91.83183616877857 3.4734367522051045e-07
91.93619052806126 3.435566648022326e-07
92.04054488734397 3.5605466369819495e-07
92.14489924662666 2.5886863463650863e-07
92.24925360590937 2.457679411641749e-07
92.35360796519207 3.15513245461473e-07
92.45796232447478 2.540874184583212e-07
92.56231668375747 2.1061558549015638e-07
92.6666710430402 2.776450233540578e-07
92.77102540232289 2.553755512418819e-07
92.8753797616056 2.264722797402694e-07
92.9797341208883 2.9796764500578364e-07
93.084088480171 2.765538389457078e-07
93.1884428394537 2.381746617854509e-07
93.29279719873641 2.958000941255622e-07
93.3971515580191 2.673759667885561e-07
93.5015059173018 1.976456500346715e-07
93.60586027658451 2.2669348479188423e-07
93.7102146358672 2.1219362167718188e-07
93.81456899514993 1.4372862588638948e-07
93.91892335443262 1.6262501860718585e-07
94.02327771371533 1.7008494476970753e-07
94.12763207299803 1.0426442978200986e-07
94.23198643228073 1.1233187828880152e-07
94.33634079156343 1.4592107256336497e-07
94.44069515084614 1.1383649957377943e-07
94.54504951012883 1.2940441777366617e-07
94.64940386941154 1.5651429773944138e-07
94.75375822869424 1.2572130932424599e-07
94.85811258797695 1.3551213493572827e-07
94.96246694725966 1.6127721352506294e-07
95.06682130654235 1.0691949467214765e-07
95.17117566582506 8.679330150956917e-08
95.27553002510776 1.2018352278138623e-07
95.37988438439046 9.037348161642562e-08
95.48423874367316 5.035056416296762e-08
95.58859310295587 6.104202335421044e-08
95.69294746223856 5.642918311274908e-08
95.79730182152127 3.7435592029051206e-08
95.90165618080397 5.457813042907788e-08
96.00601054008668 4.7887826930218944e-08
96.11036489936939 3.6703481089128915e-08
96.2147192586521 6.396145678480174e-08
96.31907361793479 6.768099772129707e-08
96.42342797721749 4.09500404268924e-08
96.5277823365002 4.997999816789167e-08
96.63213669578289 6.198613368249112e-08
96.7364910550656 3.957135821609731e-08
96.8408454143483 3.3381670923955266e-08
96.945199773631 3.661808491193892e-08
97.0495541329137 2.138725172505285e-08
97.15390849219641 1.3067545830111092e-08
97.25826285147912 1.7379180842821993e-08
97.36261721076183 9.00009108433847e-09
97.46697157004452 6.852593888757942e-09
97.57132592932723 1.597654283534952e-08
97.67568028860993 1.2555104366622232e-08
97.78003464789263 1.0830482480096297e-08
97.88438900717533 2.053072929514759e-08
97.98874336645804 1.736785646330358e-08
98.09309772574073 1.0847948160680134e-08
98.19745208502343 1.7787703129976502e-08
98.30180644430614 1.8618406494054997e-08
98.40616080358885 7.602539561316579e-09
98.51051516287156 6.3449871143332714e-09
98.61486952215425 8.876791718588028e-09
98.71922388143696 3.798979905680533e-09
98.82357824071966 1.3773149283017778e-09
98.92793260000236 1.6563662368807e-09
99.03228695928506 5.004663029046906e-10
99.13664131856777 9.303877705276721e-10
99.24099567785046 4.554642750159762e-09
99.34535003713317 1.5096978681299687e-09
99.44970439641587 1.4134334030046999e-09
99.55405875569858 4.9157641339258434e-09
99.65841311498129 5.46635651584054e-09
99.76276747426398 2.411645456049614e-09
99.86712183354669 2.995562053631143e-09
99.97147619282939 4.798669713652976e-09
100.0758305521121 2.2314907314447295e-09
100.18018491139479 9.320264226560764e-10
100.2845392706775 1.1120246005065105e-09
100.3888936299602 1.981033631629536e-09
100.4932479892429 6.676892625520424e-11
100.5976023485256 2.560800993085938e-10
100.70195670780832 4.912308190414677e-10
100.80631106709102 1.4259263424962558e-09
100.91066542637373 4.775967233388589e-10
101.01501978565642 8.061579857104848e-11
101.11937414493912 1.672158320259695e-09
101.22372850422182 1.9494110907409804e-09
101.32808286350452 7.47795050540715e-10
101.43243722278723 9.335699401735237e-11
101.53679158206992 1.3279213141456548e-09
101.64114594135263 1.4318277319955375e-09
101.74550030063534 6.716911197829878e-10
101.84985465991805 3.6466047524009984e-11
101.95420901920075 1.2779573773884118e-09
102.05856337848346 1.9611638416799104e-09
102.16291773776615 4.30817912507531e-10
102.26727209704886 1.6344998848008475e-10
102.37162645633155 2.4654733251070665e-09
102.47598081561426 2.0345926968180357e-09
102.58033517489696 3.842033016607767e-10
102.68468953417967 3.874989188991428e-10
102.78904389346236 2.5235049726578817e-09
102.89339825274507 9.086093978369811e-10
102.99775261202778 4.677872438119667e-10
103.10210697131048 5.061215416999433e-10
103.20646133059319 1.0053842100628498e-09
103.31081568987588 1.3617100935963886e-09
103.41517004915859 5.956408015796803e-10
103.51952440844128 5.560785414597216e-10
103.623878767724 1.0993940097025931e-09
103.72823312700669 3.366147739248154e-09
103.8325874862894 2.8785273806171683e-10
103.9369418455721 7.992703401038969e-10
104.0412962048548 2.616792652972088e-09
104.14565056413751 3.0925895099894295e-09
104.2500049234202 2.8727901034529886e-11
104.35435928270292 9.937952834273332e-10
104.45871364198561 2.8506625235156237e-09
104.56306800126832 9.841111375925588e-10
104.66742236055102 4.890547451693657e-10
104.77177671983372 7.166888168384463e-10
104.87613107911642 2.618732657186374e-09
104.98048543839913 6.742442659297535e-10
105.08483979768182 4.497842211408535e-10
105.18919415696455 9.93877234379358e-10
105.29354851624724 2.7158050534713346e-09
105.39790287552995 1.613881899860746e-09
105.50225723481265 1.0630352667383883e-10
105.60661159409534 1.906485647688041e-09
105.71096595337805 2.9763479329397164e-09
105.81532031266075 1.1407340938331662e-09
105.91967467194345 1.9736090677778937e-10
106.02402903122615 2.3320185532852226e-09
106.12838339050886 2.352051679481727e-09
106.23273774979155 4.6522101277816056e-10
106.33709210907428 4.385938723639973e-10
106.44144646835697 1.9428669820732183e-09
106.54580082763968 2.1452816707929147e-09
106.65015518692238 7.633017469757262e-10
106.75450954620509 2.708075476070942e-10
106.85886390548778 2.436738781870447e-09
106.96321826477049 1.9927889341704297e-09
107.06757262405318 9.45875581703019e-10
107.1719269833359 4.2524738306847096e-10
107.27628134261859 3.2958321813596425e-09
107.38063570190128 1.9751821806476766e-09
107.484990061184 4.4922828516866613e-10
107.5893444204667 1.4505146011295451e-09
107.69369877974941 2.3956580548347662e-09
107.7980531390321 2.007007494165136e-09
107.90240749831482 2.0001009415277166e-10
108.00676185759751 1.429698167275049e-09
108.11111621688022 1.485877017695313e-09
108.21547057616291 2.76377521292786e-09
108.31982493544562 8.621849627179551e-11
108.42417929472832 8.508132313936203e-10
108.52853365401103 2.6782422819939903e-09
108.63288801329374 2.5211096634676325e-09
108.73724237257643 4.557439109755828e-11
108.84159673185914 9.64310995833669e-10
108.94595109114184 3.840301386061774e-09
109.05030545042455 1.0106201837647605e-09
109.15465980970724 2.871455217817886e-10
109.25901416898995 1.4024925178700635e-09
109.36336852827264 2.6697793848241814e-09
109.46772288755535 4.62890132125195e-10
109.57207724683805 3.662975779406109e-10
109.67643160612076 1.23306860998172e-09
109.78078596540345 1.7656861851019914e-09
109.88514032468616 1.131923338592141e-09
109.98949468396886 2.382514626047755e-11
110.09384904325157 1.5227273446997645e-09
110.19820340253426 2.901042413543605e-09
110.30255776181698 1.1456251268549316e-09
110.4069121210997 1.6288846594938965e-10
110.51126648038239 2.4219436656612226e-09
110.6156208396651 2.6345859884229444e-09
110.7199751989478 2.42607005420906e-10
110.8243295582305 4.573836776025347e-10
110.9286839175132 2.1083726724685654e-09
111.0330382767959 1.171568164791841e-09
111.1373926360786 2.506648442332997e-10
111.24174699536131 2.7521117758979505e-10
111.346101354644 1.2135028445493296e-09
111.45045571392671 8.099611806895685e-10
111.55481007320941 9.508992910284265e-10
111.65916443249212 1.1074082662620443e-10
111.76351879177481 1.4745371516163135e-09
111.86787315105752 2.055802575774003e-09
111.97222751034022 8.081035041755965e-10
112.07658186962291 9.837037990822599e-10
112.18093622890562 1.8981923763928195e-09
112.28529058818832 1.9120479531486138e-09
112.38964494747103 2.449101289594624e-10
112.49399930675372 1.498006949754831e-09
112.59835366603646 1.2366753894402107e-09
112.70270802531915 8.789852360620798e-10
112.80706238460186 1.5003557976315233e-10
112.91141674388456 5.826352359136032e-10
113.01577110316725 6.196060696625672e-10
113.12012546244996 6.185168494252535e-10
113.22447982173266 3.308611984369672e-10
113.32883418101537 1.3654502062802398e-11
113.43318854029806 1.6018185531491183e-09
113.53754289958077 1.1370336539370394e-09
113.64189725886347 2.0456653884187463e-10
113.74625161814618 8.212519757051658e-10
113.85060597742887 2.3627614272818268e-09
113.95496033671158 8.729726866891455e-10
114.05931469599427 1.582937913790628e-10
114.16366905527698 1.4386572692378537e-09
114.26802341455968 1.3521366993431733e-09
114.37237777384239 1.0617419722891755e-10
114.47673213312508 2.2753264502410982e-10
114.58108649240779 5.997102647223608e-10
114.68544085169049 2.377151575812765e-10
114.7897952109732 2.5023289176494997e-10
114.89414957025592 2.540533874498218e-10
114.99850392953861 5.6606319665427253e-11
115.10285828882132 8.020822967460001e-10
115.20721264810402 8.143291146485169e-10
115.31156700738673 2.3006333532925702e-10
115.41592136666942 1.0054723163604626e-09
115.52027572595213 1.7332711913115787e-09
115.62463008523483 7.409364039190504e-10
115.72898444451754 3.0096328929354173e-10
115.83333880380023 1.8610499806190223e-09
115.93769316308294 9.233594429728325e-10
116.04204752236564 9.936205316871987e-11
116.14640188164834 4.3564673500110007e-10
116.25075624093104 1.1039164317611406e-09
116.35511060021375 8.08926821594054e-11
116.45946495949644 2.0504981554501972e-10
116.56381931877915 3.2408965108034147e-10
116.66817367806185 7.994006296938654e-11
116.77252803734454 9.24660691560146e-10
116.87688239662725 6.414910758254207e-10
116.98123675590995 3.245111108225804e-11
117.08559111519266 5.469672995496196e-10
117.18994547447538 2.2391031077621777e-09
117.29429983375809 3.9915271937583477e-10
117.39865419304078 1.9320144237701898e-10
117.5030085523235 1.649780268334512e-09
117.60736291160619 1.535156402599831e-09
117.71171727088888 3.940335873619173e-11
117.81607163017159 6.757283177202655e-10
117.92042598945429 1.2739351102549577e-09
118.024780348737 1.431093132619809e-10
118.12913470801969 4.807946463825244e-10
118.2334890673024 5.209498423649478e-10
118.3378434265851 2.8493923177796805e-10
118.4421977858678 5.381307927854962e-10
118.5465521451505 7.478937123386258e-10
118.65090650443321 5.5892248459971557e-11
118.7552608637159 8.871390488206839e-10
118.85961522299861 1.3891472301569035e-09
118.96396958228131 1.3490253568095753e-10
119.06832394156402 6.210241423551198e-10
119.17267830084671 2.159593649764432e-09
119.27703266012942 7.420282146167753e-10
119.38138701941214 1.4883242709497988e-10
119.48574137869484 1.4895481897490292e-09
119.59009573797755 1.5030464016983612e-09
119.69445009726024 2.565210005787748e-11
119.79880445654295 7.826233273565041e-10
119.90315881582565 9.96851334524469e-10
120.00751317510836 3.511718906536174e-10
120.11186753439105 8.458239158253359e-10
120.21622189367376 4.6264569806065864e-10
120.32057625295646 5.358981125982512e-10
120.42493061223917 8.060698428910444e-10
120.52928497152186 1.319787050791314e-09
120.63363933080457 2.1797940254399486e-11
120.73799369008727 1.438682726373105e-09
120.84234804936997 1.584897566561303e-09
120.94670240865267 4.5262345355712603e-10
121.05105676793538 1.0433854375469742e-09
121.15541112721807 2.0177823297851728e-09
121.25976548650077 9.59122297031966e-10
121.36411984578348 3.312223109998442e-11
121.46847420506617 1.935428612156376e-09
121.57282856434888 9.078791160264979e-10
121.6771829236316 4.562491836364772e-10
121.78153728291431 5.468237862628984e-10
121.88589164219701 9.17357953022428e-10
121.99024600147972 6.471586687055453e-10
122.09460036076241 1.0320858597936872e-09
122.19895472004512 4.916721270127991e-10
122.30330907932782 2.957047671186072e-10
122.40766343861051 1.919033142124549e-09
122.51201779789322 1.0919598353422803e-09
122.61637215717592 6.968927979455463e-11
122.72072651645863 1.3617462067340577e-09
122.82508087574132 2.118455846331149e-09
122.92943523502403 2.8475731772517847e-10
123.03378959430673 5.601669899727687e-10
123.13814395358943 1.8212949074034707e-09
123.24249831287213 8.949739915643823e-10
123.34685267215484 1.9970566970514144e-10
123.45120703143753 1.0188635735658653e-09
123.55556139072024 8.221732725729569e-10
123.65991575000294 7.71994103246466e-10
123.76427010928565 5.366931304778006e-10
123.86862446856834 4.761889256403486e-10
123.97297882785107 8.166834042446686e-10
124.07733318713377 1.5778880461871412e-09
124.18168754641647 3.0186852545814247e-10
124.28604190569918 2.568460813550613e-10
124.39039626498187 2.1088644789875874e-09
124.49475062426458 1.260200970683282e-09
124.59910498354728 9.477038624273481e-11
124.70345934282999 7.987643906542486e-10
124.80781370211268 2.2303205140550493e-09
124.91216806139539 2.715982210029188e-10
125.01652242067809 3.5860504976591635e-10
125.1208767799608 9.731472057624727e-10
125.22523113924349 9.945827215841512e-10
125.3295854985262 4.1173808793088037e-10
125.4339398578089 3.504218084417555e-10
125.5382942170916 7.175056439518824e-10
125.6426485763743 6.731721857170823e-10
125.74700293565701 9.510741137264563e-10
125.8513572949397 3.1994705243643296e-11
125.9557116542224 9.688958492686972e-10
126.06006601350511 1.1612280009278389e-09
126.1644203727878 6.232686639304846e-10
126.26877473207054 2.2574788599839222e-10
126.37312909135323 1.2640538865686002e-09
126.47748345063594 1.0643524723622934e-09
126.58183780991864 9.822677883673982e-11
126.68619216920135 5.978682211280646e-10
126.79054652848404 9.102912609392525e-10
126.89490088776674 5.628936888497949e-10
126.99925524704945 1.5000914524677473e-10
127.10360960633214 3.9094538402896037e-10
127.20796396561485 5.509205850026463e-10
127.31231832489755 6.234364039514219e-10
127.41667268418026 2.599162853970772e-10
127.52102704346295 1.696932284076284e-10
127.62538140274566 7.582218497493178e-10
127.72973576202835 7.85514858325675e-10
127.83409012131106 7.440497223406158e-11
127.93844448059376 4.4317442866180837e-10
128.04279883987647 8.519040919129382e-10
128.14715319915916 6.150040359337976e-10
128.25150755844186 1.3303613991295733e-11
128.35586191772458 5.978310028001036e-10
128.4602162770073 6.593652507138221e-10
128.56457063629 3.3649541565796425e-10
128.6689249955727 1.3747480169545765e-10
128.7732793548554 3.009000254310092e-10
128.8776337141381 6.380662475096428e-10
128.9819880734208 2.0187023489895225e-10
129.0863424327035 1.507929080380511e-10
129.1906967919862 1.7337405688736835e-10
129.29505115126892 8.150235338092801e-10
129.39940551055162 1.639797449721678e-10
129.5037598698343 5.426129843891671e-11
129.608114229117 4.5035054045346334e-10
129.71246858839973 7.220884387133429e-10
129.81682294768243 1.365662569302018e-10
129.92117730696512 8.69927973513726e-12
130.02553166624782 6.621362732186985e-10
130.12988602553054 3.913998475470022e-10
130.23424038481323 1.255686772169445e-10
130.33859474409593 6.713713525676421e-11
130.44294910337862 5.725488847627715e-10
130.54730346266132 2.1224978257266247e-10
130.65165782194404 1.292994379462634e-10
130.75601218122677 1.2770156477322027e-10
130.86036654050946 3.335212089900266e-10
130.96472089979216 3.139853028529086e-10
131.06907525907488 1.117895916465565e-10
131.17342961835757 1.1130132209963604e-10
131.27778397764027 3.3208144902427243e-10
131.38213833692296 4.2109034168589253e-10
131.4864926962057 7.681047974720786e-11
131.59084705548838 1.1246455803078478e-10
131.69520141477108 4.52528624331686e-10
131.79955577405377 3.4844262508034467e-10
131.90391013333647 6.184862570911942e-11
132.0082644926192 2.0711457076927116e-10
132.11261885190189 4.513820216860754e-10
132.21697321118458 2.8308924287283743e-10
132.32132757046728 4.455278492544295e-11
132.42568192975 3.305486648847997e-10
132.5300362890327 3.0103295719941656e-10
132.6343906483154 3.305297235652225e-10
132.73874500759808 4.499747628360881e-11
132.8430993668808 3.52873731229991e-10
132.9474537261635 2.8884154632025146e-10
133.05180808544623 3.9286932898662566e-10
133.15616244472892 9.114195192486564e-11
133.26051680401162 2.386825193238039e-10
133.36487116329434 5.699641422720085e-10
133.46922552257703 3.189665432045455e-10
133.57357988185973 1.5305345780394204e-10
133.67793424114242 2.4752533103097264e-10
133.78228860042515 8.463722281857381e-10
133.88664295970784 1.1832144338150446e-10
133.99099731899054 2.130349275006756e-10
134.09535167827323 4.736704037389412e-10
134.19970603755596 6.460815424873398e-10
134.30406039683865 1.0692917854795953e-10
134.40841475612135 2.686909711596797e-10
134.51276911540404 5.705626504683605e-10
134.61712347468676 3.238488274304642e-10
134.72147783396946 3.194545736151847e-10
134.82583219325215 2.1778301815591167e-10
134.93018655253485 5.320622962173089e-10
135.03454091181757 4.1593345918249827e-10
135.13889527110027 3.100658452228832e-10
135.24324963038296 2.4544959072424496e-10
135.34760398966569 6.760277623828814e-10
135.45195834894838 5.533562090908009e-10
135.5563127082311 1.1838198102470389e-10
135.6606670675138 5.190088835985767e-10
135.7650214267965 8.155764344967529e-10
135.8693757860792 3.532664620959958e-10
135.9737301453619 2.2448388054779822e-10
136.0780845046446 6.619336403538993e-10
136.1824388639273 6.523972081372359e-10
136.28679322321 2.4732508011122267e-10
136.3911475824927 4.1987781599555947e-10
136.49550194177542 5.203433101259358e-10
136.5998563010581 5.463823441052921e-10
136.7042106603408 4.793556243308944e-10
136.8085650196235 2.5591344899882827e-10
136.91291937890622 6.326861905349373e-10
137.01727373818892 6.560039683836913e-10
137.1216280974716 5.000327638380158e-10
137.2259824567543 1.9217386106625807e-10
137.33033681603703 9.96470049008837e-10
137.43469117531973 6.521807449922755e-10
137.53904553460242 2.1525494804188542e-10
137.64339989388515 6.558460447896135e-10
137.74775425316784 9.01484136580242e-10
137.85210861245056 5.091383125978148e-10
137.95646297173326 1.5163208807212246e-10
138.06081733101595 9.244129864366746e-10
138.16517169029865 4.584875353428185e-10
138.26952604958137 6.033226587751089e-10
138.37388040886407 2.749753821128742e-10
138.47823476814676 5.705871303033406e-10
138.58258912742946 6.278079278600475e-10
138.68694348671218 7.062790385246873e-10
138.79129784599488 2.355343114629911e-10
138.89565220527757 4.4639399656264314e-10
139.00000656456027 1.144659272547298e-09
139.104360923843 3.792115402504542e-10
139.20871528312568 2.9716085131097885e-10
139.31306964240838 8.041525580278028e-10
139.41742400169107 9.464835793202222e-10
139.5217783609738 1.1770115264501718e-10
139.6261327202565 5.605591372412828e-10
139.7304870795392 7.8189565692752e-10
139.8348414388219 4.652234451765782e-10
139.9391957981046 3.01262125153016e-10
140.04355015738733 5.108642830253661e-10
140.14790451667002 4.710968240678364e-10
140.25225887595272 6.610055860305232e-10
140.35661323523541 3.1835783120350935e-10
140.46096759451814 2.935183080060162e-10
140.56532195380083 7.073325338097165e-10
140.66967631308353 8.880958851580049e-10
140.77403067236622 8.622353892161946e-11
140.87838503164892 4.4160673455499836e-10
140.98273939093164 1.0387667721128664e-09
141.08709375021434 4.45218000527146e-10
141.19144810949703 2.225411178291487e-10
141.29580246877973 5.668445112051824e-10
141.40015682806245 7.933500031904202e-10
141.50451118734514 1.2544226935552274e-10
141.60886554662784 4.5937910826590853e-10
141.71321990591053 3.433330903986073e-10
141.81757426519326 5.412101874707878e-10
141.92192862447595 3.2162878684378773e-10
142.02628298375865 2.3017209383331869e-10
142.13063734304137 3.994813133376577e-10
142.23499170232407 6.638237087851658e-10
142.3393460616068 3.514062121814783e-10
142.44370042088948 5.2859788027046705e-11
142.54805478017218 8.02100137538473e-10
142.65240913945487 6.089047366494846e-10
142.7567634987376 1.112123531399988e-10
142.8611178580203 3.3804681965313167e-10
142.965472217303 7.076223375206093e-10
143.06982657658568 3.111962952708003e-10
143.1741809358684 7.038466064883388e-11
143.2785352951511 4.6088538750149257e-10
143.3828896544338 2.7216095403394867e-10
143.4872440137165 3.327746636969235e-10
143.59159837299921 1.5438541176084796e-10
143.6959527322819 1.873179679500047e-10
143.8003070915646 3.4841823642705356e-10
143.9046614508473 5.09010143469719e-10
144.00901581013002 7.186178940182264e-11
144.11337016941272 1.4631680304471616e-10
144.2177245286954 6.959350186397483e-10
144.3220788879781 3.420198612377944e-10
144.42643324726083 3.760900535650649e-11
144.53078760654356 3.7445456864336116e-10
144.63514196582625 5.320540920669048e-10
144.73949632510895 8.785225619820625e-11
144.84385068439164 1.7209872587741031e-10
144.94820504367436 3.119133396838181e-10
145.05255940295706 2.262405930950333e-10
145.15691376223975 1.1244361496262174e-10
145.26126812152245 1.978804900128992e-10
145.36562248080517 7.561250640786659e-11
145.46997684008787 4.3660519010890193e-10
145.57433119937056 1.713588413842648e-10
145.67868555865326 8.366660661911811e-11
145.78303991793595 1.6374311977215097e-10
145.88739427721868 7.228956950943281e-10
145.99174863650137 4.2041484265527285e-11
146.09610299578407 1.0483588403412363e-10
146.20045735506676 3.6675235615962527e-10
146.30481171434948 5.482889687275759e-10
146.40916607363218 2.7767807095402384e-11
146.51352043291487 2.0244491458879358e-10
146.61787479219757 3.0453284503691566e-10
146.7222291514803 1.5909988394962383e-10
146.82658351076302 2.0586620841907538e-10
146.9309378700457 1.0049564624823966e-10
147.0352922293284 2.659192861278733e-10
147.1396465886111 1.477967130484178e-10
147.24400094789382 2.431731574366331e-10
147.34835530717652 7.75746012706046e-12
147.4527096664592 4.5480753984342754e-10
147.5570640257419 2.833967661272529e-10
147.66141838502463 6.287284632929149e-11
147.76577274430733 1.2635034611283533e-10
147.87012710359002 5.880540245691161e-10
147.97448146287272 1.508714464684163e-10
148.07883582215544 1.0561421032468757e-10
148.18319018143814 2.1289432726251344e-10
148.28754454072083 4.207012415134862e-10
148.39189890000353 3.507096394353367e-11
148.49625325928625 3.3062224927389697e-10
148.60060761856894 9.639888209202574e-11
148.70496197785164 3.4226145079563056e-10
148.80931633713433 1.360414384821725e-10
148.91367069641706 2.8311243677606044e-10
149.01802505569978 1.088958631058855e-10
149.12237941498248 5.767238837624307e-10
149.22673377426517 1.5615905885957677e-10
149.33108813354787 1.0102265025490308e-10
149.4354424928306 3.912495594562141e-10
149.53979685211328 5.88537740883582e-10
149.64415121139598 5.608274532143194e-11
149.74850557067867 2.2179462276040393e-10
149.8528599299614 4.491302664613521e-10
149.9572142892441 3.2601926973002374e-10
150.0615686485268 1.3234424161334563e-10
150.16592300780948 4.1633872380369225e-10
150.27027736709218 2.2803677793919872e-10
150.3746317263749 3.240284756977983e-10
150.4789860856576 2.6128373523570857e-10
150.5833404449403 2.812567847620381e-10
150.68769480422299 4.0866130035171783e-10
150.7920491635057 4.862081515738884e-10
150.8964035227884 2.4592154334513437e-10
151.0007578820711 1.1383916953820374e-10
151.1051122413538 8.919260480450711e-10
151.20946660063652 3.082071188134973e-10
151.31382095991924 3.633012117016837e-10
151.41817531920194 1.8973291572482142e-10
151.52252967848463 9.121434997950001e-10
151.62688403776733 4.138808522781476e-11
151.73123839705005 6.381070418013487e-10
151.83559275633274 2.1191243269148745e-10
151.93994711561544 6.091144315809133e-10
152.04430147489813 1.222762824670145e-10
152.14865583418086 6.182578829881783e-10
152.25301019346355 1.7453677227282551e-10
152.35736455274625 6.581358296322434e-10
152.46171891202894 2.0700728945311524e-10
152.56607327131167 3.604843198327072e-10
152.67042763059436 3.7155491757451063e-10
152.77478198987706 8.175111005906568e-10
152.87913634915975 9.996520079489643e-11
152.98349070844247 4.0764272210934967e-10
153.08784506772517 5.876488990133475e-10
153.19219942700786 5.56057796987906e-10
153.29655378629056 2.2094239208302838e-10
153.40090814557328 5.421575207901935e-10
153.505262504856 5.354482815814569e-10
153.6096168641387 2.5844438767112045e-10
153.7139712234214 5.07468296771489e-10
153.8183255827041 3.394036365868648e-10
153.92267994198681 5.420624985539367e-10
154.0270343012695 2.859215332680998e-10
154.1313886605522 4.3839041712594714e-10
154.2357430198349 2.28153103489941e-10
154.34009737911762 7.13196898046884e-10
154.44445173840032 2.9155737617760815e-10
154.548806097683 2.562261800654706e-10
154.6531604569657 4.866793380981122e-10
154.7575148162484 6.168629145484672e-10
154.86186917553113 1.659650673543899e-10
154.96622353481382 4.149627918004174e-10
155.07057789409652 5.420963631770406e-10
155.1749322533792 4.069094333300937e-10
155.27928661266193 1.6744732632346422e-10
155.38364097194463 5.733152601823884e-10
155.48799533122732 2.8930039208257795e-10
155.59234969051002 5.024295663347859e-10
155.69670404979274 1.8545115947436036e-10
155.80105840907547 4.4593219023104247e-10
155.90541276835816 3.180442581128612e-10
156.00976712764086 6.212208647730722e-10
156.11412148692355 1.2732468039192667e-10
156.21847584620627 3.6455553668070217e-10
156.32283020548897 5.491357126151694e-10
156.42718456477166 3.9242817554812187e-10
156.53153892405436 1.957159853652282e-10
156.63589328333708 4.3428728070619365e-10
156.74024764261978 5.179393902421022e-10
156.84460200190247 1.7499721612092947e-10
156.94895636118517 3.315696843879809e-10
157.0533107204679 3.768898509766538e-10
157.1576650797506 3.6866054426956017e-10
157.26201943903328 2.0294786063543248e-10
157.36637379831598 3.136647217366839e-10
157.4707281575987 2.641609244691612e-10
157.5750825168814 4.386542036121762e-10
157.6794368761641 1.8785395666959476e-10
157.78379123544678 2.4787654793376705e-10
157.8881455947295 2.794991313181121e-10
157.9924999540122 5.258654189754087e-10
158.09685431329493 6.803077383266146e-11
158.20120867257762 3.1788754950381196e-10
158.30556303186032 3.271429897298318e-10
158.40991739114304 3.7914839773215685e-10
158.51427175042573 8.870678348741664e-11
158.61862610970843 3.2063492988256713e-10
158.72298046899112 3.1314592166655487e-10
158.82733482827385 2.0354818436959458e-10
158.93168918755654 2.08302903195296e-10
159.03604354683924 1.7168209982088688e-10
159.14039790612193 3.3841292138854865e-10
159.24475226540463 1.6383159660794676e-10
159.34910662468735 1.830831947230978e-10
159.45346098397005 1.3278774625974373e-10
159.55781534325274 3.942614148587973e-10
159.66216970253544 1.532975331774033e-10
159.76652406181816 8.812696123972729e-11
159.87087842110085 2.5826331782144604e-10
159.97523278038355 3.1405512401596516e-10
160.07958713966624 1.059263503757197e-10
160.18394149894897 9.964516092586487e-11
160.28829585823166 2.9535578825556187e-10
160.3926502175144 1.9378821905482747e-10
160.49700457679708 1.002493276211259e-10
160.60135893607978 1.451794210136433e-10
160.7057132953625 1.8739055646091904e-10
160.8100676546452 1.9097711930909764e-10
160.9144220139279 1.0116983496763351e-10
161.01877637321059 1.2610368261780153e-10
161.1231307324933 1.6920397709680578e-10
161.227485091776 2.3351188416376825e-10
161.3318394510587 7.349128032468738e-11
161.4361938103414 1.0188679094034594e-10
161.54054816962412 2.3540631568897826e-10
161.6449025289068 1.7440110763616818e-10
161.7492568881895 6.111868580943405e-11
161.8536112474722 1.4391544198482948e-10
161.95796560675493 2.3515310575912783e-10
162.06231996603762 1.1688440033869344e-10
162.16667432532032 7.064142041442062e-11
162.271028684603 1.7254138004944578e-10
162.37538304388573 1.5146508164902963e-10
162.47973740316843 1.5077559631657922e-10
162.58409176245115 7.101627953532241e-11
162.68844612173385 1.6538686271261723e-10
162.79280048101654 1.420337571111919e-10
162.89715484029927 1.8613361272719492e-10
163.00150919958196 6.536643852459853e-11
163.10586355886466 1.3962721863072702e-10
163.21021791814735 2.306020946729452e-10
163.31457227743007 1.3316054196757028e-10
163.41892663671277 1.1461730206978898e-10
163.52328099599546 1.3613996277601972e-10
163.62763535527816 2.8293535743245776e-10
163.73198971456088 5.560583947010649e-11
163.83634407384358 1.727237463589295e-10
163.94069843312627 1.5273934067310785e-10
164.04505279240897 2.4756638952879677e-10
164.14940715169166 8.266553074312308e-11
164.25376151097439 1.6600552037205245e-10
164.35811587025708 1.9376996430462679e-10
164.46247022953978 1.9683751541086532e-10
164.56682458882247 1.424349237508827e-10
164.6711789481052 1.1891821843259698e-10
164.7755333073879 2.63324923777731e-10
164.8798876666706 2.015589232224987e-10
164.9842420259533 1.4027729060032993e-10
165.088596385236 1.46409258673056e-10
165.19295074451873 3.0197058238471093e-10
165.29730510380142 1.951561976366355e-10
165.40165946308412 1.206713916669758e-10
165.5060138223668 2.207843136833088e-10
165.61036818164953 3.030493343518288e-10
165.71472254093223 1.7380455753780928e-10
165.81907690021492 1.723814741775413e-10
165.92343125949762 2.2724225524825393e-10
166.02778561878034 2.957772361201937e-10
166.13213997806304 1.6184023911682907e-10
166.23649433734573 2.2220494789525544e-10
166.34084869662843 2.2297961509495535e-10
166.44520305591115 3.2171676089323036e-10
166.54955741519385 1.9815572105773102e-10
166.65391177447654 1.835595405248349e-10
166.75826613375924 3.039751240718227e-10
166.86262049304196 2.933149792728282e-10
166.96697485232465 2.2704779742630236e-10
167.07132921160735 1.5915203888610282e-10
167.17568357089007 4.304391932528404e-10
167.28003793017277 2.4428731997458963e-10
167.3843922894555 2.1621506696265839e-10
167.48874664873819 2.3259803118583037e-10
167.59310100802088 3.948349733038497e-10
167.69745536730358 2.5697560401454007e-10
167.8018097265863 1.9981168967743656e-10
167.906164085869 3.323525890612064e-10
168.0105184451517 2.9459377285361957e-10
168.11487280443438 3.3412924916217536e-10
168.2192271637171 1.7559686321992732e-10
168.3235815229998 3.3115352579797915e-10
168.4279358822825 3.2442173870770054e-10
168.5322902415652 3.452599541640712e-10
168.6366446008479 1.9120160437721537e-10
168.7409989601306 3.21937171851351e-10
168.8453533194133 4.229347679128368e-10
168.949707678696 2.3688581972547394e-10
169.0540620379787 2.442716292112774e-10
169.15841639726142 3.5939229687203853e-10
169.2627707565441 4.115844824123323e-10
169.3671251158268 1.9907177635902684e-10
169.47147947510953 2.914702697340626e-10
169.57583383439223 3.703006341815725e-10
169.68018819367495 3.311368050560638e-10
169.78454255295765 2.4445115489844796e-10
169.88889691224034 2.76013153588485e-10
169.99325127152304 3.555514619224025e-10
170.09760563080576 3.627776596439479e-10
170.20195999008845 2.339707339506164e-10
170.30631434937115 2.6991926104017057e-10
170.41066870865384 3.660856168656007e-10
170.51502306793657 3.752651196441693e-10
170.61937742721926 1.686289276714049e-10
170.72373178650196 3.2494993737251744e-10
170.82808614578465 4.135451320994015e-10
170.93244050506738 2.815823603130957e-10
171.03679486435007 2.1813644027350856e-10
171.14114922363277 3.1213004089587254e-10
171.24550358291546 3.9946168523927165e-10
171.34985794219818 1.8948644136858208e-10
171.45421230148088 3.076287028182153e-10
171.55856666076357 2.484994238891925e-10
171.6629210200463 3.9137850443362396e-10
171.767275379329 2.1730658546417926e-10
171.87162973861172 2.4065439919039056e-10
171.9759840978944 2.7594844841089173e-10
172.0803384571771 3.665952482688202e-10
172.1846928164598 2.4620986673039726e-10
172.28904717574252 1.520564784420657e-10
172.39340153502522 4.0508724238374717e-10
172.49775589430791 2.78309741963509e-10
172.6021102535906 2.0557149275777078e-10
172.70646461287333 1.8977837719483263e-10
172.81081897215603 3.866399728115941e-10
172.91517333143872 2.0724973235852534e-10
173.01952769072142 2.0197306702968125e-10
173.1238820500041 2.5086389576164726e-10
173.22823640928684 2.5852429980915416e-10
173.33259076856953 2.3913729588651175e-10
173.43694512785223 1.7958466343794142e-10
173.54129948713492 2.0440428341812826e-10
173.64565384641764 2.596894658034236e-10
173.75000820570034 2.676046979645438e-10
173.85436256498303 1.302435535122197e-10
173.95871692426576 2.0112388843024527e-10
174.06307128354848 3.1155333197923555e-10
174.16742564283118 1.7634656417585188e-10
174.27178000211387 1.1548498266239452e-10
174.37613436139657 2.639520452231439e-10
174.48048872067926 2.4358854290777663e-10
174.58484307996198 1.3948318672720731e-10
174.68919743924468 1.415866772510207e-10
174.79355179852737 2.4129312195977853e-10
174.89790615781007 1.4613624444104311e-10
175.0022605170928 1.765890813163695e-10
175.1066148763755 1.317786834720687e-10
175.21096923565818 1.7947653245276224e-10
175.31532359494088 1.9010660152812982e-10
175.4196779542236 1.5145533974498302e-10
175.5240323135063 1.1848297404590458e-10
175.628386672789 1.5657015570912715e-10
175.7327410320717 2.3112226389269266e-10
175.8370953913544 6.463678793095357e-11
175.9414497506371 1.7040154896528934e-10
176.0458041099198 1.7431866384240747e-10
176.1501584692025 1.7388439998913987e-10
176.25451282848522 6.80979940776296e-11
176.35886718776794 1.74397121968718e-10
176.46322154705064 1.5443793044661608e-10
176.56757590633333 1.032864871917754e-10
176.67193026561603 1.3904648156423551e-10
176.77628462489875 1.0649724667116208e-10
176.88063898418145 1.6313728282442358e-10
176.98499334346414 1.1370470048842945e-10
177.08934770274684 1.2168450890234825e-10
177.19370206202956 7.458322347840727e-11
177.29805642131225 2.0736941594696185e-10
177.40241078059495 1.2453434370545004e-10
177.50676513987764 6.483581086748317e-11
177.61111949916037 1.476233755426083e-10
177.71547385844306 1.9012197766440608e-10
177.81982821772576 8.179356379153071e-11
177.92418257700845 7.87263385651558e-11
178.02853693629115 1.8277783649021495e-10
178.13289129557387 1.2446584146728775e-10
178.23724565485657 8.688269711477618e-11
178.34160001413926 1.2648207119263067e-10
178.44595437342196 1.249183209460459e-10
178.5503087327047 1.2303505003836205e-10
178.6546630919874 1.1751395340131962e-10
178.7590174512701 9.189672374320586e-11
178.8633718105528 1.3590515214731972e-10
178.9677261698355 1.7281544876572085e-10
179.0720805291182 1.0819573293623251e-10
179.1764348884009 6.594262656060987e-11
179.2807892476836 2.3193663964194334e-10
179.3851436069663 1.3403256504647724e-10
179.48949796624902 8.569491503111104e-11
179.5938523255317 1.2876428628022592e-10
179.6982066848144 2.343732927520706e-10
179.8025610440971 9.527872398614913e-11
179.90691540337983 1.1414265089380315e-10
180.01126976266252 1.7400021059595088e-10
180.11562412194522 1.3178850446763178e-10
180.2199784812279 1.7154272058759512e-10
180.32433284051064 1.1690219386626802e-10
180.42868719979333 1.5999490151341647e-10
180.53304155907603 1.411588056323977e-10
180.63739591835872 2.4677359450682665e-10
180.74175027764144 7.939870274372081e-11
180.84610463692417 1.6470282844956694e-10
180.95045899620686 2.3143295535786594e-10
181.05481335548956 1.7000445466365428e-10
181.15916771477225 1.219784696335352e-10
181.26352207405498 2.1544994945303344e-10
181.36787643333767 2.425798182951146e-10
181.47223079262037 1.031069610070501e-10
181.57658515190306 2.0744578241787717e-10
181.68093951118578 1.9711130266231925e-10
181.78529387046848 1.952391148842017e-10
181.88964822975117 1.7244081153758544e-10
181.99400258903387 1.9938629881103342e-10
182.0983569483166 1.8473573324561666e-10
182.2027113075993 2.3826053583448603e-10
182.30706566688198 2.0019197377766179e-10
182.41142002616468 1.382085558494939e-10
182.51577438544737 2.616050506243875e-10
182.6201287447301 2.8691707865588594e-10
182.7244831040128 1.3617088693397145e-10
182.82883746329549 2.090070238872458e-10
182.93319182257818 3.0327890672335837e-10
183.03754618186093 2.1203115530925273e-10
183.14190054114363 1.5672981720104475e-10
183.24625490042632 2.815627031636424e-10
183.35060925970902 2.5077067728568554e-10
183.4549636189917 1.8126780981116175e-10
183.55931797827444 2.666493111715105e-10
183.66367233755713 2.0274543630547054e-10
183.76802669683983 2.612999299148865e-10
183.87238105612252 2.281194512781309e-10
183.97673541540524 2.4049392045617744e-10
184.08108977468794 1.890134895671017e-10
184.18544413397063 3.498924236803767e-10
184.28979849325333 2.258369366555823e-10
184.39415285253605 1.6092138722281664e-10
184.49850721181875 3.3677001466487287e-10
184.60286157110144 2.853417068310012e-10
184.70721593038414 1.9898100828851624e-10
184.81157028966686 2.0269801438061153e-10
184.91592464894956 3.8466460783383763e-10
185.02027900823225 1.8674110256376941e-10
185.12463336751495 2.540242792586976e-10
185.22898772679767 2.46500776006473e-10
185.3333420860804 2.585017669552424e-10
185.4376964453631 2.5889026427846117e-10
185.54205080464578 2.5829469004019664e-10
185.64640516392848 2.2485726931768728e-10
185.7507595232112 2.524881574962182e-10
185.8551138824939 3.404386009074661e-10
185.9594682417766 1.6159764060995502e-10
186.0638226010593 2.4773849325945496e-10
186.168176960342 3.315682279751814e-10
186.2725313196247 2.518515410781634e-10
186.3768856789074 1.6878563976970864e-10
186.4812400381901 3.1520867026930107e-10
186.58559439747282 2.851006398869466e-10
186.6899487567555 1.8044098083256033e-10
186.7943031160382 2.4381094143366335e-10
186.8986574753209 2.758629952015196e-10
187.0030118346036 2.151233900660512e-10
187.10736619388632 2.556177101340977e-10
187.21172055316902 2.1245860075546904e-10
187.3160749124517 2.1688435575054496e-10
187.4204292717344 2.668733951072312e-10
187.52478363101713 2.491282322130407e-10
187.62913799029985 1.575570653923472e-10
187.73349234958255 2.5234908815271435e-10
187.83784670886524 3.0694135785969895e-10
187.94220106814797 1.3805011369611853e-10
188.04655542743066 2.3238806965622777e-10
188.15090978671336 2.570698495810291e-10
188.25526414599605 2.3042322832862463e-10
188.35961850527875 1.3297147518372908e-10
188.46397286456147 2.737375964773836e-10
188.56832722384416 2.0092359216775502e-10
188.67268158312686 1.88838540620116e-10
188.77703594240955 2.096367213713657e-10
188.88139030169228 1.6689469581650978e-10
188.98574466097497 2.2238530335264811e-10
189.09009902025767 1.9513936396961862e-10
189.19445337954036 1.845617076408903e-10
189.2988077388231 1.2775061072989727e-10
189.40316209810578 2.990942217889514e-10
189.50751645738848 1.5719414121511673e-10
189.61187081667117 1.1892024658347913e-10
189.7162251759539 2.113004778401246e-10
189.8205795352366 2.345696495111704e-10
189.9249338945193 1.1790377235278207e-10
190.029288253802 1.433937382066369e-10
190.1336426130847 2.3230101408093248e-10
190.23799697236743 1.2854421120223057e-10
190.34235133165012 1.475743165688975e-10
190.44670569093282 1.5308727666222104e-10
190.5510600502155 1.512255921219736e-10
190.65541440949823 1.4890431092637445e-10
190.75976876878093 1.6294714403410874e-10
190.86412312806362 1.061123989848762e-10
190.96847748734632 1.446637171488727e-10
191.07283184662904 1.8725410988818804e-10
191.17718620591174 1.0308635612484196e-10
191.28154056519443 9.761825451806087e-11
191.38589492447713 2.0223015537097986e-10
191.49024928375985 1.3121241837788251e-10
191.59460364304255 8.466917812725669e-11
191.69895800232524 1.338361314418057e-10
191.80331236160794 1.6686968145653942e-10
191.90766672089063 8.685493224554951e-11
192.01202108017335 1.1630628189511963e-10
192.11637543945605 1.2844148695425092e-10
192.22072979873877 9.849250087420544e-11
192.32508415802147 1.4502860158255087e-10
192.4294385173042 9.496715773649736e-11
192.5337928765869 1.0230686728394389e-10
192.63814723586958 1.1171771350993778e-10
192.74250159515228 1.6954327659397386e-10
192.84685595443497 4.790333164937932e-11
192.9512103137177 1.2677051663299253e-10
193.0555646730004 1.5425808906449894e-10
193.15991903228309 1.0000140267927031e-10
193.26427339156578 8.042402929257082e-11
193.3686277508485 1.3874620312577545e-10
193.4729821101312 1.3721231848462022e-10
193.5773364694139 5.6859192921778994e-11
193.6816908286966 1.4144273090068478e-10
193.7860451879793 9.899687990552469e-11
193.890399547262 1.1962742077874083e-10
193.9947539065447 9.261500848005283e-11
194.0991082658274 1.149460411672968e-10
194.20346262511012 8.899607231877479e-11
194.30781698439282 1.439497810638646e-10
194.41217134367554 1.1250102018377387e-10
194.51652570295823 6.911793783057887e-11
194.62088006224093 1.469041418337941e-10
194.72523442152365 1.4188693417778982e-10
194.82958878080635 8.148879199166244e-11
194.93394314008904 1.0068699431175463e-10
195.03829749937174 1.6958637102992296e-10
195.14265185865446 1.0513757547712306e-10
195.24700621793716 9.28649712866963e-11
195.35136057721985 1.4429844880387102e-10
195.45571493650255 1.2479671950485247e-10
195.56006929578527 1.0734032787724575e-10
195.66442365506796 1.38425471303236e-10
195.76877801435066 1.0981411743110946e-10
195.87313237363335 1.3562328467801296e-10
195.97748673291608 1.4984488268410942e-10
196.08184109219877 1.3258291977755162e-10
196.18619545148147 8.698677022233859e-11
196.29054981076416 2.03084863254054e-10
196.39490417004686 1.425902114325923e-10
196.49925852932958 9.906136746484097e-11
196.60361288861228 1.633176980296677e-10
196.707967247895 1.9532218726424278e-10
196.8123216071777 1.2445755062979097e-10
196.91667596646042 1.1215858726695229e-10
197.0210303257431 2.1548377496310524e-10
197.1253846850258 1.2649399133705049e-10
197.2297390443085 1.7357863374783615e-10
197.3340934035912 1.412792362988609e-10
197.43844776287392 1.7802268870723e-10
197.54280212215662 1.5599968021136486e-10
197.6471564814393 1.935771510507516e-10
197.751510840722 1.3563858510322985e-10
197.85586520000473 1.6557555386577758e-10
197.96021955928742 2.4684760542638205e-10
198.06457391857012 1.364833587828115e-10
198.1689282778528 1.6231459467264452e-10
198.27328263713554 2.0745668060651963e-10
198.37763699641823 2.251323103754908e-10
198.48199135570093 1.211610164448126e-10
198.58634571498362 2.1788964717436628e-10
198.69070007426635 2.1359545763131104e-10
198.79505443354904 1.6788564290069464e-10
198.89940879283174 1.9226207297735313e-10
199.00376315211446 2.0163835441461372e-10
199.10811751139715 1.8987283246904154e-10
199.21247187067988 2.0139768281572126e-10
199.31682622996257 2.1071463544505182e-10
199.42118058924527 1.6737916657834663e-10
199.52553494852796 2.243957989511409e-10
199.62988930781069 2.353694726392378e-10
199.73424366709338 1.570815073549163e-10
199.83859802637608 2.0122211368701838e-10
199.94295238565877 2.6740808256484656e-10
