0.0 0.0
0.10435435928270291 1.1015236823629362e-07
0.20870871856540582 1.1570790302741852e-07
0.3130630778481087 7.158580034436403e-08
0.41741743713081164 5.787416664239715e-07
0.5217717964135146 8.129737919382332e-07
0.6261261556962174 0.0003228477184900224
0.7304805149789203 0.003235337297966727
0.8348348742616233 0.008073346425804338
0.9391892335443263 0.006213361908847137
1.0435435928270291 0.0010586106251572372
1.1478979521097321 1.416676898161938e-06
1.2522523113924349 1.1715472341563593e-05
1.3566066706751378 4.922804316836701e-06
1.4609610299578406 1.251289908911082e-07
1.5653153892405436 1.613551746492555e-06
1.6696697485232466 2.902473056522383e-07
1.7740241078059495 1.2549250597968315e-07
1.8783784670886525 2.109953983199717e-07
1.9827328263713553 2.5226637052503547e-07
2.0870871856540583 5.674137231225288e-07
2.1914415449367612 2.038321453411507e-07
2.2957959042194642 2.004440720017241e-06
2.400150263502167 4.37594232091971e-06
2.5045046227848697 3.0634437596754687e-06
2.6088589820675727 3.0475593816122098e-06
2.7132133413502757 1.8470329350078367e-06
2.8175677006329787 1.1095698038159026e-07
2.921922059915681 6.878267770060833e-09
3.026276419198384 1.686465416003527e-08
3.130630778481087 2.461391958358013e-08
3.23498513776379 7.984031313606695e-09
3.339339497046493 3.929683108862405e-08
3.4436938563291957 2.95691006417653e-08
3.548048215611899 2.10026001757381e-08
3.6524025748946016 3.394093990352691e-08
3.756756934177305 1.7208476168341416e-08
3.8611112934600076 1.0620523177953148e-08
3.9654656527427106 9.077947021423444e-08
4.0698200120254135 6.810454770307206e-08
4.1741743713081165 1.2274725636594514e-08
4.2785287305908195 3.963290828608795e-08
4.3828830898735225 3.164541364345502e-08
4.4872374491562255 1.1204411332294798e-08
4.5915918084389284 1.2039276397699182e-08
4.6959461677216305 1.6565347884312043e-08
4.800300527004334 3.196734452457393e-09
4.9046548862870365 2.85250547799483e-10
5.0090092455697395 3.9301860543908526e-09
5.1133636048524425 1.9816636514840983e-08
5.217717964135145 9.858118137870811e-09
5.322072323417848 7.687265327010952e-09
5.426426682700551 3.848117553270068e-09
5.530781041983254 1.8032364689679278e-09
5.635135401265957 1.5514218863972907e-08
5.73948976054866 2.033309037904419e-09
5.843844119831362 6.165663252848692e-09
5.948198479114066 1.5551909505160494e-08
6.052552838396768 1.661035357756929e-08
6.156907197679472 5.626360919125407e-09
6.261261556962174 7.509897726995568e-09
6.365615916244878 3.6398977763870726e-09
6.46997027552758 2.2454562200251656e-08
6.574324634810284 3.083814600118963e-09
6.678678994092986 8.36776351993611e-09
6.783033353375689 2.239755262505155e-09
6.887387712658391 2.4759148840137316e-08
6.991742071941095 3.888730989265656e-09
7.096096431223798 1.420088557340231e-08
7.200450790506501 1.6859422262389862e-09
7.304805149789203 1.1466428305957938e-08
7.409159509071906 9.275957821057606e-09
7.51351386835461 6.713029800482887e-09
7.617868227637313 2.5602242822056756e-09
7.722222586920015 1.663995133485727e-08
7.826576946202718 2.1055057141671376e-09
7.930931305485421 1.2085440383285948e-09
8.035285664768125 3.256581715552944e-09
8.139640024050827 6.702151039202899e-09
8.24399438333353 6.303979611922489e-09
8.348348742616233 9.119280578000077e-09
8.452703101898935 5.836525301634463e-09
8.557057461181639 5.4758541132751995e-09
8.661411820464341 6.6053104745061545e-09
8.765766179747045 7.352740520275142e-09
8.870120539029747 2.6229425791882665e-09
8.974474898312451 2.4262066400996467e-09
9.078829257595153 3.0590086818334226e-08
9.183183616877857 1.0017578961508939e-08
9.287537976160559 7.118525667691747e-08
9.391892335443261 2.5201974564177625e-08
9.496246694725965 4.031509183398762e-08
9.600601054008669 1.426230744712665e-08
9.704955413291371 1.1379289956097656e-07
9.809309772574073 7.557673522586396e-08
9.913664131856777 3.0339822514955584e-07
10.018018491139479 1.562679914744838e-07
10.122372850422183 1.4504227289162634e-07
10.226727209704885 6.420651158096616e-08
10.331081568987589 3.0027310586281647e-07
10.43543592827029 2.3780524762882048e-07
10.539790287552993 5.327087070001476e-07
10.644144646835697 3.289769406766988e-07
10.7484990061184 3.832954874035247e-07
10.852853365401103 2.766797459471785e-07
10.957207724683805 3.554962176878918e-07
11.061562083966509 2.3786189466662901e-07
11.165916443249213 8.47443168477311e-07
11.270270802531915 7.062346971096981e-07
11.374625161814617 9.96780783560389e-07
11.47897952109732 7.697370164667116e-07
11.583333880380025 2.848469559229988e-07
11.687688239662725 1.0451381571463476e-07
11.792042598945429 1.068066520894835e-06
11.896396958228133 9.271222331591874e-07
12.000751317510835 9.056893331183125e-07
12.105105676793537 5.03191507891271e-07
12.20946003607624 1.32883305788067e-07
12.313814395358945 8.561637013765823e-09
12.418168754641647 8.479343784009937e-07
12.522523113924349 2.287064150831107e-07
12.626877473207053 1.3159150448386813e-06
12.731231832489756 6.256333927081782e-07
12.835586191772459 1.709737975629732e-07
12.93994055105516 7.875920151052555e-07
13.044294910337864 6.185603236464493e-07
13.148649269620568 1.0040538416697316e-06
13.253003628903269 1.1891677927279027e-06
13.357357988185973 6.416257001968505e-07
13.461712347468676 1.7765523712929736e-06
13.566066706751378 1.0090674928891531e-05
13.67042106603408 1.0491244013484801e-05
13.774775425316783 4.593960983666803e-06
13.879129784599488 2.5449944030908683e-06
13.98348414388219 2.4415405320182823e-06
14.087838503164894 1.8400352668538405e-06
14.192192862447596 1.5841864027331652e-05
14.296547221730298 2.1597646575955618e-05
14.400901581013002 4.1560331417971214e-05
14.505255940295704 3.872796671929648e-05
14.609610299578407 6.215761814924015e-05
14.71396465886111 5.6109167179012124e-05
14.818319018143812 0.00010718937099982013
14.922673377426518 0.00017954236764515166
15.02702773670922 0.00026772509761538747
15.131382095991922 0.00018352845777214446
15.235736455274626 0.00012301821967060998
15.340090814557328 0.00018267390997907002
15.44444517384003 0.00039732156592182954
15.548799533122734 0.0005052399259207472
15.653153892405436 0.0007820566618447129
15.757508251688138 0.0009994778727370702
15.861862610970842 0.001323539972118019
15.966216970253544 0.0015208809022618144
16.07057132953625 0.002140521107582661
16.174925688818952 0.002540430572375112
16.279280048101654 0.0028912815213590626
16.38363440738436 0.0034881000313439414
16.48798876666706 0.0042643701247957215
16.59234312594976 0.003641154892789306
16.696697485232466 0.0030976904745115843
16.801051844515168 0.004276759338823244
16.90540620379787 0.005779033371703111
17.009760563080576 0.006302510830491071
17.114114922363278 0.007611780397961123
17.21846928164598 0.00874955602577567
17.322823640928682 0.009422295726505932
17.427178000211384 0.011325831908249933
17.53153235949409 0.013909311483937307
17.635886718776792 0.015354415407430684
17.740241078059494 0.015456195633667718
17.8445954373422 0.015997042128298593
17.948949796624902 0.01622299286371772
18.053304155907604 0.015069428876132438
18.157658515190306 0.011315286066379023
18.262012874473008 0.01369134719219251
18.366367233755714 0.01565873690540297
18.470721593038416 0.012836246038703186
18.575075952321118 0.012909819320600086
18.679430311603824 0.01645103091519279
18.783784670886522 0.016337242966371773
18.888139030169224 0.018290091922573373
18.99249338945193 0.024770994331374644
19.096847748734632 0.03078917436615343
19.201202108017338 0.02441030334162379
19.30555646730004 0.030373715366171724
19.409910826582742 0.038506069380189537
19.514265185865444 0.02827166156222907
19.618619545148146 0.02840519122406156
19.722973904430848 0.039483870947519706
19.827328263713554 0.033763469238123636
19.931682622996256 0.03178664817130239
20.036036982278958 0.034759910848013095
20.140391341561664 0.043826529776746226
20.244745700844366 0.026665868280038547
20.349100060127068 0.06674554493763972
20.45345441940977 0.044530939085581485
20.557808778692472 0.06959472691041217
20.662163137975178 0.06329056773316448
20.76651749725788 0.0999357974872473
20.87087185654058 0.08882206377739442
20.975226215823287 0.11741058395198035
21.079580575105986 0.14664175205595611
21.18393493438869 0.14049067152627998
21.288289293671394 0.16964432900135148
21.392643652954096 0.19209316156846915
21.4969980122368 0.18691501926066387
21.601352371519503 0.2119853632332532
21.705706730802206 0.24039489149989313
21.810061090084908 0.23233813186809102
21.91441544936761 0.20599576138526207
22.018769808650312 0.2217324699335799
22.123124167933018 0.1936014189589082
22.22747852721572 0.20663663775786542
22.331832886498425 0.15098480516537285
22.436187245781127 0.15590323332432454
22.54054160506383 0.1280216654659766
22.64489596434653 0.11419509078955464
22.749250323629234 0.09128754570529712
22.853604682911936 0.0917378286556838
22.95795904219464 0.11298312182809243
23.062313401477343 0.05746897091337559
23.16666776076005 0.10770839998497787
23.27102212004275 0.04460483585193885
23.37537647932545 0.06884813276561114
23.479730838608155 0.03492169114279897
23.584085197890857 0.05357068395149027
23.68843955717356 0.036148316890497814
23.792793916456265 0.023987317180211288
23.897148275738967 0.013286603385260835
24.00150263502167 0.009889785104122584
24.10585699430437 0.010263826517764921
24.210211353587074 0.0025938337412536407
24.31456571286978 0.007125650313823704
24.41892007215248 0.012271085791336728
24.523274431435183 0.001776575355886219
24.62762879071789 0.007613600343221857
24.73198315000059 0.0047949086901036605
24.836337509283293 0.002849345455013842
24.940691868565995 0.00718920433563048
25.045046227848697 0.006492796415464721
25.1494005871314 0.0025523767020645062
25.253754946414105 0.0013256831422879243
25.358109305696807 0.001748105016160194
25.462463664979513 0.007523371200800406
25.566818024262215 0.0031800568364899846
25.671172383544917 0.004799882708669134
25.77552674282762 0.008807134086441473
25.87988110211032 0.006153573703425476
25.984235461393023 0.004925788384400126
26.08858982067573 0.009684427274015897
26.19294417995843 0.007162193443235615
26.297298539241137 0.009527123386700555
26.401652898523835 0.009443073407162123
26.506007257806537 0.009671790359003105
26.610361617089243 0.006332354636475575
26.714715976371945 0.002802105391118857
26.819070335654647 0.006310420785974631
26.923424694937353 0.011897230238172131
27.027779054220055 0.005935027516205213
27.132133413502757 0.006433824816663257
27.23648777278546 0.007568056919650962
27.34084213206816 0.0048589873663862455
27.445196491350863 0.005260258870700393
27.549550850633565 0.007822801983676363
27.653905209916275 0.0056359445601277085
27.758259569198977 0.00583494827124004
27.86261392848168 0.00545191801842071
27.96696828776438 0.005194253780381174
28.07132264704708 0.0029564898262428294
28.17567700632979 0.0006857847755663481
28.28003136561249 0.001645645278355063
28.384385724895193 0.0018889855016135499
28.488740084177895 0.0005131767700646793
28.593094443460597 0.0011303354462400066
28.6974488027433 0.0011225766402734182
28.801803162026005 1.5506476111047255e-05
28.906157521308707 0.0004300871191198797
29.01051188059141 0.0006992453896670412
29.11486623987411 0.0004235417066454565
29.219220599156813 0.0005661701149446393
29.323574958439522 0.0007980322705087735
29.42792931772222 0.0006276420644523734
29.532283677004923 0.001282440101111906
29.636638036287625 0.00086471403060116
29.740992395570327 7.517791193395076e-05
29.845346754853036 0.0006634964766170187
29.94970111413574 0.001898005967725561
30.05405547341844 0.001260878360012675
30.158409832701143 0.00014929004063569455
30.262764191983845 0.0002582837606037861
30.367118551266543 0.0003943367311103386
30.471472910549252 0.00010281477497317544
30.575827269831954 0.00038837867543700514
30.680181629114657 0.0006727522877145428
30.78453598839736 0.00013499449147841446
30.88889034768006 0.00014265716322021154
30.993244706962766 0.0008378312232418629
31.09759906624547 0.0006340565501935133
31.20195342552817 4.4101249088434385e-05
31.306307784810873 0.0003964125771733854
31.410662144093575 0.0008607049024287268
31.515016503376277 0.0006812731094787514
31.619370862658986 0.00024256262158007933
31.723725221941685 0.000442077860126224
31.828079581224387 0.0007475975262752557
31.93243394050709 0.0006713043150734404
32.03678829978979 0.0003903768065913057
32.1411426590725 0.0003193774333232079
32.2454970183552 0.00043661829566593753
32.349851377637904 0.0002144290169642033
32.454205736920606 5.300714763241755e-05
32.55856009620331 0.00029639186867264945
32.66291445548601 0.0004582793473103194
32.76726881476872 0.00025747485572272184
32.87162317405142 8.834545959155815e-05
32.97597753333412 5.577001434806994e-06
33.08033189261682 0.00015771336017345307
33.18468625189952 0.0007537120114765777
33.28904061118223 0.0011514714832138707
33.39339497046493 0.0006674329111043037
33.497749329747634 0.00010409482140991132
33.602103689030336 2.4495958503465087e-05
33.70645804831304 0.00012025916154812151
33.81081240759574 3.389041030205977e-05
33.91516676687845 6.197220713795056e-05
34.01952112616115 0.0002168661341222312
34.123875485443854 0.00021590150717594388
34.228229844726556 8.911429633040761e-05
34.33258420400926 1.3474832459385496e-05
34.43693856329196 0.00010283035433213117
34.54129292257466 0.00019795160624745865
34.645647281857364 0.00018922466535114187
34.75000164114007 0.00012761767045215019
34.85435600042277 4.769027747190594e-05
34.95871035970548 1.4034614724907098e-05
35.06306471898818 4.8560992863394496e-05
35.16741907827088 5.592675324563977e-05
35.271773437553584 3.9799240165280156e-05
35.376127796836286 0.00010481444486476992
35.48048215611899 0.00027289255673881336
35.5848365154017 0.00026123289750883854
35.6891908746844 9.197777981636872e-05
35.7935452339671 1.5131491130726426e-05
35.897899593249804 7.083168412110745e-05
36.002253952532506 9.705917772908448e-05
36.10660831181521 4.618168419519744e-05
36.21096267109791 3.792582226396333e-05
36.31531703038061 7.60249683761862e-05
36.419671389663314 0.00010370379303007228
36.524025748946016 0.00012357986779065944
36.62838010822872 0.00019911770416289497
36.73273446751143 0.0003319762162553466
36.83708882679413 0.00040281623088238804
36.94144318607683 0.0003484055108494318
37.045797545359534 0.00021342537440227353
37.150151904642236 8.638236513450863e-05
37.254506263924945 4.551173134971877e-05
37.35886062320765 4.4940300249035554e-05
37.46321498249035 3.3868081023412414e-05
37.567569341773044 1.2042375969947287e-05
37.671923701055746 4.752840851456397e-06
37.77627806033845 2.0214573998504523e-05
37.88063241962116 3.0318449302282317e-05
37.98498677890386 4.0276654941591234e-05
38.08934113818656 8.20501182532077e-05
38.193695497469264 0.00016310461644794858
38.298049856751966 0.00022852772662799835
38.402404216034675 0.00022804791082949
38.50675857531738 0.00016805996750378447
38.61111293460008 7.738036324599903e-05
38.71546729388278 8.979491686800465e-06
38.819821653165484 9.993744491405823e-06
38.924176012448186 4.9401986227148155e-05
39.02853037173089 6.688488112970489e-05
39.13288473101359 4.134782934816155e-05
39.23723909029629 7.3126853014998725e-06
39.341593449578994 1.2364501480257365e-05
39.445947808861696 6.718438567058051e-05
39.550302168144405 0.00015475562819886355
39.65465652742711 0.0002200562336077371
39.75901088670981 0.00021655506909983211
39.86336524599251 0.0001489040776384337
39.967719605275214 6.118827264527098e-05
40.072073964557916 2.0194599604883035e-05
40.176428323840625 3.220511540838857e-05
40.28078268312333 6.274415132262402e-05
40.38513704240603 8.023038588275916e-05
40.48949140168873 9.12501469456645e-05
40.59384576097143 0.00010548267318688809
40.698200120254135 0.0001081620488825152
40.80255447953684 0.00010534859747647805
40.90690883881954 8.794637191322755e-05
41.01126319810224 5.633433360824368e-05
41.115617557384944 5.892797193916229e-05
41.21997191666765 8.634131382007852e-05
41.324326275950355 0.00011353238258067269
41.42868063523306 0.00010829461019599646
41.53303499451576 7.045103798817117e-05
41.63738935379846 5.3722889515698856e-05
41.74174371308116 7.601080360020926e-05
41.84609807236387 0.00010789165727546633
41.950452431646575 0.00010584331049533307
42.05480679092928 7.42141968166329e-05
42.15916115021197 3.0883300927818053e-05
42.263515509494674 1.7599575516423115e-05
42.36786986877738 6.974557886368415e-05
42.472224228060085 0.00014306759601524836
42.57657858734279 0.00020402466290291634
42.68093294662549 0.0002100976384178505
42.78528730590819 0.00014172322576127622
42.889641665190894 6.476848007632024e-05
42.9939960244736 3.179461066580659e-05
43.098350383756305 5.651344850098655e-05
43.20270474303901 9.520969854293656e-05
43.30705910232171 0.00011347259079970685
43.41141346160441 0.00010678035686296319
43.51576782088712 7.68974425969373e-05
43.620122180169815 6.116675907993676e-05
43.72447653945252 4.7143750210409785e-05
43.82883089873522 2.430064909396108e-05
43.93318525801792 9.141411323702064e-06
44.037539617300624 9.637060633609068e-07
44.14189397658333 5.278941990809346e-06
44.246248335866035 1.0069497223098635e-05
44.35060269514874 1.253405680418271e-05
44.45495705443144 9.21871485872709e-06
44.55931141371414 2.2226743147154176e-05
44.66366577299685 6.308502603349195e-05
44.76802013227955 0.00011629198208379329
44.872374491562255 0.00018395953352345665
44.97672885084496 0.00021285194682657232
45.08108321012766 0.00017582514321227923
45.18543756941036 0.00010504872173597105
45.28979192869306 2.6367622921411166e-05
45.394146287975765 4.079227708735584e-06
45.49850064725847 3.166670672082608e-05
45.60285500654117 5.558514541967196e-05
45.70720936582387 5.9196409587997085e-05
45.81156372510658 4.803607826365528e-05
45.91591808438928 5.571411964414019e-05
46.020272443671985 9.895544060250885e-05
46.12462680295469 0.0001659250766129836
46.22898116223739 0.00020240135595683145
46.3333355215201 0.0001843347785180039
46.4376898808028 0.0001347736880488362
46.5420442400855 6.485721799386645e-05
46.646398599368204 1.6022576698523415e-05
46.7507529586509 3.345187238647367e-06
46.8551073179336 7.722763402837417e-06
46.95946167721631 1.6077083569871145e-05
47.06381603649901 2.9335092493718887e-05
47.168170395781715 6.21915738049907e-05
47.27252475506442 9.11042537908128e-05
47.37687911434712 0.00010999606877672373
47.48123347362983 0.0001106087761612572
47.58558783291253 8.201198570187377e-05
47.68994219219523 6.435739448815125e-05
47.794296551477935 5.484733894840677e-05
47.89865091076064 4.8332363225430816e-05
48.00300527004334 5.043500915647771e-05
48.10735962932605 3.970721314354035e-05
48.21171398860874 2.4861579746477396e-05
48.316068347891445 2.3429518692292028e-05
48.42042270717415 4.19187086129341e-05
48.52477706645685 6.371813491869202e-05
48.62913142573956 6.80647099388135e-05
48.73348578502226 4.494908308963072e-05
48.83784014430496 8.069907217584136e-06
48.942194503587665 4.413321509436212e-06
49.04654886287037 4.610170605055144e-05
49.15090322215307 0.00012225964925504762
49.25525758143578 0.00018803927436377585
49.35961194071848 0.0001824271176849443
49.46396630000118 0.00012124314920244497
49.568320659283884 5.2412635393156735e-05
49.672675018566586 2.161693798870409e-05
49.77702937784929 4.237175830525061e-05
49.88138373713199 8.294871579158276e-05
49.98573809641469 0.00011007855660672839
50.090092455697395 9.434365589204557e-05
50.1944468149801 5.306897189703374e-05
50.2988011742628 2.065456759960682e-05
50.40315553354551 1.5637557239699187e-05
50.50750989282821 4.8963055267180506e-05
50.61186425211091 8.73271563670719e-05
50.716218611393614 0.00010294427147591649
50.82057297067632 0.00010203615674222625
50.924927329959026 9.652753080424288e-05
51.02928168924173 0.00010162695054719241
51.13363604852443 0.00012307780316165743
51.23799040780713 0.00014547712840073894
51.342344767089834 0.00014351231086584383
51.446699126372536 0.00012365008457664462
51.55105348565524 9.981462927874057e-05
51.65540784493794 7.126745883929606e-05
51.75976220422064 4.918480740246425e-05
51.864116563503345 3.0415723326121468e-05
51.96847092278605 1.2199125883761182e-05
52.072825282068756 3.1866204121597966e-06
52.17717964135146 4.016654961177144e-06
52.28153400063416 1.5917458680531372e-05
52.38588835991686 2.8105033726501578e-05
52.490242719199564 3.101354274636247e-05
52.59459707848227 2.5493983706455656e-05
52.698951437764975 1.832451409132942e-05
52.80330579704767 2.6191745828252094e-05
52.90766015633037 4.862510701458257e-05
53.012014515613075 7.403139712572228e-05
53.11636887489578 8.845476355356948e-05
53.220723234178486 7.745982306738887e-05
53.32507759346119 5.107078907725021e-05
53.42943195274389 3.444084358642287e-05
53.53378631202659 3.876125848410116e-05
53.638140671309294 4.901946205538145e-05
53.742495030592 4.27863150566386e-05
53.846849389874706 2.0434798146927627e-05
53.95120374915741 4.869709160418063e-06
54.05555810844011 2.4282770317906995e-05
54.15991246772281 8.622632818258341e-05
54.264266827005514 0.00016978443422920416
54.368621186288216 0.00023419001984305174
54.47297554557092 0.0002357102003664498
54.57732990485362 0.00016955201113661277
54.68168426413632 7.92910789917433e-05
54.786038623419024 1.709976345647244e-05
54.89039298270173 8.862433050573383e-06
54.99474734198443 3.6921021114111986e-05
55.09910170126713 6.0595692293070186e-05
55.20345606054985 5.3413660536960894e-05
55.30781041983255 2.1404184910695066e-05
55.41216477911525 2.8169099208916835e-06
55.51651913839795 3.188781225368983e-05
55.620873497680655 0.00010791600239574678
55.72522785696336 0.00019741548484642903
55.82958221624606 0.00025343594355016626
55.93393657552876 0.00025635115261755026
56.03829093481146 0.0002201062508573353
56.14264529409416 0.00016962071137030784
56.24699965337686 0.00013189790213791826
56.35135401265958 0.0001152599639297766
56.45570837194228 0.00010009984700454612
56.56006273122498 6.631178559163585e-05
56.66441709050768 2.8028571638786647e-05
56.768771449790385 1.4699956418201894e-05
56.87312580907309 3.954176577672445e-05
56.97748016835579 9.846474936239391e-05
57.08183452763849 0.00015600866027791038
57.186188886921194 0.00017504966625499953
57.290543246203896 0.00015036723424269178
57.3948976054866 9.959963490943811e-05
57.49925196476931 6.76971220016529e-05
57.60360632405201 8.93730635965792e-05
57.70796068333471 0.00015521213264472455
57.81231504261741 0.00021903745994942853
57.916669401900116 0.00023626106303373197
58.02102376118282 0.00020708016165695941
58.12537812046552 0.00014469935874209794
58.22973247974822 7.590466401629384e-05
58.334086839030924 3.974391173403167e-05
58.438441198313626 3.540983310261382e-05
58.54279555759633 4.6881521187323104e-05
58.647149916879044 5.87199047622386e-05
58.75150427616175 5.851018327342219e-05
58.85585863544444 5.819159855429169e-05
58.960212994727144 7.217166795437749e-05
59.064567354009846 9.733634903727572e-05
59.16892171329255 0.00011738280441473913
59.27327607257525 0.0001232569492799937
59.37763043185795 0.00010707147683323433
59.481984791140654 6.767426213234323e-05
59.586339150423356 3.0129877099339917e-05
59.69069350970607 9.27575699575135e-06
59.795047868988775 3.473358999030191e-06
59.89940222827148 5.633200312231999e-06
60.00375658755418 7.931411462647746e-06
60.10811094683688 1.1747880584450067e-05
60.21246530611958 2.1185412481580414e-05
60.316819665402285 4.9905325938279856e-05
60.42117402468499 9.102869865998617e-05
60.52552838396769 0.0001256582160645699
60.629882743250384 0.00014765073767894997
60.734237102533086 0.0001360927036060505
60.8385914618158 9.781742359537818e-05
60.942945821098505 5.7513049353129984e-05
61.04730018038121 2.119172199200876e-05
61.15165453966391 3.6879900632122175e-06
61.25600889894661 3.1718581579507867e-06
61.36036325822931 8.02788556524023e-06
61.464717617512015 1.2142224131693716e-05
61.56907197679472 1.0021905082164535e-05
61.67342633607742 1.0451895876305485e-05
61.77778069536012 1.3559021811117889e-05
61.88213505464282 1.9587599615632625e-05
61.98648941392553 2.8007164078818052e-05
62.090843773208235 2.7996074489572904e-05
62.19519813249094 2.2757053313787513e-05
62.29955249177364 1.593739871638375e-05
62.40390685105634 9.547451230590438e-06
62.50826121033904 8.928760571407185e-06
62.612615569621745 1.417256141054884e-05
62.71696992890445 1.9815276415625912e-05
62.82132428818715 2.0769702755229796e-05
62.92567864746985 2.2074049214891757e-05
63.030033006752554 2.1329254850081897e-05
63.13438736603527 1.9555663348078996e-05
63.23874172531797 2.175695149451076e-05
63.343096084600674 2.0621241140855193e-05
63.44745044388337 1.978962688447001e-05
63.55180480316607 1.7986225594956053e-05
63.65615916244877 1.3771772363105538e-05
63.760513521731475 1.4637256369028822e-05
63.86486788101418 1.6708292047762296e-05
63.96922224029688 2.4584132645481798e-05
64.07357659957958 3.508834345387126e-05
64.17793095886229 4.233167886074809e-05
64.282285318145 5.076497380715452e-05
64.3866396774277 5.0897096249192445e-05
64.4909940367104 4.6535662590105254e-05
64.5953483959931 4.146042638218913e-05
64.69970275527581 3.058239590978427e-05
64.8040571145585 2.2838473748928935e-05
64.90841147384121 1.657494129561688e-05
65.01276583312391 1.1320205564832532e-05
65.11712019240662 9.852025949759092e-06
65.22147455168931 7.175527059776037e-06
65.32582891097202 5.825123556578049e-06
65.43018327025473 4.4797771402311125e-06
65.53453762953744 2.8878451315816364e-06
65.63889198882013 2.7776650207402876e-06
65.74324634810284 1.970363708902551e-06
65.84760070738554 1.6614179986401042e-06
65.95195506666823 9.138304731190577e-07
66.05630942595094 9.838924216589184e-08
66.16066378523364 2.7531397400222776e-07
66.26501814451635 1.7489310315077949e-06
66.36937250379904 4.616448748563524e-06
66.47372686308175 6.921115063365046e-06
66.57808122236446 1.0324665577811657e-05
66.68243558164717 1.2791130746758511e-05
66.78678994092986 1.4908270502788067e-05
66.89114430021257 1.8561087167679708e-05
66.99549865949527 2.0155576390048428e-05
67.09985301877798 2.233162248002493e-05
67.20420737806067 2.3592485847287583e-05
67.30856173734338 2.3170403989818832e-05
67.41291609662608 2.505980170935841e-05
67.51727045590879 2.6463479125771336e-05
67.62162481519148 2.9940173951268166e-05
67.72597917447419 3.420262593338739e-05
67.8303335337569 3.5407813300274785e-05
67.9346878930396 3.6289000504667594e-05
68.0390422523223 3.4045975968248055e-05
68.143396611605 3.125826977060782e-05
68.24775097088771 3.0757042706977566e-05
68.3521053301704 2.992376700031402e-05
68.45645968945311 3.086223726086314e-05
68.5608140487358 3.0413698872090717e-05
68.66516840801852 2.6891756329660776e-05
68.76952276730121 2.271757458661377e-05
68.87387712658392 1.6924582933171015e-05
68.97823148586663 1.2501729823835827e-05
69.08258584514932 1.0478601056497683e-05
69.18694020443203 9.391515320922641e-06
69.29129456371473 9.34778875321912e-06
69.39564892299744 8.245149254028866e-06
69.50000328228013 5.9336094106992616e-06
69.60435764156284 3.5326365205175373e-06
69.70871200084554 1.3496533081128737e-06
69.81306636012825 3.813704880620851e-07
69.91742071941096 2.1285620655021618e-07
70.02177507869366 2.469441103417864e-07
70.12612943797636 1.9657846073843846e-07
70.23048379725907 1.9350750084945202e-07
70.33483815654176 8.303744363594792e-07
70.43919251582446 2.2618857922015816e-06
70.54354687510717 4.75575589836148e-06
70.64790123438986 7.37524093752618e-06
70.75225559367257 9.331849391214749e-06
70.85660995295527 1.1078402909184518e-05
70.96096431223798 1.2178271597492886e-05
71.06531867152069 1.3979039328933013e-05
71.1696730308034 1.6987888213613043e-05
71.27402739008609 1.9928776086550744e-05
71.3783817493688 2.3554268657745866e-05
71.4827361086515 2.6198203166994173e-05
71.5870904679342 2.750249684744401e-05
71.6914448272169 2.9202406875941067e-05
71.79579918649961 2.9974887804793638e-05
71.9001535457823 3.173803096524396e-05
72.00450790506501 3.408130612366444e-05
72.1088622643477 3.491087529457599e-05
72.21321662363042 3.620625006932719e-05
72.31757098291313 3.585783778512491e-05
72.42192534219582 3.516618170221461e-05
72.52627970147853 3.577720179400662e-05
72.63063406076122 3.495909097394011e-05
72.73498842004393 3.507535299452739e-05
72.83934277932663 3.402257504001304e-05
72.94369713860934 3.1119508441308334e-05
73.04805149789203 2.9576749705656157e-05
73.15240585717474 2.6934392104111187e-05
73.25676021645744 2.595961623303874e-05
73.36111457574015 2.6372039844783906e-05
73.46546893502286 2.508218443070366e-05
73.56982329430555 2.427872995756984e-05
73.67417765358826 2.092341775322688e-05
73.77853201287095 1.6375735929150317e-05
73.88288637215366 1.334436164017795e-05
73.98724073143636 1.019531498391845e-05
74.09159509071907 9.442963382254004e-06
74.19594945000176 9.179133408479596e-06
74.30030380928447 7.855160543500466e-06
74.40465816856717 6.6689729168638385e-06
74.50901252784989 4.025542951200574e-06
74.61336688713259 1.80730254447998e-06
74.7177212464153 7.050038092414083e-07
74.82207560569799 1.3576954131396082e-07
74.9264299649807 3.276032887317234e-07
75.0307843242634 2.5639171684734033e-07
75.13513868354609 8.322403418882369e-08
75.2394930428288 9.59130102397464e-08
75.34384740211149 1.0049121231599712e-06
75.4482017613942 2.406012707767823e-06
75.5525561206769 4.142668809184507e-06
75.65691047995962 5.620815956437722e-06
75.76126483924232 5.046101982474821e-06
75.86561919852502 4.94081902110155e-06
75.96997355780772 5.3346532769529394e-06
76.07432791709043 7.256847784123781e-06
76.17868227637312 1.2327952562307328e-05
76.28303663565583 1.6376483263089706e-05
76.38739099493853 2.0460060565127285e-05
76.49174535422124 2.2091865957109922e-05
76.59609971350393 2.0023840178452863e-05
76.70045407278664 2.0249266200422517e-05
76.80480843206935 2.0762782732733906e-05
76.90916279135205 2.497135542226773e-05
77.01351715063475 3.24502583503528e-05
77.11787150991745 3.664433122814882e-05
77.22222586920016 4.085694257732245e-05
77.32658022848285 4.002752871577305e-05
77.43093458776556 3.595798258555064e-05
77.53528894704826 3.525882409365089e-05
77.63964330633097 3.444858393657228e-05
77.74399766561366 3.941863039618972e-05
77.84835202489637 4.6177327799432816e-05
77.95270638417908 4.954242094476983e-05
78.05706074346178 5.3166917049645727e-05
78.16141510274448 5.0168033208242123e-05
78.26576946202718 4.657795987232137e-05
78.37012382130989 4.598008887634548e-05
78.47447818059258 4.503177771722471e-05
78.5788325398753 5.04323505788229e-05
78.68318689915799 5.483775828181271e-05
78.7875412584407 5.685368461649558e-05
78.89189561772339 5.85913044589061e-05
78.9962499770061 5.3385969600168266e-05
79.10060433628881 4.963140854083979e-05
79.20495869557152 4.7165164692173846e-05
79.30931305485421 4.522230139924139e-05
79.41366741413692 4.9151633492220836e-05
79.51802177341962 5.073624652764309e-05
79.62237613270231 5.212930814561897e-05
79.72673049198502 5.2361036130343545e-05
79.83108485126772 4.7210302547746855e-05
79.93543921055043 4.460332395636246e-05
80.03979356983312 4.118772720246754e-05
80.14414792911583 3.917797072369049e-05
80.24850228839854 4.1378713545059555e-05
80.35285664768125 4.1160863743727094e-05
80.45721100696395 4.245074320263876e-05
80.56156536624665 4.181994812029736e-05
80.66591972552935 3.7998110726571796e-05
80.77027408481206 3.6517272337330465e-05
80.87462844409475 3.3375179243995336e-05
80.97898280337746 3.237558906043301e-05
81.08333716266016 3.334781919055875e-05
81.18769152194287 3.232741094270845e-05
81.29204588122558 3.296540754079387e-05
81.39640024050827 3.102116955208047e-05
81.50075459979098 2.7645326758102662e-05
81.60510895907368 2.5618293323524786e-05
81.70946331835638 2.2099550750796263e-05
81.81381767763908 2.1133430890819667e-05
81.91817203692179 2.105144949859346e-05
82.02252639620448 2.0373838227961617e-05
82.12688075548719 2.1105421442773494e-05
82.23123511476989 1.962366054887532e-05
82.3355894740526 1.810979515483487e-05
82.4399438333353 1.7099769510752506e-05
82.544298192618 1.519355331013203e-05
82.64865255190071 1.5237492522124789e-05
82.7530069111834 1.5055431045595643e-05
82.85736127046611 1.4719509664267125e-05
82.96171562974881 1.4841566582202403e-05
83.06606998903152 1.3080959366533808e-05
83.17042434831421 1.1598868812616095e-05
83.27477870759692 1.0115993401831338e-05
83.37913306687962 8.482265242792932e-06
83.48348742616233 8.306863174879663e-06
83.58784178544504 7.927411745670481e-06
83.69219614472775 7.854507078826909e-06
83.79655050401044 7.883937392249122e-06
83.90090486329315 6.971167927066888e-06
84.00525922257584 6.458284720406775e-06
84.10961358185855 5.696285551423341e-06
84.21396794114125 5.0302284364554945e-06
84.31832230042394 5.070661059628851e-06
84.42267665970665 4.802848000758813e-06
84.52703101898935 4.791372704411669e-06
84.63138537827206 4.619740842780725e-06
84.73573973755477 3.962762361543104e-06
84.84009409683748 3.6394923407379345e-06
84.94444845612017 3.1742510428586474e-06
85.04880281540288 2.874727976324654e-06
85.15315717468557 2.9044314321026724e-06
85.25751153396828 2.6897879019058396e-06
85.36186589325098 2.5963751034156423e-06
85.46622025253369 2.3947993353013398e-06
85.57057461181638 1.9801587813061744e-06
85.67492897109909 1.7418670700217086e-06
85.77928333038179 1.4496325682043027e-06
85.8836376896645 1.2543047577743637e-06
85.9879920489472 1.213380955442662e-06
86.0923464082299 1.0716552308104867e-06
86.19670076751261 1.0211603483961391e-06
86.3010551267953 9.484214649900711e-07
86.40540948607801 8.428326492744922e-07
86.50976384536071 8.971654945563284e-07
86.61411820464342 9.045726155197329e-07
86.71847256392611 9.365722325242324e-07
86.82282692320882 1.0238920584481618e-06
86.92718128249152 9.370745218611968e-07
87.03153564177424 8.615953160248471e-07
87.13589000105694 7.512589490981413e-07
87.24024436033963 5.327351437246505e-07
87.34459871962234 4.2554379068131886e-07
87.44895307890503 3.067426875010012e-07
87.55330743818774 1.9185146735318493e-07
87.65766179747044 1.586991601357196e-07
87.76201615675315 9.10128447864143e-08
87.86637051603584 1.0444929868698577e-07
87.97072487531855 1.4319654893160785e-07
88.07507923460125 1.902682551209873e-07
88.17943359388397 3.000100326923354e-07
88.28378795316667 2.9810220744402003e-07
88.38814231244938 3.3189391240919404e-07
88.49249667173207 3.811143189787609e-07
88.59685103101478 3.049275636422517e-07
88.70120539029747 3.109159497115275e-07
88.80555974958018 2.768483390254236e-07
88.90991410886288 1.6881662306903065e-07
89.01426846814557 1.546811250164247e-07
89.11862282742828 9.286102028596536e-08
89.22297718671098 2.5819190581266803e-08
89.3273315459937 1.3419091573140122e-08
89.4316859052764 8.316888536514548e-09
89.5360402645591 3.053320890810323e-08
89.6403946238418 3.663439168929682e-08
89.74474898312451 9.470302713784362e-08
89.8491033424072 1.2786653401712914e-07
89.95345770168991 1.0063909491086853e-07
90.05781206097261 1.6429435749754212e-07
90.16216642025532 1.655577375315537e-07
90.26652077953801 1.1546329000176797e-07
90.37087513882072 1.550761999812576e-07
90.47522949810343 1.0953062797489004e-07
90.57958385738613 6.362998152208687e-08
90.68393821666884 9.382467112753748e-08
90.78829257595153 6.533597266944671e-08
90.89264693523424 2.1082011232586353e-08
90.99700129451693 2.9508509205836857e-08
91.10135565379964 4.1195680282496e-08
91.20571001308234 2.9318548920485968e-08
91.31006437236505 3.731473490932577e-08
91.41441873164774 7.916948838365429e-08
91.51877309093047 4.396718907682992e-08
91.62312745021316 4.1739178331865614e-08
91.72748180949586 8.932407619624959e-08
91.83183616877857 6.12604838330527e-08
91.93619052806126 6.430765401565998e-08
92.04054488734397 1.0152856217630135e-07
92.14489924662666 4.746599162514157e-08
92.24925360590937 3.647426595665232e-08
92.35360796519207 6.625626299475469e-08
92.45796232447478 3.925902861278928e-08
92.56231668375747 1.6232426068176226e-08
92.6666710430402 4.0398622932285935e-08
92.77102540232289 3.229471065569897e-08
92.8753797616056 7.582263534857318e-09
92.9797341208883 3.2501317398386276e-08
93.084088480171 4.1536714242581843e-08
93.1884428394537 1.2260369957961893e-08
93.29279719873641 4.081132116065998e-08
93.3971515580191 5.130213791814463e-08
93.5015059173018 1.774754623649664e-08
93.60586027658451 4.355155674433292e-08
93.7102146358672 5.2750599161485384e-08
93.81456899514993 1.628163364517689e-08
93.91892335443262 2.86678513511481e-08
94.02327771371533 4.449454275565469e-08
94.12763207299803 1.1339465262612168e-08
94.23198643228073 8.012912122087225e-09
94.33634079156343 2.5165576164750194e-08
94.44069515084614 1.2702305112666987e-08
94.54504951012883 6.245433080079515e-09
94.64940386941154 2.8511536313061923e-08
94.75375822869424 1.1240774565519657e-08
94.85811258797695 5.136730515576971e-09
94.96246694725966 2.979849224240809e-08
95.06682130654235 2.4146160939718993e-08
95.17117566582506 9.21968620713994e-09
95.27553002510776 3.2053826112614e-08
95.37988438439046 1.9496573449639633e-08
95.48423874367316 2.183849939790457e-09
95.58859310295587 1.6122106291277502e-08
95.69294746223856 2.1878635022209726e-08
95.79730182152127 1.1690318875650557e-09
95.90165618080397 7.11360096771967e-09
96.00601054008668 9.161349900973687e-09
96.11036489936939 1.1840427738121025e-09
96.2147192586521 7.3199159642435034e-09
96.31907361793479 1.7175567480868977e-08
96.42342797721749 1.8413950082916172e-09
96.5277823365002 7.505419741937885e-09
96.63213669578289 1.640162878321036e-08
96.7364910550656 6.144156738232741e-09
96.8408454143483 4.5127762609889566e-09
96.945199773631 1.6914784903970155e-08
97.0495541329137 6.885634958966914e-09
97.15390849219641 1.7589006644507086e-10
97.25826285147912 6.788816776981135e-09
97.36261721076183 5.709018744463005e-09
97.46697157004452 2.408978126455034e-10
97.57132592932723 4.288785636742976e-09
97.67568028860993 3.284788815445273e-09
97.78003464789263 2.5648354910828624e-10
97.88438900717533 6.3526086244338805e-09
97.98874336645804 5.207144698302984e-09
98.09309772574073 5.217045902254461e-11
98.19745208502343 4.8442570022140195e-09
98.30180644430614 9.147079854391337e-09
98.40616080358885 1.2659959340768765e-09
98.51051516287156 1.6612280683987098e-09
98.61486952215425 5.153289644204804e-09
98.71922388143696 4.069346875857711e-09
98.82357824071966 2.543594361178955e-11
98.92793260000236 2.7374080047733096e-09
99.03228695928506 1.0169028562351499e-09
99.13664131856777 1.4839771958541702e-09
99.24099567785046 8.956649709753091e-10
99.34535003713317 1.7587424529416402e-09
99.44970439641587 2.705844088306434e-10
99.55405875569858 4.0403539245724874e-09
99.65841311498129 1.3103364280065393e-09
99.76276747426398 2.0631619249306082e-10
99.86712183354669 1.4297438519165124e-09
99.97147619282939 5.291386848675987e-09
100.0758305521121 1.0257026915342818e-09
100.18018491139479 4.4241491992888513e-10
100.2845392706775 1.683162390251092e-09
100.3888936299602 2.9059963014475356e-09
100.4932479892429 1.883143645763125e-10
100.5976023485256 1.0063350344998316e-09
100.70195670780832 5.684717820736289e-10
100.80631106709102 6.420969403512786e-10
100.91066542637373 2.53712862801253e-10
101.01501978565642 9.092258849732785e-10
101.11937414493912 1.570229241784153e-13
101.22372850422182 1.2846011587771004e-09
101.32808286350452 1.380113829231977e-09
101.43243722278723 3.2744542975712137e-10
101.53679158206992 7.065244459718224e-10
101.64114594135263 2.681027691330994e-09
101.74550030063534 1.675664953708486e-09
101.84985465991805 4.4498073630608243e-10
101.95420901920075 1.396123596484769e-09
102.05856337848346 1.6433579936615079e-09
102.16291773776615 3.318324477394967e-10
102.26727209704886 1.297600578442108e-10
102.37162645633155 7.458554504828647e-10
102.47598081561426 1.5358412923695767e-10
102.58033517489696 5.352884924461125e-10
102.68468953417967 9.398595856328422e-10
102.78904389346236 1.0936904842348066e-10
102.89339825274507 2.231568354504578e-10
102.99775261202778 2.3331482501789227e-09
103.10210697131048 2.1719988329641636e-09
103.20646133059319 6.773760223750369e-10
103.31081568987588 1.7171685940029082e-09
103.41517004915859 2.2950273989426288e-09
103.51952440844128 1.1128971973693166e-09
103.623878767724 1.2025164627236345e-09
103.72823312700669 2.082031967395223e-09
103.8325874862894 1.6849425067229636e-10
103.9369418455721 2.7791717150504604e-10
104.0412962048548 1.0015374879992766e-09
104.14565056413751 6.737590338793093e-10
104.2500049234202 8.662274225200945e-10
104.35435928270292 2.757370837296827e-09
104.45871364198561 2.4773157172007994e-10
104.56306800126832 4.051795933079715e-10
104.66742236055102 3.422982535958917e-09
104.77177671983372 3.294541536453882e-09
104.87613107911642 2.8905950785094607e-10
104.98048543839913 2.7868718671193176e-09
105.08483979768182 2.9340429990477642e-09
105.18919415696455 6.231378523950182e-10
105.29354851624724 1.1079715724504426e-09
105.39790287552995 2.5590234081975075e-09
105.50225723481265 3.2829786926771605e-10
105.60661159409534 1.4007418103324187e-09
105.71096595337805 1.8460272762461567e-09
105.81532031266075 3.0563287657625086e-10
105.91967467194345 2.036764618133585e-09
106.02402903122615 3.911068139132475e-09
106.12838339050886 5.806098058340543e-10
106.23273774979155 1.5868756132860388e-09
106.33709210907428 5.79496313498501e-09
106.44144646835697 2.498882069754662e-09
106.54580082763968 1.6412114405620973e-10
106.65015518692238 3.6693711480424333e-09
106.75450954620509 3.776048407642477e-09
106.85886390548778 3.149084383774181e-10
106.96321826477049 2.5276361549696107e-09
107.06757262405318 1.6520403549137065e-09
107.1719269833359 1.124169516207032e-09
107.27628134261859 2.5739448901988463e-09
107.38063570190128 3.1478977948984165e-09
107.484990061184 3.527460586042507e-10
107.5893444204667 5.0348584899431e-09
107.69369877974941 3.737930885765855e-09
107.7980531390321 7.233417347505617e-10
107.90240749831482 2.8652572870562245e-09
108.00676185759751 7.810085572666473e-09
108.11111621688022 1.235456107875619e-09
108.21547057616291 1.22096378152722e-09
108.31982493544562 3.295173579776866e-09
108.42417929472832 3.1446641481157023e-09
108.52853365401103 9.090025740311328e-10
108.63288801329374 4.00494766526597e-09
108.73724237257643 1.132554830723107e-09
108.84159673185914 2.482170372947434e-09
108.94595109114184 3.7499314432935895e-09
109.05030545042455 2.576708953248243e-09
109.15465980970724 1.2274910264700492e-09
109.25901416898995 7.144752609467061e-09
109.36336852827264 3.555133911384949e-09
109.46772288755535 3.3876125965664147e-10
109.57207724683805 3.889155667902461e-09
109.67643160612076 5.888950339809117e-09
109.78078596540345 7.59459977500278e-10
109.88514032468616 2.2352384406162445e-09
109.98949468396886 3.5201710728308257e-09
110.09384904325157 1.7361978318200156e-09
110.19820340253426 2.4949132217551332e-09
110.30255776181698 3.470108926388324e-09
110.4069121210997 1.4180415233378028e-09
110.51126648038239 3.4106247608896837e-09
110.6156208396651 4.9483302653190285e-09
110.7199751989478 6.871029365483356e-10
110.8243295582305 2.6211882211944733e-09
110.9286839175132 5.876864744472033e-09
111.0330382767959 2.7692305153990517e-09
111.1373926360786 4.937405776139734e-10
111.24174699536131 4.938729350532059e-09
111.346101354644 2.6485951066569306e-09
111.45045571392671 1.2010928658955757e-09
111.55481007320941 2.577248029480188e-09
111.65916443249212 3.660408039329825e-09
111.76351879177481 1.0464966439020202e-09
111.86787315105752 3.8588276496068134e-09
111.97222751034022 1.4467596267766435e-09
112.07658186962291 1.5070010355527587e-09
112.18093622890562 3.3382747964374863e-09
112.28529058818832 4.161440344796768e-09
112.38964494747103 1.1898018756052389e-11
112.49399930675372 3.844547673485911e-09
112.59835366603646 3.537873406768987e-09
112.70270802531915 1.2804571944347097e-09
112.80706238460186 1.1870902941757276e-09
112.91141674388456 4.832722567667833e-09
113.01577110316725 1.1362806526242695e-09
113.12012546244996 1.5095371828562596e-09
113.22447982173266 1.995062707831653e-09
113.32883418101537 1.9671218110751625e-09
113.43318854029806 1.1011838737193363e-09
113.53754289958077 2.907327065101947e-09
113.64189725886347 3.3043102217607806e-10
113.74625161814618 1.5162348518973223e-09
113.85060597742887 3.2322910859065693e-09
113.95496033671158 1.76180027494192e-09
114.05931469599427 2.4959620016380407e-10
114.16366905527698 3.415980660541795e-09
114.26802341455968 2.394882053283237e-09
114.37237777384239 2.439313735378963e-10
114.47673213312508 1.6824920075408064e-09
114.58108649240779 2.3630590969811514e-09
114.68544085169049 5.962281254134188e-10
114.7897952109732 7.965824958331817e-10
114.89414957025592 1.1263669438242435e-09
114.99850392953861 2.911877203098232e-10
115.10285828882132 1.638987058292801e-09
115.20721264810402 1.2313889709003778e-09
115.31156700738673 7.257778158303207e-11
115.41592136666942 1.2138001382342534e-09
115.52027572595213 2.8744710353933356e-09
115.62463008523483 4.062171975090437e-10
115.72898444451754 6.759049330707935e-10
115.83333880380023 1.6228926717082232e-09
115.93769316308294 1.2914543456064925e-09
116.04204752236564 1.0964480368988207e-11
116.14640188164834 1.3437419222683816e-09
116.25075624093104 4.716559465354252e-10
116.35511060021375 3.281484715176132e-10
116.45946495949644 2.8554552406492064e-10
116.56381931877915 4.107944673323064e-10
116.66817367806185 9.199073767957543e-11
116.77252803734454 1.6726999303858228e-09
116.87688239662725 6.868744151903951e-10
116.98123675590995 3.073847267910339e-11
117.08559111519266 6.110529805071216e-10
117.18994547447538 1.626704573913368e-09
117.29429983375809 4.036537479869211e-10
117.39865419304078 5.391903861135881e-10
117.5030085523235 7.570892125486638e-10
117.60736291160619 3.6644279606709325e-10
117.71171727088888 8.864472302600761e-12
117.81607163017159 4.709434352162034e-10
117.92042598945429 1.387810231627937e-10
118.024780348737 1.9764664176016965e-10
118.12913470801969 4.645307640632454e-10
118.2334890673024 1.7979621921116154e-10
118.3378434265851 4.330178998131439e-11
118.4421977858678 9.14615267309603e-10
118.5465521451505 8.684958761162292e-10
118.65090650443321 6.968372100891704e-11
118.7552608637159 5.396578724324541e-10
118.85961522299861 1.0999622689458503e-09
118.96396958228131 3.2465997284885585e-10
119.06832394156402 8.563583767089804e-11
119.17267830084671 6.344358545704744e-10
119.27703266012942 3.8930046245278275e-10
119.38138701941214 9.445892227113032e-11
119.48574137869484 5.282452833017255e-10
119.59009573797755 1.388364926927014e-10
119.69445009726024 2.342918329020467e-10
119.79880445654295 8.877912234441799e-10
119.90315881582565 7.459185330625862e-10
120.00751317510836 1.181576374640945e-10
120.11186753439105 1.3451156427799963e-09
120.21622189367376 8.765637371081831e-10
120.32057625295646 1.1253098207769238e-10
120.42493061223917 7.744054597845469e-10
120.52928497152186 1.7679068977287932e-09
120.63363933080457 1.3026378604268006e-10
120.73799369008727 5.050026828970114e-10
120.84234804936997 7.637465362835069e-10
120.94670240865267 7.079940364469803e-10
121.05105676793538 5.564717741485401e-10
121.15541112721807 1.5289237452728087e-09
121.25976548650077 1.5537538350178716e-10
121.36411984578348 1.0765537716290466e-09
121.46847420506617 1.4185555214428669e-09
121.57282856434888 7.975974180023388e-10
121.6771829236316 4.5709175234415144e-10
121.78153728291431 2.5246350275254864e-09
121.88589164219701 9.22491230611291e-10
121.99024600147972 3.356678224513712e-10
122.09460036076241 1.4634732467840462e-09
122.19895472004512 1.8839614691805456e-09
122.30330907932782 4.521588918705148e-10
122.40766343861051 1.5151730467052406e-09
122.51201779789322 1.1366029854341953e-09
122.61637215717592 9.008889392802338e-10
122.72072651645863 1.6579058103665592e-09
122.82508087574132 1.4787242252798041e-09
122.92943523502403 4.683607109089239e-10
123.03378959430673 2.1257351023903764e-09
123.13814395358943 2.2461477623158146e-09
123.24249831287213 4.117001640510024e-10
123.34685267215484 1.6688879563332657e-09
123.45120703143753 2.6556982524155635e-09
123.55556139072024 1.185082017251691e-09
123.65991575000294 9.470887072217405e-10
123.76427010928565 2.549786143510445e-09
123.86862446856834 1.1944214101916898e-09
123.97297882785107 1.536033732875379e-09
124.07733318713377 1.6262176314131297e-09
124.18168754641647 1.4168643692705237e-09
124.28604190569918 1.3097059407866994e-09
124.39039626498187 3.0129388783191823e-09
124.49475062426458 7.829085696932103e-10
124.59910498354728 1.5468506444596258e-09
124.70345934282999 2.6665447834206875e-09
124.80781370211268 2.3487816686949646e-09
124.91216806139539 4.942793624878363e-10
125.01652242067809 3.1564539287897356e-09
125.1208767799608 1.96197364943344e-09
125.22523113924349 1.3469606426839085e-09
125.3295854985262 1.4561520240864038e-09
125.4339398578089 2.5877701133372175e-09
125.5382942170916 1.0355155067019906e-09
125.6426485763743 2.5367645481742855e-09
125.74700293565701 1.3872273322095447e-09
125.8513572949397 1.4672717938108386e-09
125.9557116542224 2.2060044330362137e-09
126.06006601350511 2.8374189416562023e-09
126.1644203727878 5.583028897560539e-10
126.26877473207054 2.5188409807136742e-09
126.37312909135323 2.72612014244258e-09
126.47748345063594 1.3309541946146832e-09
126.58183780991864 1.1824217244129823e-09
126.68619216920135 2.9732730358751327e-09
126.79054652848404 1.4864595098454443e-09
126.89490088776674 1.3960619148889843e-09
126.99925524704945 1.920435349498303e-09
127.10360960633214 1.592486429281283e-09
127.20796396561485 1.636984292562482e-09
127.31231832489755 2.1955479769902645e-09
127.41667268418026 1.102641685235988e-09
127.52102704346295 1.4249342204049245e-09
127.62538140274566 2.8612689819994614e-09
127.72973576202835 1.3053219269211437e-09
127.83409012131106 8.871506722231798e-10
127.93844448059376 2.355733793207875e-09
128.04279883987647 2.22337728053739e-09
128.14715319915916 5.462468209175348e-10
128.25150755844186 1.939349143110891e-09
128.35586191772458 1.6932734629355172e-09
128.4602162770073 1.289770819966904e-09
128.56457063629 1.1284926820522428e-09
128.6689249955727 1.6711987059620844e-09
128.7732793548554 7.753954272121136e-10
128.8776337141381 2.117891320640083e-09
128.9819880734208 1.0887775161216549e-09
129.0863424327035 7.707107314666377e-10
129.1906967919862 1.3695407739109601e-09
129.29505115126892 2.400101599051781e-09
129.39940551055162 3.0581004349489695e-10
129.5037598698343 1.3642127929855147e-09
129.608114229117 1.5802340524054554e-09
129.71246858839973 1.1806319217089894e-09
129.81682294768243 3.956506333719592e-10
129.92117730696512 1.705708249131689e-09
130.02553166624782 6.905983731703012e-10
130.12988602553054 1.0273429647089277e-09
130.23424038481323 7.622354388338921e-10
130.33859474409593 7.654896408911783e-10
130.44294910337862 6.163360128574627e-10
130.54730346266132 1.5720220752497851e-09
130.65165782194404 3.8880023691817766e-10
130.75601218122677 5.668504401094163e-10
130.86036654050946 1.255030139334397e-09
130.96472089979216 9.34997231084548e-10
131.06907525907488 1.1031688423957902e-10
131.17342961835757 9.979294579143478e-10
131.27778397764027 9.196171477572644e-10
131.38213833692296 2.614900989072318e-10
131.4864926962057 4.552607968099334e-10
131.59084705548838 5.840845291235799e-10
131.69520141477108 3.535091029074447e-10
131.79955577405377 4.619977835928934e-10
131.90391013333647 4.4252625832604577e-10
132.0082644926192 1.078731669203141e-10
132.11261885190189 7.075892898829492e-10
132.21697321118458 5.547785318778523e-10
132.32132757046728 7.31125011633523e-11
132.42568192975 2.5973169344612896e-10
132.5300362890327 8.838998709771758e-10
132.6343906483154 2.2798974999123716e-10
132.73874500759808 1.5185526328328898e-10
132.8430993668808 3.429427283044982e-10
132.9474537261635 3.448486174025927e-10
133.05180808544623 4.6030431919835296e-11
133.15616244472892 2.9348478455013676e-10
133.26051680401162 1.2331895367414633e-10
133.36487116329434 1.92514020530902e-10
133.46922552257703 2.3951831418129717e-10
133.57357988185973 1.1785998282197452e-10
133.67793424114242 6.256359456786662e-12
133.78228860042515 4.589731116547429e-10
133.88664295970784 4.0104047307150485e-10
133.99099731899054 6.302339660797886e-13
134.09535167827323 1.2265487538811866e-10
134.19970603755596 4.3196113564496354e-10
134.30406039683865 2.0687305958313663e-10
134.40841475612135 6.790429505646243e-11
134.51276911540404 2.4334865950415777e-10
134.61712347468676 1.501675313237875e-10
134.72147783396946 9.87450617546701e-11
134.82583219325215 1.8035448350143044e-10
134.93018655253485 1.3891597765739628e-10
135.03454091181757 1.3925820300832815e-10
135.13889527110027 4.258352048437441e-10
135.24324963038296 1.721764402242657e-10
135.34760398966569 3.9488587743934225e-11
135.45195834894838 4.694659827775176e-10
135.5563127082311 5.547531143696079e-10
135.6606670675138 4.405597634027981e-11
135.7650214267965 2.9220115049004045e-10
135.8693757860792 5.746507267223585e-10
135.9737301453619 2.486723229456848e-10
136.0780845046446 2.1067464313293868e-10
136.1824388639273 4.4132733413107756e-10
136.28679322321 3.2685794263599483e-10
136.3911475824927 3.727531107188974e-10
136.49550194177542 5.643452964349915e-10
136.5998563010581 1.9243608932099363e-10
136.7042106603408 5.315478929125654e-10
136.8085650196235 7.361338902962437e-10
136.91291937890622 4.6025328273385945e-10
137.01727373818892 2.7663862013520716e-10
137.1216280974716 1.1622355512986965e-09
137.2259824567543 5.108726033542646e-10
137.33033681603703 4.0538200610200417e-10
137.43469117531973 6.340669223105852e-10
137.53904553460242 1.1052203626477077e-09
137.64339989388515 3.2519659381205723e-10
137.74775425316784 9.858346236348787e-10
137.85210861245056 5.163130359332161e-10
137.95646297173326 8.875573422838865e-10
138.06081733101595 7.325693575194836e-10
138.16517169029865 1.0976589889059777e-09
138.26952604958137 3.4399934981597124e-10
138.37388040886407 1.5134327013344775e-09
138.47823476814676 9.021948548615076e-10
138.58258912742946 7.134340550241202e-10
138.68694348671218 7.775037631050135e-10
138.79129784599488 1.7277770761013371e-09
138.89565220527757 6.241593812232568e-10
139.00000656456027 1.0205948969776557e-09
139.104360923843 1.1377211723708824e-09
139.20871528312568 1.1448554545160365e-09
139.31306964240838 9.199696846756813e-10
139.41742400169107 1.3000095233571314e-09
139.5217783609738 8.937338481304257e-10
139.6261327202565 1.2366268466760104e-09
139.7304870795392 1.5166399871786797e-09
139.8348414388219 8.56942302065693e-10
139.9391957981046 1.1234733594035628e-09
140.04355015738733 1.6517146959306969e-09
140.14790451667002 1.2889980814723483e-09
140.25225887595272 7.626513116499109e-10
140.35661323523541 1.7889133797112467e-09
140.46096759451814 1.3144782335413353e-09
140.56532195380083 1.150642527845815e-09
140.66967631308353 1.2109716826886557e-09
140.77403067236622 1.5736017001659082e-09
140.87838503164892 1.040401258357822e-09
140.98273939093164 1.6963876747238195e-09
141.08709375021434 1.145278936731547e-09
141.19144810949703 1.2597263694328334e-09
141.29580246877973 1.5549210363310573e-09
141.40015682806245 1.5961690275940853e-09
141.50451118734514 8.48760981087629e-10
141.60886554662784 1.7110928293981315e-09
141.71321990591053 1.660494801197755e-09
141.81757426519326 1.0983507413922554e-09
141.92192862447595 1.2385595017090339e-09
142.02628298375865 1.7969562501890416e-09
142.13063734304137 1.1548098830810726e-09
142.23499170232407 1.3786024530395047e-09
142.3393460616068 1.3744151527620245e-09
142.44370042088948 1.3526772286182421e-09
142.54805478017218 1.2927988292543931e-09
142.65240913945487 1.7463102837816052e-09
142.7567634987376 8.558820472970412e-10
142.8611178580203 1.5854800732757478e-09
142.965472217303 1.4635013043521072e-09
143.06982657658568 1.372001971521895e-09
143.1741809358684 8.3330829070199e-10
143.2785352951511 2.0722557926761966e-09
143.3828896544338 9.687079727398841e-10
143.4872440137165 1.300656523213067e-09
143.59159837299921 1.0451254070216563e-09
143.6959527322819 1.6538355104502526e-09
143.8003070915646 7.87798002755063e-10
143.9046614508473 1.6460383164980244e-09
144.00901581013002 8.150517777301564e-10
144.11337016941272 1.3076299028068746e-09
144.2177245286954 1.1870184885516618e-09
144.3220788879781 1.1730684974667196e-09
144.42643324726083 7.146614367644428e-10
144.53078760654356 1.4076143936605951e-09
144.63514196582625 1.3246055851329903e-09
144.73949632510895 5.954981053814932e-10
144.84385068439164 1.248886199689371e-09
144.94820504367436 9.185322700756093e-10
145.05255940295706 1.1089099489451307e-09
145.15691376223975 5.600861310468916e-10
145.26126812152245 1.4610348764932303e-09
145.36562248080517 4.0481851131228506e-10
145.46997684008787 1.4385482015089005e-09
145.57433119937056 4.692585327466365e-10
145.67868555865326 1.0382851057087502e-09
145.78303991793595 4.696489954486008e-10
145.88739427721868 1.4146417173288702e-09
145.99174863650137 3.1991031651079844e-10
146.09610299578407 1.0531967947694525e-09
146.20045735506676 7.847448522155297e-10
146.30481171434948 6.740021867930757e-10
146.40916607363218 4.1511064519814104e-10
146.51352043291487 8.167511275741368e-10
146.61787479219757 7.248837266632215e-10
146.7222291514803 3.9883818722775235e-10
146.82658351076302 7.458378408385479e-10
146.9309378700457 2.7553333511022693e-10
147.0352922293284 6.70304849440002e-10
147.1396465886111 3.477392557892994e-10
147.24400094789382 5.394918000247778e-10
147.34835530717652 1.39622922253229e-10
147.4527096664592 8.286170195898022e-10
147.5570640257419 3.3942333928211724e-10
147.66141838502463 2.925788494343586e-10
147.76577274430733 3.553504422903489e-10
147.87012710359002 3.920986346147882e-10
147.97448146287272 3.4953117784061747e-10
148.07883582215544 2.340781856685643e-10
148.18319018143814 6.108832847463859e-10
148.28754454072083 5.938541570154713e-11
148.39189890000353 5.874747086507427e-10
148.49625325928625 1.3642387363042066e-11
148.60060761856894 4.48898790564587e-10
148.70496197785164 2.0943686128039496e-11
148.80931633713433 5.628522504600547e-10
148.91367069641706 7.064355156181619e-11
149.01802505569978 4.3449222674209996e-10
149.12237941498248 2.5782229745227017e-10
149.22673377426517 1.2119179044810575e-10
149.33108813354787 1.418251165311953e-10
149.4354424928306 1.706759730332395e-10
149.53979685211328 4.548820542345688e-10
149.64415121139598 1.815880739808471e-11
149.74850557067867 4.3283517412636434e-10
149.8528599299614 1.1463506320675743e-11
149.9572142892441 4.547956270791644e-10
150.0615686485268 7.938285628961582e-11
150.16592300780948 3.588472673367313e-10
150.27027736709218 1.5638881074933112e-10
150.3746317263749 4.930774757059954e-10
150.4789860856576 5.662579373991286e-10
150.5833404449403 1.4739484110674258e-10
150.68769480422299 4.172888651538145e-10
150.7920491635057 1.2222004212249067e-10
150.8964035227884 7.260713785285703e-10
151.0007578820711 5.575135147776376e-11
151.1051122413538 7.818147975350472e-10
151.20946660063652 1.6179333049377253e-11
151.31382095991924 6.462063403698478e-10
151.41817531920194 8.199482861700888e-11
151.52252967848463 5.077940117056871e-10
151.62688403776733 1.6970901612637934e-10
151.73123839705005 5.02088682674184e-10
151.83559275633274 4.457881399223711e-10
151.93994711561544 2.2249468479515473e-10
152.04430147489813 6.847282188884452e-10
152.14865583418086 1.1728860335021958e-10
152.25301019346355 5.910772461965852e-10
152.35736455274625 7.656852638541867e-11
152.46171891202894 1.056708618770167e-09
152.56607327131167 7.437763817159518e-11
152.67042763059436 8.377663588901522e-10
152.77478198987706 1.8982889081271382e-10
152.87913634915975 8.252412727523548e-10
152.98349070844247 3.7279757990854166e-10
153.08784506772517 6.67576322617237e-10
153.19219942700786 4.844584250622511e-10
153.29655378629056 6.419512314136665e-10
153.40090814557328 9.599351646436756e-10
153.505262504856 2.5994148503141723e-10
153.6096168641387 8.578225393958551e-10
153.7139712234214 4.221665675958411e-10
153.8183255827041 1.0533503977250651e-09
153.92267994198681 2.0624219808981144e-10
154.0270343012695 1.1913149764329891e-09
154.1313886605522 4.385502891103598e-10
154.2357430198349 9.612526616798291e-10
154.34009737911762 5.399821558948818e-10
154.44445173840032 9.10377096475767e-10
154.548806097683 7.863014414887887e-10
154.6531604569657 8.347236764991852e-10
154.7575148162484 9.879181614568281e-10
154.86186917553113 6.053484849528872e-10
154.96622353481382 1.4841173844670881e-09
155.07057789409652 4.80417746621619e-10
155.1749322533792 1.2598510559395277e-09
155.27928661266193 5.006051972105358e-10
155.38364097194463 1.7922401199613253e-09
155.48799533122732 3.5471171608632203e-10
155.59234969051002 1.5598855180453834e-09
155.69670404979274 5.675758468655832e-10
155.80105840907547 1.5154290322520437e-09
155.90541276835816 6.415881670691307e-10
156.00976712764086 1.3725542385725481e-09
156.11412148692355 7.734435702721238e-10
156.21847584620627 1.3333400292913262e-09
156.32283020548897 1.0750861206634499e-09
156.42718456477166 9.170863759331002e-10
156.53153892405436 1.1944567607817455e-09
156.63589328333708 1.0973779450238417e-09
156.74024764261978 1.1818182917139765e-09
156.84460200190247 8.007913141063624e-10
156.94895636118517 1.5523621067768505e-09
157.0533107204679 8.36002874780292e-10
157.1576650797506 1.3146402822925432e-09
157.26201943903328 8.529430878856898e-10
157.36637379831598 1.4409899565503033e-09
157.4707281575987 8.710076811467539e-10
157.5750825168814 1.4221083382805153e-09
157.6794368761641 8.400968935860765e-10
157.78379123544678 1.3426044147859193e-09
157.8881455947295 1.131120137704496e-09
157.9924999540122 1.1510133183445707e-09
158.09685431329493 9.450563330299529e-10
158.20120867257762 1.3139327734423582e-09
158.30556303186032 1.1715074200234236e-09
158.40991739114304 9.651324973461547e-10
158.51427175042573 1.1708641223241808e-09
158.61862610970843 1.1220406176347445e-09
158.72298046899112 1.078532868508444e-09
158.82733482827385 1.0525591693253337e-09
158.93168918755654 1.0855889123765855e-09
159.03604354683924 1.0358387569363578e-09
159.14039790612193 1.0965097847463276e-09
159.24475226540463 1.0626465938968842e-09
159.34910662468735 8.7847159467056e-10
159.45346098397005 1.187985592453186e-09
159.55781534325274 9.631527169800602e-10
159.66216970253544 9.668485195110846e-10
159.76652406181816 8.717550898681703e-10
159.87087842110085 1.2052365806114884e-09
159.97523278038355 7.430590773003848e-10
160.07958713966624 1.0309640926346624e-09
160.18394149894897 8.058904438997588e-10
160.28829585823166 1.0379766895619687e-09
160.3926502175144 7.114927695416702e-10
160.49700457679708 1.021984430706344e-09
160.60135893607978 6.402171085550726e-10
160.7057132953625 9.880113275994192e-10
160.8100676546452 7.278741738083053e-10
160.9144220139279 7.844437197967239e-10
161.01877637321059 6.501468544918811e-10
161.1231307324933 8.958196851948672e-10
161.227485091776 6.417849905402879e-10
161.3318394510587 6.390536628543504e-10
161.4361938103414 7.219407384724132e-10
161.54054816962412 6.378625152749608e-10
161.6449025289068 6.252996025961378e-10
161.7492568881895 5.710034638432068e-10
161.8536112474722 6.227818022429758e-10
161.95796560675493 4.917988496373035e-10
162.06231996603762 6.579461415570865e-10
162.16667432532032 4.1855372708609177e-10
162.271028684603 5.45535497371633e-10
162.37538304388573 4.524779605931803e-10
162.47973740316843 5.507727102797383e-10
162.58409176245115 3.0193986922089294e-10
162.68844612173385 5.518636330714465e-10
162.79280048101654 3.48142667594045e-10
162.89715484029927 4.2936786311892484e-10
163.00150919958196 2.8600326294936726e-10
163.10586355886466 4.435097376292967e-10
163.21021791814735 2.544147653996884e-10
163.31457227743007 3.821127872511586e-10
163.41892663671277 2.4813679381120195e-10
163.52328099599546 2.983056512088193e-10
163.62763535527816 2.469164009796179e-10
163.73198971456088 2.872778223113103e-10
163.83634407384358 1.7100778560203466e-10
163.94069843312627 2.4190087496184617e-10
164.04505279240897 2.2413550761852333e-10
164.14940715169166 1.776879472478826e-10
164.25376151097439 1.4007099852660782e-10
164.35811587025708 1.893931509020554e-10
164.46247022953978 1.4838677353794477e-10
164.56682458882247 1.3396751664237313e-10
164.6711789481052 1.3066250525913685e-10
164.7755333073879 1.1082451572694453e-10
164.8798876666706 1.0850720720008078e-10
164.9842420259533 1.2230041918380467e-10
165.088596385236 8.9730854698849e-11
165.19295074451873 7.277298267747399e-11
165.29730510380142 1.0361907417546997e-10
165.40165946308412 1.0054096618496787e-10
165.5060138223668 5.41387139154558e-11
165.61036818164953 8.383629915042222e-11
165.71472254093223 7.98168827204433e-11
165.81907690021492 7.96694166790087e-11
165.92343125949762 5.880290394851748e-11
166.02778561878034 9.562054994004786e-11
166.13213997806304 5.681699428591731e-11
166.23649433734573 9.97400927609157e-11
166.34084869662843 7.749548119908486e-11
166.44520305591115 8.85806639162199e-11
166.54955741519385 7.102443149875706e-11
166.65391177447654 1.478132941600451e-10
166.75826613375924 7.534990765504793e-11
166.86262049304196 1.153759068615129e-10
166.96697485232465 1.1180260408122585e-10
167.07132921160735 1.7501545530925042e-10
167.17568357089007 8.703861173805892e-11
167.28003793017277 1.880118983636307e-10
167.3843922894555 1.3028964716275655e-10
167.48874664873819 2.0901580701487646e-10
167.59310100802088 1.449856935726021e-10
167.69745536730358 2.380967577487833e-10
167.8018097265863 1.4665520521541146e-10
167.906164085869 3.058070833630722e-10
168.0105184451517 1.897612910430009e-10
168.11487280443438 2.703398026182226e-10
168.2192271637171 2.142979761360065e-10
168.3235815229998 3.950163969287521e-10
168.4279358822825 2.0929967745030286e-10
168.5322902415652 3.5848846947348783e-10
168.6366446008479 2.8826654361516994e-10
168.7409989601306 4.17988239682526e-10
168.8453533194133 2.912629349269185e-10
168.949707678696 4.407423852047026e-10
169.0540620379787 3.3394785919904716e-10
169.15841639726142 4.706310951120542e-10
169.2627707565441 4.16744201437453e-10
169.3671251158268 4.4487170877451574e-10
169.47147947510953 4.3459229928560624e-10
169.57583383439223 5.516509549234862e-10
169.68018819367495 4.815501400105945e-10
169.78454255295765 4.767994871970161e-10
169.88889691224034 5.893228510183454e-10
169.99325127152304 5.639656797319786e-10
170.09760563080576 5.59140134836353e-10
170.20195999008845 5.646633377975976e-10
170.30631434937115 6.704610743427043e-10
170.41066870865384 5.772932364712241e-10
170.51502306793657 7.126006179837717e-10
170.61937742721926 5.908124745940857e-10
170.72373178650196 7.385108161976393e-10
170.82808614578465 6.699788021643867e-10
170.93244050506738 7.932701960076338e-10
171.03679486435007 5.917539428012597e-10
171.14114922363277 8.87366807621406e-10
171.24550358291546 7.260506803821119e-10
171.34985794219818 8.1146059543096e-10
171.45421230148088 6.815104591519685e-10
171.55856666076357 9.672608021414946e-10
171.6629210200463 7.233702207511239e-10
171.767275379329 9.129184867268856e-10
171.87162973861172 7.533373245240389e-10
171.9759840978944 9.54926910103076e-10
172.0803384571771 8.008806031570564e-10
172.1846928164598 9.834486642404702e-10
172.28904717574252 7.410064374082059e-10
172.39340153502522 1.017547044907508e-09
172.49775589430791 8.914164344563449e-10
172.6021102535906 9.386448460893064e-10
172.70646461287333 8.016697819190712e-10
172.81081897215603 1.0723734389068052e-09
172.91517333143872 8.760872743979513e-10
173.01952769072142 9.455550337329523e-10
173.1238820500041 9.053517786239443e-10
173.22823640928684 9.99418217760771e-10
173.33259076856953 8.973330896361506e-10
173.43694512785223 9.959228320818585e-10
173.54129948713492 8.923387742517024e-10
173.64565384641764 9.663749020789044e-10
173.75000820570034 9.836346977746071e-10
173.85436256498303 9.352672769274853e-10
173.95871692426576 8.829372222243072e-10
174.06307128354848 1.0102652245886609e-09
174.16742564283118 9.604845034332768e-10
174.27178000211387 8.664337068309522e-10
174.37613436139657 9.588953221649415e-10
174.48048872067926 9.481345540507704e-10
174.58484307996198 9.167109772222342e-10
174.68919743924468 8.823738353917046e-10
174.79355179852737 9.489903931192744e-10
174.89790615781007 8.453458280460427e-10
175.0022605170928 9.738081973936253e-10
175.1066148763755 8.233191948582462e-10
175.21096923565818 8.790169820337681e-10
175.31532359494088 8.371924257375905e-10
175.4196779542236 9.663749270971353e-10
175.5240323135063 7.072953918896393e-10
175.628386672789 9.005845708182622e-10
175.7327410320717 7.8840452860102e-10
175.8370953913544 8.602479202151711e-10
175.9414497506371 6.858254201759428e-10
176.0458041099198 8.824984398587753e-10
176.1501584692025 6.665640621216518e-10
176.25451282848522 8.269952979939505e-10
176.35886718776794 6.684404736694387e-10
176.46322154705064 7.483553238015082e-10
176.56757590633333 6.254663505914128e-10
176.67193026561603 7.893452346802653e-10
176.77628462489875 5.736474162507732e-10
176.88063898418145 6.729627703471405e-10
176.98499334346414 6.143665099213275e-10
177.08934770274684 6.428630595428194e-10
177.19370206202956 5.224629921682593e-10
177.29805642131225 6.342178142211141e-10
177.40241078059495 5.197739584446579e-10
177.50676513987764 5.385956295992945e-10
177.61111949916037 5.150330013967128e-10
177.71547385844306 5.118629227834576e-10
177.81982821772576 4.4380702655213553e-10
177.92418257700845 5.011027557214246e-10
178.02853693629115 4.37672280155329e-10
178.13289129557387 4.0035684597933176e-10
178.23724565485657 4.2878703633587337e-10
178.34160001413926 4.03473626531016e-10
178.44595437342196 3.524736379053366e-10
178.5503087327047 3.5911563365266944e-10
178.6546630919874 3.67382870996414e-10
178.7590174512701 2.944583826674529e-10
178.8633718105528 3.2842593417882917e-10
178.9677261698355 2.9111139350543306e-10
179.0720805291182 2.77725068799979e-10
179.1764348884009 2.5279197893505686e-10
179.2807892476836 2.8112526479129503e-10
179.3851436069663 2.0118991193656084e-10
179.48949796624902 2.3794766506728083e-10
179.5938523255317 2.1414123181572175e-10
179.6982066848144 1.978353721171606e-10
179.8025610440971 1.6138299950664773e-10
179.90691540337983 1.9930575687826285e-10
180.01126976266252 1.48548569417001e-10
180.11562412194522 1.520335421013173e-10
180.2199784812279 1.4396693754494804e-10
180.32433284051064 1.303323663757294e-10
180.42868719979333 1.0855347115358619e-10
180.53304155907603 1.2995860841511675e-10
180.63739591835872 1.0646515647966206e-10
180.74175027764144 8.541844336103464e-11
180.84610463692417 1.0155853227652864e-10
180.95045899620686 9.007620566532799e-11
181.05481335548956 7.341556589550619e-11
181.15916771477225 7.517326513114483e-11
181.26352207405498 8.807218027655693e-11
181.36787643333767 5.655153069800315e-11
181.47223079262037 7.399783314325e-11
181.57658515190306 6.568615180419094e-11
181.68093951118578 6.458367064071127e-11
181.78529387046848 5.7315168973085325e-11
181.88964822975117 8.627496157773841e-11
181.99400258903387 5.362925612801643e-11
182.0983569483166 6.606897228698667e-11
182.2027113075993 7.929240362300482e-11
182.30706566688198 8.059534154839387e-11
182.41142002616468 6.409484007585422e-11
182.51577438544737 9.310716291775123e-11
182.6201287447301 9.616964327736499e-11
182.7244831040128 8.171930857363228e-11
182.82883746329549 1.119417145838131e-10
182.93319182257818 1.0681483827371337e-10
183.03754618186093 1.1766111358379114e-10
183.14190054114363 1.1810023266024315e-10
183.24625490042632 1.6176773166971444e-10
183.35060925970902 1.1102461480728795e-10
183.4549636189917 1.826788486111338e-10
183.55931797827444 1.5713479119242107e-10
183.66367233755713 1.9198426821277502e-10
183.76802669683983 1.5062513473518507e-10
183.87238105612252 2.6037710291478336e-10
183.97673541540524 1.7174985716642485e-10
184.08108977468794 2.566720234081126e-10
184.18544413397063 2.1355169936879031e-10
184.28979849325333 2.984212823403237e-10
184.39415285253605 2.115850545037189e-10
184.49850721181875 3.501461495621349e-10
184.60286157110144 2.4606575596676193e-10
184.70721593038414 3.5083576949208027e-10
184.81157028966686 2.9639890374128796e-10
184.91592464894956 3.938331503632035e-10
185.02027900823225 2.8501397061075267e-10
185.12463336751495 4.471928327712759e-10
185.22898772679767 3.5400730889011336e-10
185.3333420860804 4.2476132078905294e-10
185.4376964453631 3.818672793027658e-10
185.54205080464578 4.981400856559238e-10
185.64640516392848 3.923385202843024e-10
185.7507595232112 5.1235442066539e-10
185.8551138824939 4.6028607812108646e-10
185.9594682417766 5.085804662559584e-10
186.0638226010593 4.938863238723347e-10
186.168176960342 5.752942750125677e-10
186.2725313196247 4.95999425556364e-10
186.3768856789074 5.788166428448963e-10
186.4812400381901 5.930920398921369e-10
186.58559439747282 5.722169522200166e-10
186.6899487567555 5.92126350034051e-10
186.7943031160382 6.521769861447777e-10
186.8986574753209 6.21552150562679e-10
187.0030118346036 6.168763700077242e-10
187.10736619388632 7.09060732613992e-10
187.21172055316902 6.466354469124263e-10
187.3160749124517 6.92231050955571e-10
187.4204292717344 6.963301447418128e-10
187.52478363101713 7.346891498927008e-10
187.62913799029985 6.665968442201729e-10
187.73349234958255 8.090942050892475e-10
187.83784670886524 6.960272188981645e-10
187.94220106814797 7.69434170048355e-10
188.04655542743066 7.46925538711483e-10
188.15090978671336 8.305928349656077e-10
188.25526414599605 6.914237309390799e-10
188.35961850527875 8.712644300964889e-10
188.46397286456147 7.555663608355965e-10
188.56832722384416 8.236506558876081e-10
188.67268158312686 7.625649285977215e-10
188.77703594240955 8.90726929054901e-10
188.88139030169228 7.286639633748393e-10
188.98574466097497 8.935290597467559e-10
189.09009902025767 7.829495632492699e-10
189.19445337954036 8.474281328044391e-10
189.2988077388231 7.841384298192349e-10
189.40316209810578 9.101179323483638e-10
189.50751645738848 7.400502728441248e-10
189.61187081667117 8.781330677506937e-10
189.7162251759539 8.156882161118499e-10
189.8205795352366 8.429370098920877e-10
189.9249338945193 7.693991487729589e-10
190.029288253802 8.910172403032321e-10
190.1336426130847 7.61261107996137e-10
190.23799697236743 8.350222946883915e-10
190.34235133165012 8.099786687274972e-10
190.44670569093282 8.104913247465881e-10
190.5510600502155 7.587879361575785e-10
190.65541440949823 8.390089099319059e-10
190.75976876878093 7.601207399093928e-10
190.86412312806362 7.669528638879993e-10
190.96847748734632 7.960983303525682e-10
191.07283184662904 7.495872183967062e-10
191.17718620591174 7.29966543682548e-10
191.28154056519443 7.656977392657727e-10
191.38589492447713 7.479565306005145e-10
191.49024928375985 6.745249788959795e-10
191.59460364304255 7.516128351065686e-10
191.69895800232524 6.863411727284312e-10
191.80331236160794 6.870304794455652e-10
191.90766672089063 6.648972408500943e-10
192.01202108017335 6.99478721704515e-10
192.11637543945605 5.92708512974234e-10
192.22072979873877 6.855450860779867e-10
192.32508415802147 6.060342830100708e-10
192.4294385173042 6.101943449207661e-10
192.5337928765869 5.682695579742314e-10
192.63814723586958 6.332491131514762e-10
192.74250159515228 5.076000216460909e-10
192.84685595443497 5.827984117623463e-10
192.9512103137177 5.256079146726919e-10
193.0555646730004 5.265456341308744e-10
193.15991903228309 4.656743999772083e-10
193.26427339156578 5.373256324037318e-10
193.3686277508485 4.3192545637471544e-10
193.4729821101312 4.733325278537403e-10
193.5773364694139 4.3392560415346846e-10
193.6816908286966 4.3186912553389174e-10
193.7860451879793 3.746832688414475e-10
193.890399547262 4.329391540887997e-10
193.9947539065447 3.5447417039730434e-10
194.0991082658274 3.6075693218201604e-10
194.20346262511012 3.474486383811578e-10
194.30781698439282 3.4030017221601095e-10
194.41217134367554 2.894988013797104e-10
194.51652570295823 3.244954380800671e-10
194.62088006224093 2.8370322917723646e-10
194.72523442152365 2.6020882867600074e-10
194.82958878080635 2.6290173733346463e-10
194.93394314008904 2.560695129046726e-10
195.03829749937174 2.1552055876987728e-10
195.14265185865446 2.2476183108389174e-10
195.24700621793716 2.1445514313062508e-10
195.35136057721985 1.8173671301613984e-10
195.45571493650255 1.869396243748197e-10
195.56006929578527 1.821920164737794e-10
195.66442365506796 1.493767002980482e-10
195.76877801435066 1.4718329470385347e-10
195.87313237363335 1.5437556512764416e-10
195.97748673291608 1.2534612680581569e-10
196.08184109219877 1.1778128591252597e-10
196.18619545148147 1.2504666479498306e-10
196.29054981076416 1.0077857186866165e-10
196.39490417004686 9.550028756826307e-11
196.49925852932958 9.953171521352504e-11
196.60361288861228 9.05707696130328e-11
196.707967247895 6.931349736432936e-11
196.8123216071777 8.98317123568931e-11
196.91667596646042 6.597477110099718e-11
197.0210303257431 6.845640894324851e-11
197.1253846850258 6.160476849180943e-11
197.2297390443085 7.895557795308982e-11
197.3340934035912 4.2527458193644145e-11
197.43844776287392 7.314551986708466e-11
197.54280212215662 5.140369117932148e-11
197.6471564814393 6.647951594443377e-11
197.751510840722 4.487153987617869e-11
197.85586520000473 8.355136761058773e-11
197.96021955928742 4.345796389108486e-11
198.06457391857012 7.488959953920301e-11
198.1689282778528 5.930695683414235e-11
198.27328263713554 8.465497749523714e-11
198.37763699641823 5.4627801398122695e-11
198.48199135570093 1.011744429448718e-10
198.58634571498362 7.343487664136807e-11
198.69070007426635 9.42565485697933e-11
198.79505443354904 9.042570467797289e-11
198.89940879283174 1.1961415672416267e-10
199.00376315211446 9.274341825643865e-11
199.10811751139715 1.2921996333721458e-10
199.21247187067988 1.3145605417207056e-10
199.31682622996257 1.3228680623268215e-10
199.42118058924527 1.4176712402479367e-10
199.52553494852796 1.6645171330866775e-10
199.62988930781069 1.599833709572167e-10
199.73424366709338 1.7092028390864953e-10
199.83859802637608 2.081059347081863e-10
199.94295238565877 1.8521955695616905e-10
