0.0 0.0
0.10435435928270291 5.510089969588876e-08
0.20870871856540582 1.7434929027869553e-07
0.3130630778481087 2.104571257775668e-07
0.41741743713081164 4.891043784623977e-07
0.5217717964135146 4.3884928140420145e-06
0.6261261556962174 0.00041937154126377396
0.7304805149789203 0.0036880172042820644
0.8348348742616233 0.008790336223969202
0.9391892335443263 0.006744773158367549
1.0435435928270291 0.0012311426007673332
1.1478979521097321 2.2671537991714753e-07
1.2522523113924349 1.3102018766013028e-05
1.3566066706751378 4.327699715987788e-06
1.4609610299578406 1.417245029316888e-08
1.5653153892405436 1.472655139093116e-06
1.6696697485232466 7.820015563269598e-07
1.7740241078059495 8.854413858118964e-08
1.8783784670886525 4.302306325015076e-07
1.9827328263713553 2.436053295607881e-07
2.0870871856540583 1.9984410236755105e-07
2.1914415449367612 2.822573081703492e-07
2.2957959042194642 3.1190152297331453e-06
2.400150263502167 4.630676747808599e-06
2.5045046227848697 4.340711197643045e-06
2.6088589820675727 4.281280219496653e-06
2.7132133413502757 1.5853762706401185e-06
2.8175677006329787 3.0703181487641105e-07
2.921922059915681 7.465099948755095e-08
3.026276419198384 1.2569814133208788e-08
3.130630778481087 3.066131803537159e-08
3.23498513776379 6.581779921963093e-08
3.339339497046493 3.821548738743567e-09
3.4436938563291957 1.442223122934347e-08
3.548048215611899 3.315558090893034e-08
3.6524025748946016 3.4479752496079386e-08
3.756756934177305 8.417283684286791e-08
3.8611112934600076 7.316131530067383e-08
3.9654656527427106 1.201440137410421e-08
4.0698200120254135 6.014260835903676e-08
4.1741743713081165 2.7771962938390857e-08
4.2785287305908195 4.760884447918164e-08
4.3828830898735225 9.660566984464213e-08
4.4872374491562255 5.860215403230765e-08
4.5915918084389284 2.2990449553833363e-08
4.6959461677216305 4.155084005553847e-08
4.800300527004334 4.562824615608968e-08
4.9046548862870365 2.020754051153898e-08
5.0090092455697395 4.088656166507829e-08
5.1133636048524425 4.906699053073596e-08
5.217717964135145 1.6418768870694953e-08
5.322072323417848 2.646933510588474e-08
5.426426682700551 1.749254018453619e-08
5.530781041983254 4.593077578236031e-09
5.635135401265957 1.5817219596498352e-08
5.73948976054866 1.4575394543148072e-08
5.843844119831362 9.077174111289342e-10
5.948198479114066 3.661039529144849e-09
6.052552838396768 3.2402848232085127e-09
6.156907197679472 8.278712743175323e-10
6.261261556962174 1.287971574784307e-09
6.365615916244878 1.9893753019112006e-09
6.46997027552758 1.3192080597604822e-08
6.574324634810284 2.9853104283678498e-09
6.678678994092986 4.462268188583573e-09
6.783033353375689 1.691853975051275e-08
6.887387712658391 2.399479808141895e-08
6.991742071941095 3.9548112872953314e-08
7.096096431223798 4.669464571637823e-08
7.200450790506501 1.4264739059380115e-08
7.304805149789203 2.325537239376274e-08
7.409159509071906 8.084327474605371e-08
7.51351386835461 8.334157747505559e-08
7.617868227637313 8.036878478263358e-08
7.722222586920015 7.337872036187472e-08
7.826576946202718 6.153102149537694e-08
7.930931305485421 1.0071137971165368e-07
8.035285664768125 1.6602453972499803e-07
8.139640024050827 1.3505093200387076e-07
8.24399438333353 1.3504831350039957e-07
8.348348742616233 1.9492351656507923e-07
8.452703101898935 1.9285133720471764e-07
8.557057461181639 1.9895899518818466e-07
8.661411820464341 2.709521687493886e-07
8.765766179747045 3.2554805301824655e-07
8.870120539029747 3.8868220102865714e-07
8.974474898312451 4.099122620477224e-07
9.078829257595153 3.100574673554429e-07
9.183183616877857 4.097941889546268e-07
9.287537976160559 7.79561500076345e-07
9.391892335443261 8.980582318405931e-07
9.496246694725965 6.868024207091486e-07
9.600601054008669 4.735777321356939e-07
9.704955413291371 7.025749949306858e-07
9.809309772574073 1.404282540945561e-06
9.913664131856777 1.9222043691987555e-06
10.018018491139479 1.3200366776880066e-06
10.122372850422183 6.146719407795302e-07
10.226727209704885 1.0485556562651748e-06
10.331081568987589 2.440796432372918e-06
10.43543592827029 3.1867598227720657e-06
10.539790287552993 2.3859327053572614e-06
10.644144646835697 9.337599703640974e-07
10.7484990061184 1.3846928872243112e-06
10.852853365401103 3.828384223703473e-06
10.957207724683805 5.124511901675472e-06
11.061562083966509 3.643068224219628e-06
11.165916443249213 1.4860842833350264e-06
11.270270802531915 1.969006319317616e-06
11.374625161814617 5.19704381143476e-06
11.47897952109732 7.504121225665926e-06
11.583333880380025 5.514131351282923e-06
11.687688239662725 2.4381276623864475e-06
11.792042598945429 2.9134695548111446e-06
11.896396958228133 6.7370357171271175e-06
12.000751317510835 9.089783724101488e-06
12.105105676793537 7.552225063824596e-06
12.20946003607624 4.618156620767288e-06
12.313814395358945 5.128521488197526e-06
12.418168754641647 8.530550803371164e-06
12.522523113924349 9.984857914173692e-06
12.626877473207053 8.895228016354906e-06
12.731231832489756 9.06652236708522e-06
12.835586191772459 1.0939072375586513e-05
12.93994055105516 1.1185292296295123e-05
13.044294910337864 9.178938455135499e-06
13.148649269620568 1.0257588072018184e-05
13.253003628903269 1.8189117756563596e-05
13.357357988185973 2.4809906988814547e-05
13.461712347468676 1.7921638234644368e-05
13.566066706751378 5.9214417728245375e-06
13.67042106603408 1.1708404461521558e-05
13.774775425316783 3.9182818345171445e-05
13.879129784599488 5.64647564293118e-05
13.98348414388219 3.656384660134785e-05
14.087838503164894 3.240699538827388e-06
14.192192862447596 1.7114165782744123e-05
14.296547221730298 8.60183936066233e-05
14.400901581013002 0.00013200560212156204
14.505255940295704 8.856681728472906e-05
14.609610299578407 1.3508489711082371e-05
14.71396465886111 4.116508185652406e-05
14.818319018143812 0.00019401455928553382
14.922673377426518 0.0003126751133705099
15.02702773670922 0.00024086483749134784
15.131382095991922 8.385446131114342e-05
15.235736455274626 0.00011648185693120658
15.340090814557328 0.0004222542492816059
15.44444517384003 0.0006982247802194081
15.548799533122734 0.0006217332259461712
15.653153892405436 0.0003101368552947189
15.757508251688138 0.0002799184263517245
15.861862610970842 0.0007552596451854183
15.966216970253544 0.0012851686940505422
16.07057132953625 0.001235742275635813
16.174925688818952 0.0006826244765378356
16.279280048101654 0.0004055535684889713
16.38363440738436 0.000887550766373257
16.48798876666706 0.0015615241412320069
16.59234312594976 0.001487214925637323
16.696697485232466 0.0006807041362911441
16.801051844515168 0.00019899904366438734
16.90540620379787 0.0006845785836107728
17.009760563080576 0.001333190608975928
17.114114922363278 0.0010435157036154925
17.21846928164598 0.00028132784158208836
17.322823640928682 0.0008574707769880196
17.427178000211384 0.0032885247911943988
17.53153235949409 0.005543528033838061
17.635886718776792 0.005776333236673317
17.740241078059494 0.006052118701250192
17.8445954373422 0.011230825389472466
17.948949796624902 0.022622208223225162
18.053304155907604 0.0344136477005355
18.157658515190306 0.039295831609391534
18.262012874473008 0.03837614332521822
18.366367233755714 0.04200224347693451
18.470721593038416 0.05775157411819121
18.575075952321118 0.07807675060707847
18.679430311603824 0.08663685784045697
18.783784670886522 0.07847979986389429
18.888139030169224 0.07136072182919881
18.99249338945193 0.08846528142186477
19.096847748734632 0.1289801364170194
19.201202108017338 0.16130785378881637
19.30555646730004 0.15561753763496242
19.409910826582742 0.1186648533605392
19.514265185865444 0.09043831285155231
19.618619545148146 0.09625905404671724
19.722973904430848 0.11228876032889866
19.827328263713554 0.09121506328853086
19.931682622996256 0.031824906841464856
20.036036982278958 0.00696038157996807
20.140391341561664 0.10562602302076957
20.244745700844366 0.33195343257969173
20.349100060127068 0.568529830574151
20.45345441940977 0.6641157761315671
20.557808778692472 0.5588512267851847
20.662163137975178 0.344497802982951
20.76651749725788 0.17728397817133554
20.87087185654058 0.14891501355217157
20.975226215823287 0.22175776108698875
21.079580575105986 0.28852174722904506
21.18393493438869 0.2797710896639744
21.288289293671394 0.21090247693811823
21.392643652954096 0.14247455890644706
21.4969980122368 0.11078742493197187
21.601352371519503 0.1055094057700784
21.705706730802206 0.09949629698748236
21.810061090084908 0.08283628133692128
21.91441544936761 0.06444649140458177
22.018769808650312 0.05083760241750192
22.123124167933018 0.03750763705458337
22.22747852721572 0.02022009973988977
22.331832886498425 0.005285846108085618
22.436187245781127 0.0019234485404708021
22.54054160506383 0.008742732086324485
22.64489596434653 0.014651470764099598
22.749250323629234 0.013444945212474963
22.853604682911936 0.01152348519319065
22.95795904219464 0.017143918452467825
23.062313401477343 0.026645692256422722
23.16666776076005 0.027659376115170525
23.27102212004275 0.016564607470158893
23.37537647932545 0.006822976785809096
23.479730838608155 0.014795008707788196
23.584085197890857 0.039358222580395834
23.68843955717356 0.06087588311833691
23.792793916456265 0.06231533783176392
23.897148275738967 0.04744497005909862
24.00150263502167 0.0353999823571819
24.10585699430437 0.038363288142529026
24.210211353587074 0.049851870292905144
24.31456571286978 0.055076956656184985
24.41892007215248 0.04952388484810937
24.523274431435183 0.04242082894058329
24.62762879071789 0.04338218257100732
24.73198315000059 0.049960659088282885
24.836337509283293 0.05145139992868366
24.940691868565995 0.04223120239630096
25.045046227848697 0.02817499264324754
25.1494005871314 0.018891767606592967
25.253754946414105 0.01709429877892376
25.358109305696807 0.017351215222637658
25.462463664979513 0.014145224477500135
25.566818024262215 0.008017513558597684
25.671172383544917 0.0032798018491526086
25.77552674282762 0.0019251515440708372
25.87988110211032 0.0019708764529381474
25.984235461393023 0.0011725287637050078
26.08858982067573 8.529079854430527e-05
26.19294417995843 0.0005729871179934247
26.297298539241137 0.0026052657558229032
26.401652898523835 0.00417235983837711
26.506007257806537 0.004200781478203701
26.610361617089243 0.004137930829903051
26.714715976371945 0.005901881710716683
26.819070335654647 0.009037455041811835
26.923424694937353 0.011015886826721145
27.027779054220055 0.010260612840199515
27.132133413502757 0.00804709528873445
27.23648777278546 0.0068814182609112096
27.34084213206816 0.007597177685365601
27.445196491350863 0.00861401976188996
27.549550850633565 0.008073366475033037
27.653905209916275 0.005923967484473103
27.758259569198977 0.003729618695297167
27.86261392848168 0.002750474404428419
27.96696828776438 0.002819297423899755
28.07132264704708 0.0029139013684839096
28.17567700632979 0.0024310914554711923
28.28003136561249 0.001570880173920682
28.384385724895193 0.0008306998902708261
28.488740084177895 0.0004626479367319704
28.593094443460597 0.0004800384022101913
28.6974488027433 0.0008311092188497565
28.801803162026005 0.0013733301161277197
28.906157521308707 0.0018011370485986717
29.01051188059141 0.0018244443615860354
29.11486623987411 0.0014863625845081953
29.219220599156813 0.0011640247096402448
29.323574958439522 0.001205991207330418
29.42792931772222 0.0015599047708502877
29.532283677004923 0.001863757680316496
29.636638036287625 0.0018081005039387514
29.740992395570327 0.0014134772703435499
29.845346754853036 0.0009406320972795906
29.94970111413574 0.0006581070177227883
30.05405547341844 0.0006593885722711988
30.158409832701143 0.0008726524101878699
30.262764191983845 0.001111522889015395
30.367118551266543 0.0011878273581709864
30.471472910549252 0.0010268687466086276
30.575827269831954 0.000740416125814314
30.680181629114657 0.0005379474753868157
30.78453598839736 0.0005389786185755793
30.88889034768006 0.0006574831879031753
30.993244706962766 0.0007010448868464577
31.09759906624547 0.0005670674115884006
31.20195342552817 0.00032945499752085847
31.306307784810873 0.00013473849330302644
31.410662144093575 5.1711835592953215e-05
31.515016503376277 4.706077673536507e-05
31.619370862658986 6.424711012986895e-05
31.723725221941685 8.72934085830533e-05
31.828079581224387 0.00011562770595734209
31.93243394050709 0.00012975776939523623
32.03678829978979 0.00010675878223775108
32.1411426590725 6.359254613571049e-05
32.2454970183552 4.865834365588531e-05
32.349851377637904 8.454850377136501e-05
32.454205736920606 0.00013473280000645158
32.55856009620331 0.00014493081993026218
32.66291445548601 0.00010150661212572619
32.76726881476872 4.307284894321527e-05
32.87162317405142 1.2591196693631277e-05
32.97597753333412 1.4824469736367422e-05
33.08033189261682 2.5155081378911123e-05
33.18468625189952 2.5329634755933746e-05
33.28904061118223 1.7304307937481035e-05
33.39339497046493 9.949773418521741e-06
33.497749329747634 5.693940931496363e-06
33.602103689030336 2.0012549843780376e-06
33.70645804831304 1.5624325673285712e-07
33.81081240759574 2.6865445927470094e-06
33.91516676687845 7.488752743372382e-06
34.01952112616115 9.004305614459575e-06
34.123875485443854 5.861589643393391e-06
34.228229844726556 2.0692367908786284e-06
34.33258420400926 1.1794451748261435e-06
34.43693856329196 1.8459536615424055e-06
34.54129292257466 1.219234784024347e-06
34.645647281857364 2.8358704768057964e-07
34.75000164114007 1.8135316508277834e-06
34.85435600042277 5.374465277172084e-06
34.95871035970548 6.653894270771319e-06
35.06306471898818 4.224090385059222e-06
35.16741907827088 1.2174354488748252e-06
35.271773437553584 1.8452953042271942e-06
35.376127796836286 5.156304740856395e-06
35.48048215611899 6.869514149275994e-06
35.5848365154017 4.819375052955253e-06
35.6891908746844 1.9655472822070532e-06
35.7935452339671 1.4440034028774992e-06
35.897899593249804 3.0586304191542694e-06
36.002253952532506 4.018287268840739e-06
36.10660831181521 3.088129979834753e-06
36.21096267109791 1.688996701228231e-06
36.31531703038061 1.4674824597953128e-06
36.419671389663314 2.1886391401125218e-06
36.524025748946016 2.4510663311457706e-06
36.62838010822872 2.029134430256928e-06
36.73273446751143 1.5317671969034827e-06
36.83708882679413 1.4309913065277735e-06
36.94144318607683 1.2967039600487268e-06
37.045797545359534 1.005375125347668e-06
37.150151904642236 7.953453063069898e-07
37.254506263924945 9.064612310203435e-07
37.35886062320765 9.17424675616345e-07
37.46321498249035 5.443904778804001e-07
37.567569341773044 1.1159939720336866e-07
37.671923701055746 1.1625744783896949e-07
37.77627806033845 4.1252755488982e-07
37.88063241962116 4.6490686184794954e-07
37.98498677890386 2.2421531434738793e-07
38.08934113818656 1.1589253457277995e-07
38.193695497469264 2.6202099084919844e-07
38.298049856751966 3.291486077203184e-07
38.402404216034675 2.0225548182570622e-07
38.50675857531738 2.593785942241891e-07
38.61111293460008 6.850705276239642e-07
38.71546729388278 9.711130796314946e-07
38.819821653165484 5.763581855393962e-07
38.924176012448186 8.836298744104206e-08
39.02853037173089 4.231191914268187e-07
39.13288473101359 1.4411629277926381e-06
39.23723909029629 1.8296773281222116e-06
39.341593449578994 1.0460230551868236e-06
39.445947808861696 1.1252338745777807e-07
39.550302168144405 4.7472025226637817e-07
39.65465652742711 1.9313942341519394e-06
39.75901088670981 2.610079982633155e-06
39.86336524599251 1.5777214078272026e-06
39.967719605275214 2.0620287107226286e-07
40.072073964557916 5.123357778537561e-07
40.176428323840625 2.2273829247647623e-06
40.28078268312333 3.084228082763226e-06
40.38513704240603 1.9004064129876995e-06
40.48949140168873 3.4322370026405035e-07
40.59384576097143 5.298133420452997e-07
40.698200120254135 2.1624885003191216e-06
40.80255447953684 3.0180804942028057e-06
40.90690883881954 2.0813171716810933e-06
41.01126319810224 6.294671692616023e-07
41.115617557384944 5.746089123544693e-07
41.21997191666765 1.8643776973092026e-06
41.324326275950355 2.696360329205112e-06
41.42868063523306 2.0514453762166403e-06
41.53303499451576 9.77406612629408e-07
41.63738935379846 8.397291944054921e-07
41.74174371308116 1.6505658806365906e-06
41.84609807236387 2.1900270587770895e-06
41.950452431646575 1.838742491091245e-06
42.05480679092928 1.303553351708585e-06
42.15916115021197 1.3542827463196613e-06
42.263515509494674 1.615592709294209e-06
42.36786986877738 1.5649061960102729e-06
42.472224228060085 1.5269330297476643e-06
42.57657858734279 1.7998290941860175e-06
42.68093294662549 1.981808579813191e-06
42.78528730590819 1.6039862792081496e-06
42.889641665190894 1.1368688833267812e-06
42.9939960244736 1.3846729077771478e-06
43.098350383756305 2.1617156417647736e-06
43.20270474303901 2.3878443700770034e-06
43.30705910232171 1.7345729478984918e-06
43.41141346160441 9.840221983129042e-07
43.51576782088712 1.1881219498297952e-06
43.620122180169815 2.156261222743169e-06
43.72447653945252 2.7138730400652444e-06
43.82883089873522 2.0098766833289726e-06
43.93318525801792 9.310783709692214e-07
44.037539617300624 9.491171997939289e-07
44.14189397658333 2.0638712600862015e-06
44.246248335866035 2.804210353210757e-06
44.35060269514874 2.1684952791247663e-06
44.45495705443144 9.708902949812286e-07
44.55931141371414 7.819006477095788e-07
44.66366577299685 1.8981483567378065e-06
44.76802013227955 2.680828443124476e-06
44.872374491562255 2.097301302080299e-06
44.97672885084496 9.778890806563514e-07
45.08108321012766 7.892650553896923e-07
45.18543756941036 1.6064014722129634e-06
45.28979192869306 2.268146479022856e-06
45.394146287975765 1.896371229945038e-06
45.49850064725847 1.0277006752834394e-06
45.60285500654117 8.225856747688062e-07
45.70720936582387 1.3507249185448946e-06
45.81156372510658 1.810504209715637e-06
45.91591808438928 1.5630507454660996e-06
46.020272443671985 1.0406441841784453e-06
46.12462680295469 9.253789043658793e-07
46.22898116223739 1.201259210473787e-06
46.3333355215201 1.3063116956082258e-06
46.4376898808028 1.1723155973640238e-06
46.5420442400855 1.0743275389345867e-06
46.646398599368204 1.0706567269611549e-06
46.7507529586509 1.0433952751237972e-06
46.8551073179336 9.260230400833429e-07
46.95946167721631 8.874066967827512e-07
47.06381603649901 1.0153897840419805e-06
47.168170395781715 1.15761060921859e-06
47.27252475506442 9.823938181650773e-07
47.37687911434712 6.64882445381692e-07
47.48123347362983 6.334720021384238e-07
47.58558783291253 9.198169759712159e-07
47.68994219219523 1.119467389971353e-06
47.794296551477935 9.388030822251907e-07
47.89865091076064 5.444508085339335e-07
48.00300527004334 4.176821737238483e-07
48.10735962932605 7.270818792023931e-07
48.21171398860874 1.044736789954411e-06
48.316068347891445 9.018491248870294e-07
48.42042270717415 4.554488196481751e-07
48.52477706645685 2.6520984173427183e-07
48.62913142573956 5.564159434596989e-07
48.73348578502226 9.014711207088389e-07
48.83784014430496 8.003583556325669e-07
48.942194503587665 3.769682494566721e-07
49.04654886287037 1.7448531673822426e-07
49.15090322215307 4.095911639966625e-07
49.25525758143578 7.020654116642598e-07
49.35961194071848 6.375131144134951e-07
49.46396630000118 2.942609864233701e-07
49.568320659283884 1.3541523369287017e-07
49.672675018566586 2.866623546175093e-07
49.77702937784929 4.689330739472146e-07
49.88138373713199 4.1151716912804536e-07
49.98573809641469 2.268505075810536e-07
50.090092455697395 1.3218265168013047e-07
50.1944468149801 1.8398657109717106e-07
50.2988011742628 2.629048433744675e-07
50.40315553354551 2.336446637823067e-07
50.50750989282821 1.5837820077020608e-07
50.61186425211091 1.3076089421921128e-07
50.716218611393614 1.337157988866528e-07
50.82057297067632 1.1437371867602341e-07
50.924927329959026 1.0828565634767538e-07
51.02928168924173 1.1392228264771806e-07
51.13363604852443 1.1085544270404324e-07
51.23799040780713 9.045164122301975e-08
51.342344767089834 5.689840746153491e-08
51.446699126372536 3.612498849976104e-08
51.55105348565524 5.1047254848316925e-08
51.65540784493794 8.411993410274201e-08
51.75976220422064 7.949101019641779e-08
51.864116563503345 3.97128588531317e-08
51.96847092278605 3.1757372861386652e-09
52.072825282068756 1.6447051317765037e-08
52.17717964135146 5.538115216786978e-08
52.28153400063416 6.939703599919061e-08
52.38588835991686 4.6301444544798577e-08
52.490242719199564 1.4071675837215184e-08
52.59459707848227 7.340551742079885e-09
52.698951437764975 2.9611970675149886e-08
52.80330579704767 6.075992707312716e-08
52.90766015633037 6.707413258986955e-08
53.012014515613075 4.781831353270324e-08
53.11636887489578 1.6271532875461816e-08
53.220723234178486 8.44722845793974e-09
53.32507759346119 3.386365185644579e-08
53.42943195274389 6.79475602798235e-08
53.53378631202659 6.912533306510732e-08
53.638140671309294 3.119352341361674e-08
53.742495030592 9.7898170334893e-10
53.846849389874706 2.0908847527737184e-08
53.95120374915741 7.122372959356207e-08
54.05555810844011 8.679486598118918e-08
54.15991246772281 5.4522416926561695e-08
54.264266827005514 2.4811182705566823e-08
54.368621186288216 3.2861938498885876e-08
54.47297554557092 6.862849585952105e-08
54.57732990485362 9.782448345252756e-08
54.68168426413632 9.58237758869007e-08
54.786038623419024 6.924007282788598e-08
54.89039298270173 6.727991071240868e-08
54.99474734198443 8.910473559680922e-08
55.09910170126713 1.1310908515853408e-07
55.20345606054985 1.213218629601758e-07
55.30781041983255 1.233989165248244e-07
55.41216477911525 1.280992486246625e-07
55.51651913839795 1.2890903427724479e-07
55.620873497680655 1.2787790784133309e-07
55.72522785696336 1.328016401668607e-07
55.82958221624606 1.773256725584176e-07
55.93393657552876 2.1825769207548068e-07
56.03829093481146 1.977588040073058e-07
56.14264529409416 1.294954585780242e-07
56.24699965337686 1.4124317011263574e-07
56.35135401265958 2.515228309161929e-07
56.45570837194228 3.2162801287943947e-07
56.56006273122498 2.47911077869453e-07
56.66441709050768 1.4066874640811205e-07
56.768771449790385 1.7155344846053736e-07
56.87312580907309 3.030356100068401e-07
56.97748016835579 3.805491651320784e-07
57.08183452763849 3.009884197512531e-07
57.186188886921194 1.7706149913745638e-07
57.290543246203896 1.917691237775388e-07
57.3948976054866 3.4329077787472337e-07
57.49925196476931 4.097757630996077e-07
57.60360632405201 3.2379037713494363e-07
57.70796068333471 2.364431131708231e-07
57.81231504261741 2.3606111303075778e-07
57.916669401900116 3.207895835545158e-07
58.02102376118282 4.031179665344353e-07
58.12537812046552 3.8982073873647467e-07
58.22973247974822 2.9191764240564504e-07
58.334086839030924 2.5341716544039677e-07
58.438441198313626 3.246801976508623e-07
58.54279555759633 4.1863581169961755e-07
58.647149916879044 4.060255893718692e-07
58.75150427616175 3.181569988761306e-07
58.85585863544444 2.9753643621888453e-07
58.960212994727144 3.480351535449039e-07
59.064567354009846 4.0103883970362124e-07
59.16892171329255 3.8444730480389514e-07
59.27327607257525 3.442553473520506e-07
59.37763043185795 3.527253674667926e-07
59.481984791140654 3.8256040326567134e-07
59.586339150423356 3.670901953525572e-07
59.69069350970607 3.3948851266885664e-07
59.795047868988775 3.720052889660182e-07
59.89940222827148 4.274078937226109e-07
60.00375658755418 3.973579605573333e-07
60.10811094683688 3.1933153937374187e-07
60.21246530611958 3.1851222257699686e-07
60.316819665402285 3.9443554916099145e-07
60.42117402468499 4.6367235700328505e-07
60.52552838396769 4.03833764243284e-07
60.629882743250384 2.906759586762556e-07
60.734237102533086 3.049756024569365e-07
60.8385914618158 4.011738668070703e-07
60.942945821098505 4.440200892495212e-07
61.04730018038121 3.9022227599781646e-07
61.15165453966391 3.0691207645696813e-07
61.25600889894661 2.8732957395950437e-07
61.36036325822931 3.4507265055635584e-07
61.464717617512015 4.170499076330026e-07
61.56907197679472 4.1226617292287406e-07
61.67342633607742 3.0728442339173536e-07
61.77778069536012 2.4397809648435786e-07
61.88213505464282 3.123821393632478e-07
61.98648941392553 4.0416969212483354e-07
62.090843773208235 3.8865046100767196e-07
62.19519813249094 2.826517093521874e-07
62.29955249177364 2.3066528603300042e-07
62.40390685105634 2.8371411491000835e-07
62.50826121033904 3.584816911153227e-07
62.612615569621745 3.454275780193842e-07
62.71696992890445 2.567597387827934e-07
62.82132428818715 2.2035023642585195e-07
62.92567864746985 2.7227996859333556e-07
63.030033006752554 3.0407407652647556e-07
63.13438736603527 2.648782950479725e-07
63.23874172531797 2.311228278014603e-07
63.343096084600674 2.4202559387091494e-07
63.44745044388337 2.454401454150707e-07
63.55180480316607 2.2008499986339143e-07
63.65615916244877 2.1330185737293765e-07
63.760513521731475 2.2812871798372762e-07
63.86486788101418 2.2823377066143923e-07
63.96922224029688 2.0475109411522788e-07
64.07357659957958 1.7729224990725927e-07
64.17793095886229 1.7472357944253486e-07
64.282285318145 1.9399562797164326e-07
64.3866396774277 1.9809000610242856e-07
64.4909940367104 1.7723777239492867e-07
64.5953483959931 1.5537813110375656e-07
64.69970275527581 1.3545618719350598e-07
64.8040571145585 1.3393027460860807e-07
64.90841147384121 1.690720294547896e-07
65.01276583312391 1.800277976726703e-07
65.11712019240662 1.2585828072346283e-07
65.22147455168931 8.297343849556097e-08
65.32582891097202 1.0468697670761734e-07
65.43018327025473 1.4609009386135154e-07
65.53453762953744 1.4980102452438543e-07
65.63889198882013 9.991861368452349e-08
65.74324634810284 5.4908422066332196e-08
65.84760070738554 7.320075981452427e-08
65.95195506666823 1.1921193245324777e-07
66.05630942595094 1.1844651529574917e-07
66.16066378523364 6.885373845370408e-08
66.26501814451635 3.79429724177749e-08
66.36937250379904 5.801474687872593e-08
66.47372686308175 8.007052079377457e-08
66.57808122236446 6.894490159206892e-08
66.68243558164717 4.7959993221639315e-08
66.78678994092986 3.804849039125338e-08
66.89114430021257 3.465897300237226e-08
66.99549865949527 3.6451906350224874e-08
67.09985301877798 4.494236537296645e-08
67.20420737806067 4.2389432751735966e-08
67.30856173734338 2.530267655431383e-08
67.41291609662608 1.713761933786262e-08
67.51727045590879 2.1878710890277348e-08
67.62162481519148 2.677485904793396e-08
67.72597917447419 2.4547008078597352e-08
67.8303335337569 1.426323102847653e-08
67.9346878930396 1.0614798875632635e-08
68.0390422523223 1.5561812333428356e-08
68.143396611605 1.3411830089752845e-08
68.24775097088771 6.949966722186212e-09
68.3521053301704 7.68198888230921e-09
68.45645968945311 1.2931880005160845e-08
68.5608140487358 1.3446030285954465e-08
68.66516840801852 6.689885288730871e-09
68.76952276730121 1.7197441381426647e-09
68.87387712658392 5.418558285408804e-09
68.97823148586663 1.2674077231613031e-08
69.08258584514932 1.5645263011943158e-08
69.18694020443203 1.1605571520596124e-08
69.29129456371473 3.198119428848779e-09
69.39564892299744 3.2854791173988668e-09
69.50000328228013 1.5395748782482482e-08
69.60435764156284 2.4054638504664688e-08
69.70871200084554 1.737723949345224e-08
69.81306636012825 8.107262029531471e-09
69.91742071941096 9.821277083579718e-09
70.02177507869366 1.5338586621854992e-08
70.12612943797636 2.14974676482251e-08
70.23048379725907 3.167540818429094e-08
70.33483815654176 3.016890475218904e-08
70.43919251582446 1.5462748074251007e-08
70.54354687510717 1.5838818067068408e-08
70.64790123438986 3.6883930106994355e-08
70.75225559367257 5.283293934514983e-08
70.85660995295527 4.352313918954093e-08
70.96096431223798 2.324261259489942e-08
71.06531867152069 2.742825920299863e-08
71.1696730308034 5.597366548206563e-08
71.27402739008609 6.489315022585351e-08
71.3783817493688 4.6033341956351296e-08
71.4827361086515 3.9802400127921976e-08
71.5870904679342 5.653633089403772e-08
71.6914448272169 6.435555005034202e-08
71.79579918649961 5.833207256964578e-08
71.9001535457823 6.273053586563547e-08
72.00450790506501 7.42770636509449e-08
72.1088622643477 7.32015190235299e-08
72.21321662363042 6.754450322116499e-08
72.31757098291313 7.354692618184241e-08
72.42192534219582 8.368552170103502e-08
72.52627970147853 8.960788229662173e-08
72.63063406076122 9.33913580463647e-08
72.73498842004393 8.928309426423487e-08
72.83934277932663 8.34519491190534e-08
72.94369713860934 9.472525566440398e-08
73.04805149789203 1.1004019511857375e-07
73.15240585717474 1.1025091093438346e-07
73.25676021645744 1.1031460947521615e-07
73.36111457574015 1.0743427492680502e-07
73.46546893502286 9.555801383130248e-08
73.56982329430555 1.1109061172148897e-07
73.67417765358826 1.4748968197417867e-07
73.77853201287095 1.4383227348144048e-07
73.88288637215366 1.0582364605192249e-07
73.98724073143636 9.64973884132441e-08
74.09159509071907 1.365176354388399e-07
74.19594945000176 1.7362977415262073e-07
74.30030380928447 1.5090855155957088e-07
74.40465816856717 1.0584614912767933e-07
74.50901252784989 1.1599770992374598e-07
74.61336688713259 1.614110812748871e-07
74.7177212464153 1.6633945954371803e-07
74.82207560569799 1.3981009874382573e-07
74.9264299649807 1.356201030455749e-07
75.0307843242634 1.446802461817835e-07
75.13513868354609 1.418531178314168e-07
75.2394930428288 1.4918611411333517e-07
75.34384740211149 1.7155857120947595e-07
75.4482017613942 1.6510212568377753e-07
75.5525561206769 1.2904007290271678e-07
75.65691047995962 1.3481220156866737e-07
75.76126483924232 1.800638577873854e-07
75.86561919852502 1.7811450579918271e-07
75.96997355780772 1.406695105402281e-07
76.07432791709043 1.4222578608170796e-07
76.17868227637312 1.651171006002366e-07
76.28303663565583 1.6492175198736322e-07
76.38739099493853 1.5215872150660673e-07
76.49174535422124 1.4929091945700382e-07
76.59609971350393 1.6332222726910958e-07
76.70045407278664 1.7032457988153122e-07
76.80480843206935 1.4645327121422276e-07
76.90916279135205 1.3465751543292063e-07
77.01351715063475 1.6483691442203333e-07
77.11787150991745 1.7734232851409135e-07
77.22222586920016 1.5090507414001676e-07
77.32658022848285 1.3629832467221284e-07
77.43093458776556 1.4175010179625023e-07
77.53528894704826 1.5211793899689732e-07
77.63964330633097 1.6379115869024763e-07
77.74399766561366 1.5522987456434784e-07
77.84835202489637 1.3174043344913797e-07
77.95270638417908 1.2814188034039416e-07
78.05706074346178 1.4261108705730506e-07
78.16141510274448 1.5003020683280775e-07
78.26576946202718 1.4748787081166695e-07
78.37012382130989 1.3568537674533637e-07
78.47447818059258 1.1570938590512014e-07
78.5788325398753 1.1408130438390228e-07
78.68318689915799 1.422698614819764e-07
78.7875412584407 1.5647617018389682e-07
78.89189561772339 1.222919869733778e-07
78.9962499770061 8.753034245542833e-08
79.10060433628881 1.1236512779087011e-07
79.20495869557152 1.4750278224248224e-07
79.30931305485421 1.2526776963171375e-07
79.41366741413692 9.18388947742445e-08
79.51802177341962 9.702547482876848e-08
79.62237613270231 1.1167153083249762e-07
79.72673049198502 1.0752696684673728e-07
79.83108485126772 9.421437498219424e-08
79.93543921055043 9.433551794274805e-08
80.03979356983312 1.0182400593868688e-07
80.14414792911583 8.70622019644227e-08
80.24850228839854 7.147281106776286e-08
80.35285664768125 9.180703061467643e-08
80.45721100696395 1.0346043307229386e-07
80.56156536624665 7.0713705635482e-08
80.66591972552935 5.822550942825397e-08
80.77027408481206 8.62372723096107e-08
80.87462844409475 8.328349098098308e-08
80.97898280337746 5.354633140682978e-08
81.08333716266016 5.857901768857894e-08
81.18769152194287 7.850906338233964e-08
81.29204588122558 6.676944412429882e-08
81.39640024050827 4.1114683758057837e-08
81.50075459979098 4.396301483627889e-08
81.60510895907368 6.828848885726957e-08
81.70946331835638 6.578976623621183e-08
81.81381767763908 3.572506922987565e-08
81.91817203692179 2.9305862300379658e-08
82.02252639620448 4.887546234319427e-08
82.12688075548719 5.061482951243818e-08
82.23123511476989 3.3500691582941244e-08
82.3355894740526 2.9639331878080915e-08
82.4399438333353 3.455853627522651e-08
82.544298192618 2.743952289048975e-08
82.64865255190071 2.1603174104283733e-08
82.7530069111834 3.23004901168316e-08
82.85736127046611 3.7121686047362316e-08
82.96171562974881 1.934820248988287e-08
83.06606998903152 8.456629901973715e-09
83.17042434831421 2.4305783085776022e-08
83.27477870759692 3.3847628148274124e-08
83.37913306687962 1.844736583265835e-08
83.48348742616233 6.935258823034917e-09
83.58784178544504 1.1819995608534429e-08
83.69219614472775 1.676160207118472e-08
83.79655050401044 1.423625851532588e-08
83.90090486329315 9.31465339818948e-09
84.00525922257584 7.902476360207984e-09
84.10961358185855 1.0056000147862256e-08
84.21396794114125 8.402285734465698e-09
84.31832230042394 4.62738198658667e-09
84.42267665970665 8.21300484790898e-09
84.52703101898935 1.2196045533327651e-08
84.63138537827206 6.375728530988545e-09
84.73573973755477 2.3260132418318463e-09
84.84009409683748 7.748039789634283e-09
84.94444845612017 9.936581964793506e-09
85.04880281540288 5.1519401897350314e-09
85.15315717468557 4.290767414349956e-09
85.25751153396828 8.290080664748596e-09
85.36186589325098 9.14992677886544e-09
85.46622025253369 6.26308913489179e-09
85.57057461181638 4.841695631236498e-09
85.67492897109909 8.26584722974087e-09
85.77928333038179 1.3746848848418417e-08
85.8836376896645 1.298416799297111e-08
85.9879920489472 7.090629425358138e-09
86.0923464082299 7.761958369503105e-09
86.19670076751261 1.4894666215406563e-08
86.3010551267953 1.725827183733065e-08
86.40540948607801 1.4841887359704881e-08
86.50976384536071 1.442447745945779e-08
86.61411820464342 1.506763173323763e-08
86.71847256392611 1.531550064914261e-08
86.82282692320882 1.9505283832114784e-08
86.92718128249152 2.6923600154783828e-08
87.03153564177424 2.616869289707158e-08
87.13589000105694 1.716308451404301e-08
87.24024436033963 1.8754256269001017e-08
87.34459871962234 3.22815609371969e-08
87.44895307890503 3.617842978594837e-08
87.55330743818774 2.8992619735893822e-08
87.65766179747044 2.5991954707794605e-08
87.76201615675315 2.9223391655616745e-08
87.86637051603584 3.613183788179692e-08
87.97072487531855 4.2499412575999425e-08
88.07507923460125 3.8845377192329246e-08
88.17943359388397 3.453265109067323e-08
88.28378795316667 4.0881718947348526e-08
88.38814231244938 4.3579327176116815e-08
88.49249667173207 4.320851801294812e-08
88.59685103101478 5.1395124298845755e-08
88.70120539029747 5.0635725940314184e-08
88.80555974958018 4.2747054582572787e-08
88.90991410886288 5.1765456641714544e-08
89.01426846814557 5.951372624537657e-08
89.11862282742828 5.221377958222139e-08
89.22297718671098 5.5305945689818806e-08
89.3273315459937 6.366661753353106e-08
89.4316859052764 5.8786622969189935e-08
89.5360402645591 5.820546991517224e-08
89.6403946238418 6.43259920049323e-08
89.74474898312451 6.415946664465984e-08
89.8491033424072 6.975855401279301e-08
89.95345770168991 7.400676119523109e-08
90.05781206097261 6.252460112182367e-08
90.16216642025532 6.302489016084638e-08
90.26652077953801 7.94804024339323e-08
90.37087513882072 8.03806609916781e-08
90.47522949810343 7.323732007748838e-08
90.57958385738613 7.32411412033979e-08
90.68393821666884 7.097550538095886e-08
90.78829257595153 7.574995412543391e-08
90.89264693523424 8.952789461728779e-08
90.99700129451693 8.700664866599252e-08
91.10135565379964 7.292010720036486e-08
91.20571001308234 7.334251007278621e-08
91.31006437236505 8.404464413431751e-08
91.41441873164774 9.073414266440136e-08
91.51877309093047 8.977757801177752e-08
91.62312745021316 8.075035826348854e-08
91.72748180949586 7.541846604838394e-08
91.83183616877857 8.42974166578364e-08
91.93619052806126 9.451153536139485e-08
92.04054488734397 9.164905580286348e-08
92.14489924662666 8.197725553738165e-08
92.24925360590937 8.00428352834128e-08
92.35360796519207 8.675590757152968e-08
92.45796232447478 9.040688414534134e-08
92.56231668375747 8.968508462388004e-08
92.6666710430402 8.770853581640514e-08
92.77102540232289 8.219451283305507e-08
92.8753797616056 8.260074745017743e-08
92.9797341208883 9.081124885446318e-08
93.084088480171 8.831184779532628e-08
93.1884428394537 8.162761817153396e-08
93.29279719873641 8.663595448937457e-08
93.3971515580191 8.638332325355298e-08
93.5015059173018 7.917137403142517e-08
93.60586027658451 8.363749789820959e-08
93.7102146358672 8.561131523723546e-08
93.81456899514993 7.955257302961317e-08
93.91892335443262 8.375329402122014e-08
94.02327771371533 8.210231253994157e-08
94.12763207299803 7.006734929319459e-08
94.23198643228073 7.78363788945989e-08
94.33634079156343 8.759371363264404e-08
94.44069515084614 7.527322047883578e-08
94.54504951012883 7.008244740519757e-08
94.64940386941154 7.327288618556126e-08
94.75375822869424 6.740707639388374e-08
94.85811258797695 7.397105610902093e-08
94.96246694725966 8.169057782841633e-08
95.06682130654235 6.38408289416295e-08
95.17117566582506 5.5987379605160726e-08
95.27553002510776 6.972540137208038e-08
95.37988438439046 6.854660090990369e-08
95.48423874367316 6.31344357091717e-08
95.58859310295587 6.508130459008712e-08
95.69294746223856 5.328575539739861e-08
95.79730182152127 4.994595254751468e-08
95.90165618080397 6.648002703279598e-08
96.00601054008668 6.24919135474103e-08
96.11036489936939 4.6889846731697396e-08
96.2147192586521 5.0213560875872177e-08
96.31907361793479 5.010362079778033e-08
96.42342797721749 4.559887667863463e-08
96.5277823365002 5.384246228481224e-08
96.63213669578289 4.9685509756111026e-08
96.7364910550656 3.568163300244801e-08
96.8408454143483 4.17709511317709e-08
96.945199773631 4.6411776444485046e-08
97.0495541329137 3.677247214656827e-08
97.15390849219641 3.7948482453993425e-08
97.25826285147912 3.946837059337648e-08
97.36261721076183 3.031725425050961e-08
97.46697157004452 3.244966136884011e-08
97.57132592932723 3.64020849641073e-08
97.67568028860993 2.7545766092287362e-08
97.78003464789263 2.731928985761159e-08
97.88438900717533 3.218979080285091e-08
97.98874336645804 2.4371101248089696e-08
98.09309772574073 2.110585696333714e-08
98.19745208502343 2.6001131744196372e-08
98.30180644430614 2.2443588823056932e-08
98.40616080358885 1.9964061995189186e-08
98.51051516287156 2.2388085257773615e-08
98.61486952215425 1.6644670959482684e-08
98.71922388143696 1.3404074767977977e-08
98.82357824071966 1.9570970329948325e-08
98.92793260000236 1.8593706616389356e-08
99.03228695928506 1.2488317935227646e-08
99.13664131856777 1.2314464036424247e-08
99.24099567785046 1.136176401778346e-08
99.34535003713317 1.014643450000557e-08
99.44970439641587 1.3878291093946828e-08
99.55405875569858 1.2821410406053008e-08
99.65841311498129 6.677695308365525e-09
99.76276747426398 6.702549015277987e-09
99.86712183354669 9.312156401952123e-09
99.97147619282939 8.323766587777909e-09
100.0758305521121 8.020552330113198e-09
100.18018491139479 7.315656931912799e-09
100.2845392706775 4.271328454237653e-09
100.3888936299602 4.770917577206476e-09
100.4932479892429 7.848849594210263e-09
100.5976023485256 6.912241393926684e-09
100.70195670780832 4.653919700029316e-09
100.80631106709102 4.7991017588282735e-09
100.91066542637373 4.624982026891177e-09
101.01501978565642 4.647343742441224e-09
101.11937414493912 6.513876488158599e-09
101.22372850422182 6.478743750050609e-09
101.32808286350452 4.524231720977047e-09
101.43243722278723 5.2014115726420594e-09
101.53679158206992 6.641807542204244e-09
101.64114594135263 6.054202453977577e-09
101.74550030063534 6.549988414560754e-09
101.84985465991805 7.903029342391009e-09
101.95420901920075 7.376873895454909e-09
102.05856337848346 7.651253560185373e-09
102.16291773776615 9.082432409889363e-09
102.26727209704886 8.572246721857902e-09
102.37162645633155 9.093029641751748e-09
102.47598081561426 1.2006966073538987e-08
102.58033517489696 1.2244252264786165e-08
102.68468953417967 1.0750181208378658e-08
102.78904389346236 1.169184001981527e-08
102.89339825274507 1.3231590682702339e-08
102.99775261202778 1.4964077123237724e-08
103.10210697131048 1.7367809284074885e-08
103.20646133059319 1.6385591987303424e-08
103.31081568987588 1.4078460179313604e-08
103.41517004915859 1.675470225405971e-08
103.51952440844128 2.112315408569732e-08
103.623878767724 2.199087185001365e-08
103.72823312700669 2.1093257143841575e-08
103.8325874862894 1.9779078186186613e-08
103.9369418455721 2.0298094369546735e-08
104.0412962048548 2.5243548736646326e-08
104.14565056413751 2.890765685121768e-08
104.2500049234202 2.658003044850582e-08
104.35435928270292 2.4269604654981416e-08
104.45871364198561 2.6222994153145857e-08
104.56306800126832 2.993187793733618e-08
104.66742236055102 3.312661686432853e-08
104.77177671983372 3.316774990160485e-08
104.87613107911642 3.036965292309553e-08
104.98048543839913 3.087285265104183e-08
105.08483979768182 3.5478404214270475e-08
105.18919415696455 3.80642316076836e-08
105.29354851624724 3.7572636272026065e-08
105.39790287552995 3.692767097141219e-08
105.50225723481265 3.7308213586866987e-08
105.60661159409534 3.9525593022031637e-08
105.71096595337805 4.2225627500457976e-08
105.81532031266075 4.255465348574696e-08
105.91967467194345 4.2202476218349565e-08
106.02402903122615 4.3585634200500626e-08
106.12838339050886 4.478636997162721e-08
106.23273774979155 4.49627535962983e-08
106.33709210907428 4.594207664135213e-08
106.44144646835697 4.7722636053231395e-08
106.54580082763968 4.908428472145804e-08
106.65015518692238 4.921327139902805e-08
106.75450954620509 4.8091920653579224e-08
106.85886390548778 4.8189836533495355e-08
106.96321826477049 5.135673358077453e-08
107.06757262405318 5.426927935749722e-08
107.1719269833359 5.3178119756144535e-08
107.27628134261859 5.0177837380372426e-08
107.38063570190128 5.0091010833217216e-08
107.484990061184 5.38785291694595e-08
107.5893444204667 5.748118242987152e-08
107.69369877974941 5.6447876363723025e-08
107.7980531390321 5.216770646873809e-08
107.90240749831482 5.097232053804797e-08
108.00676185759751 5.5220677776727044e-08
108.11111621688022 5.9420492655820365e-08
108.21547057616291 5.8167547429213035e-08
108.31982493544562 5.3569199943099826e-08
108.42417929472832 5.1817560393655035e-08
108.52853365401103 5.52445104889455e-08
108.63288801329374 5.944391590987078e-08
108.73724237257643 5.8786909091924836e-08
108.84159673185914 5.420726731141717e-08
108.94595109114184 5.206878370975491e-08
109.05030545042455 5.472471282444487e-08
109.15465980970724 5.790530550741103e-08
109.25901416898995 5.744267390239236e-08
109.36336852827264 5.413720310316055e-08
109.46772288755535 5.197139517470171e-08
109.57207724683805 5.321589783107649e-08
109.67643160612076 5.5276282402779666e-08
109.78078596540345 5.4734463234902126e-08
109.88514032468616 5.252984872670178e-08
109.98949468396886 5.1332168381029394e-08
110.09384904325157 5.133552224021846e-08
110.19820340253426 5.138689811811439e-08
110.30255776181698 5.081708018232248e-08
110.4069121210997 4.990851072064743e-08
110.51126648038239 4.9473657697866796e-08
110.6156208396651 4.892728191574916e-08
110.7199751989478 4.721327427488794e-08
110.8243295582305 4.573944441724883e-08
110.9286839175132 4.610270308761488e-08
111.0330382767959 4.681913858624636e-08
111.1373926360786 4.566861244871021e-08
111.24174699536131 4.276197618810829e-08
111.346101354644 4.0539989007202583e-08
111.45045571392671 4.1191170102351136e-08
111.55481007320941 4.302369054647315e-08
111.65916443249212 4.2006831561193655e-08
111.76351879177481 3.8062995285305694e-08
111.86787315105752 3.529460202826833e-08
111.97222751034022 3.605483371106128e-08
112.07658186962291 3.814363749547909e-08
112.18093622890562 3.7579243539208307e-08
112.28529058818832 3.3575550169343775e-08
112.38964494747103 3.0215605912961764e-08
112.49399930675372 3.074032989786586e-08
112.59835366603646 3.286025380782308e-08
112.70270802531915 3.244069872734544e-08
112.80706238460186 2.8989087022341308e-08
112.91141674388456 2.5721937161361358e-08
113.01577110316725 2.5552219732947717e-08
113.12012546244996 2.7246841499489014e-08
113.22447982173266 2.7076755210048517e-08
113.32883418101537 2.4260635268625098e-08
113.43318854029806 2.1551603136986174e-08
113.53754289958077 2.0975960992477093e-08
113.64189725886347 2.171288982581131e-08
113.74625161814618 2.1563281726438735e-08
113.85060597742887 1.9674572061497002e-08
113.95496033671158 1.7635630686077197e-08
114.05931469599427 1.690298258903255e-08
114.16366905527698 1.6825077906730292e-08
114.26802341455968 1.62838642846167e-08
114.37237777384239 1.52138282101332e-08
114.47673213312508 1.4129143992748594e-08
114.58108649240779 1.3384008702755966e-08
114.68544085169049 1.2714447371713986e-08
114.7897952109732 1.1785546373859584e-08
114.89414957025592 1.1075691127073072e-08
114.99850392953861 1.0890155970935883e-08
115.10285828882132 1.0546225208527188e-08
115.20721264810402 9.536483222629973e-09
115.31156700738673 8.310156933550748e-09
115.41592136666942 7.705038954094693e-09
115.52027572595213 7.980957940569614e-09
115.62463008523483 8.212429430705387e-09
115.72898444451754 7.365848279675156e-09
115.83333880380023 5.96436392733943e-09
115.93769316308294 5.305023412528348e-09
116.04204752236564 5.744026538045489e-09
116.14640188164834 6.362119596494713e-09
116.25075624093104 6.0329552877182e-09
116.35511060021375 4.77712864495199e-09
116.45946495949644 3.947139831222291e-09
116.56381931877915 4.329883286280073e-09
116.66817367806185 5.203603430686639e-09
116.77252803734454 5.398672538808046e-09
116.87688239662725 4.595795631067188e-09
116.98123675590995 3.6947114659487085e-09
117.08559111519266 3.834513040263127e-09
117.18994547447538 4.837295837603352e-09
117.29429983375809 5.488249481819896e-09
117.39865419304078 5.187656463780337e-09
117.5030085523235 4.470699922272222e-09
117.60736291160619 4.3967365978419114e-09
117.71171727088888 5.302069332797424e-09
117.81607163017159 6.281149747553508e-09
117.92042598945429 6.4267251306390986e-09
118.024780348737 6.07083293022768e-09
118.12913470801969 6.054413212714227e-09
118.2334890673024 6.738854773894704e-09
118.3378434265851 7.685720993475933e-09
118.4421977858678 8.181666704872097e-09
118.5465521451505 8.278875527984143e-09
118.65090650443321 8.61519267888856e-09
118.7552608637159 9.236987252246985e-09
118.85961522299861 9.797871351485225e-09
118.96396958228131 1.0292324068267105e-08
119.06832394156402 1.0928734024980523e-08
119.17267830084671 1.1798954969331757e-08
119.27703266012942 1.2548008618226624e-08
119.38138701941214 1.2697063854756463e-08
119.48574137869484 1.2784274654331877e-08
119.59009573797755 1.3799381221589033e-08
119.69445009726024 1.543035674726645e-08
119.79880445654295 1.638594712430516e-08
119.90315881582565 1.6154738888928888e-08
120.00751317510836 1.5755588587330432e-08
120.11186753439105 1.6807403622544582e-08
120.21622189367376 1.91588770642982e-08
120.32057625295646 2.0585024228638177e-08
120.42493061223917 1.9987725423194054e-08
120.52928497152186 1.9093083161124815e-08
120.63363933080457 2.0058652939518022e-08
120.73799369008727 2.27348714580954e-08
120.84234804936997 2.466851489565707e-08
120.94670240865267 2.4099494932364428e-08
121.05105676793538 2.2732286037354828e-08
121.15541112721807 2.3472085562067123e-08
121.25976548650077 2.623393327276082e-08
121.36411984578348 2.8306123478365822e-08
121.46847420506617 2.8008620529664566e-08
121.57282856434888 2.664625718710591e-08
121.6771829236316 2.699330902719612e-08
121.78153728291431 2.9486876185054813e-08
121.88589164219701 3.152637290930502e-08
121.99024600147972 3.1397264871253376e-08
122.09460036076241 3.0431092537203614e-08
122.19895472004512 3.0668906089201064e-08
122.30330907932782 3.241092818158325e-08
122.40766343861051 3.406738985160204e-08
122.51201779789322 3.424168801592328e-08
122.61637215717592 3.3765572275071966e-08
122.72072651645863 3.4145798918689084e-08
122.82508087574132 3.51630757356533e-08
122.92943523502403 3.589450369252652e-08
123.03378959430673 3.623754635417518e-08
123.13814395358943 3.657335981422393e-08
123.24249831287213 3.711944962338022e-08
123.34685267215484 3.748638714802719e-08
123.45120703143753 3.728440907328847e-08
123.55556139072024 3.7375536991540634e-08
123.65991575000294 3.850680106147646e-08
123.76427010928565 3.954883489589225e-08
123.86862446856834 3.9213069374344385e-08
123.97297882785107 3.810036250729421e-08
124.07733318713377 3.7934425820276553e-08
124.18168754641647 3.947983166517246e-08
124.28604190569918 4.108123986495636e-08
124.39039626498187 4.04585104630382e-08
124.49475062426458 3.838521508969808e-08
124.59910498354728 3.783768692697835e-08
124.70345934282999 3.9667983912321624e-08
124.80781370211268 4.1521344740540434e-08
124.91216806139539 4.0923399268835155e-08
125.01652242067809 3.840023412919107e-08
125.1208767799608 3.72368641021154e-08
125.22523113924349 3.89624079551652e-08
125.3295854985262 4.097801528214246e-08
125.4339398578089 4.038766841326861e-08
125.5382942170916 3.7892976635253084e-08
125.6426485763743 3.644551762808684e-08
125.74700293565701 3.755589176808005e-08
125.8513572949397 3.9339579354740775e-08
125.9557116542224 3.894830791031818e-08
126.06006601350511 3.6677801125969475e-08
126.1644203727878 3.525545923460494e-08
126.26877473207054 3.5790456697908963e-08
126.37312909135323 3.680553069004473e-08
126.47748345063594 3.6510835633839425e-08
126.58183780991864 3.485824502968799e-08
126.68619216920135 3.357017433440548e-08
126.79054652848404 3.357642538962625e-08
126.89490088776674 3.379625770767074e-08
126.99925524704945 3.324363011258987e-08
127.10360960633214 3.229035593736021e-08
127.20796396561485 3.151234225188856e-08
127.31231832489755 3.0981877990756654e-08
127.41667268418026 3.0383920332665166e-08
127.52102704346295 2.9578312936700277e-08
127.62538140274566 2.906618783167152e-08
127.72973576202835 2.8917828997554083e-08
127.83409012131106 2.8229233248758504e-08
127.93844448059376 2.6785823274228825e-08
128.04279883987647 2.5648908233672856e-08
128.14715319915916 2.552354368934942e-08
128.25150755844186 2.5814013288933297e-08
128.35586191772458 2.5204068421006034e-08
128.4602162770073 2.332781009718805e-08
128.56457063629 2.172445566049232e-08
128.6689249955727 2.1750321233652923e-08
128.7732793548554 2.243490291602099e-08
128.8776337141381 2.1916660825119964e-08
128.9819880734208 1.9960752119524064e-08
129.0863424327035 1.8142788584978146e-08
129.1906967919862 1.7980448735930438e-08
129.29505115126892 1.881646782443867e-08
129.39940551055162 1.855431325803448e-08
129.5037598698343 1.668825579306476e-08
129.608114229117 1.4890939293500959e-08
129.71246858839973 1.4549207131655858e-08
129.81682294768243 1.5171548457781385e-08
129.92117730696512 1.511260407814721e-08
130.02553166624782 1.36445652388447e-08
130.12988602553054 1.1990363087580947e-08
130.23424038481323 1.151106709631214e-08
130.33859474409593 1.1849060987808794e-08
130.44294910337862 1.1761320142541622e-08
130.54730346266132 1.0780228446809495e-08
130.65165782194404 9.536640302133874e-09
130.75601218122677 8.94705402289761e-09
130.86036654050946 8.985566514126853e-09
130.96472089979216 8.827742922489665e-09
131.06907525907488 8.174314799077507e-09
131.17342961835757 7.45077363651431e-09
131.27778397764027 6.979727398306737e-09
131.38213833692296 6.7300902702111395e-09
131.4864926962057 6.454753706001884e-09
131.59084705548838 6.045961084220739e-09
131.69520141477108 5.726938768594795e-09
131.79955577405377 5.549466884881248e-09
131.90391013333647 5.237710278943727e-09
132.0082644926192 4.787305513946767e-09
132.11261885190189 4.485566388526471e-09
132.21697321118458 4.478254276506812e-09
132.32132757046728 4.600368483448883e-09
132.42568192975 4.464439562026078e-09
132.5300362890327 3.9623336092033304e-09
132.6343906483154 3.5917066230576095e-09
132.73874500759808 3.747087895370895e-09
132.8430993668808 4.167690252862127e-09
132.9474537261635 4.309551820839265e-09
133.05180808544623 3.937395889534724e-09
133.15616244472892 3.4730814846463175e-09
133.26051680401162 3.589112825069907e-09
133.36487116329434 4.253799085706887e-09
133.46922552257703 4.732014325022347e-09
133.57357988185973 4.579563719799012e-09
133.67793424114242 4.116612065499452e-09
133.78228860042515 4.108671733322052e-09
133.88664295970784 4.8513681556795625e-09
133.99099731899054 5.6664368606927855e-09
134.09535167827323 5.781246967887157e-09
134.19970603755596 5.406386590877947e-09
134.30406039683865 5.344663759042861e-09
134.40841475612135 6.028212999007301e-09
134.51276911540404 7.004900979002966e-09
134.61712347468676 7.426516557200304e-09
134.72147783396946 7.222841568149629e-09
134.82583219325215 7.20304590039744e-09
134.93018655253485 7.832489130146371e-09
135.03454091181757 8.73936177163324e-09
135.13889527110027 9.32973665761238e-09
135.24324963038296 9.443211185033287e-09
135.34760398966569 9.576089285464062e-09
135.45195834894838 1.0160080650204406e-08
135.5563127082311 1.089840013356514e-08
135.6606670675138 1.1413952896828744e-08
135.7650214267965 1.183829952626357e-08
135.8693757860792 1.2351637938184668e-08
135.9737301453619 1.2911164690550929e-08
136.0780845046446 1.3367193235168631e-08
136.1824388639273 1.3702121867871893e-08
136.28679322321 1.4287415336090639e-08
136.3911475824927 1.5259260259495774e-08
136.49550194177542 1.5990624332903205e-08
136.5998563010581 1.6073527983252157e-08
136.7042106603408 1.6093850619473255e-08
136.8085650196235 1.6797073617146165e-08
136.91291937890622 1.812239687879211e-08
137.01727373818892 1.9104757776317148e-08
137.1216280974716 1.8986461629984143e-08
137.2259824567543 1.8561974676308407e-08
137.33033681603703 1.9236273775486243e-08
137.43469117531973 2.0890933517931077e-08
137.53904553460242 2.2045363959323033e-08
137.64339989388515 2.184889281629264e-08
137.74775425316784 2.1143157760456975e-08
137.85210861245056 2.158134388728182e-08
137.95646297173326 2.3358482286693287e-08
138.06081733101595 2.4715975059255275e-08
138.16517169029865 2.446436922169254e-08
138.26952604958137 2.3640862941920144e-08
138.37388040886407 2.3899545928346343e-08
138.47823476814676 2.5459415720597868e-08
138.58258912742946 2.684886828937806e-08
138.68694348671218 2.674823596733142e-08
138.79129784599488 2.590304335055813e-08
138.89565220527757 2.6020232899399838e-08
139.00000656456027 2.726792668252523e-08
139.104360923843 2.83643675109942e-08
139.20871528312568 2.8428117520291446e-08
139.31306964240838 2.7872615691900534e-08
139.41742400169107 2.7847882146465428e-08
139.5217783609738 2.8654989585909863e-08
139.6261327202565 2.9362194381914273e-08
139.7304870795392 2.9414784699029087e-08
139.8348414388219 2.9288662406051074e-08
139.9391957981046 2.9381659481360322e-08
140.04355015738733 2.961469573725067e-08
140.14790451667002 2.976929671584818e-08
140.25225887595272 2.9817598989241064e-08
140.35661323523541 3.0043547160969214e-08
140.46096759451814 3.038734456570083e-08
140.56532195380083 3.024148568082429e-08
140.66967631308353 2.9677301529957352e-08
140.77403067236622 2.957989056499591e-08
140.87838503164892 3.0200310800774465e-08
140.98273939093164 3.075007834639131e-08
141.08709375021434 3.0378212935846116e-08
141.19144810949703 2.9280495633975422e-08
141.29580246877973 2.881476810883994e-08
141.40015682806245 2.9649357361361905e-08
141.50451118734514 3.049689697488769e-08
141.60886554662784 2.995785319915105e-08
141.71321990591053 2.8500017703085143e-08
141.81757426519326 2.7747725223633218e-08
141.92192862447595 2.846954550142106e-08
142.02628298375865 2.9475707346735013e-08
142.13063734304137 2.9014114520763834e-08
142.23499170232407 2.733546876459392e-08
142.3393460616068 2.6354615158359867e-08
142.44370042088948 2.688020909218159e-08
142.54805478017218 2.7733963235768283e-08
142.65240913945487 2.7399320189594378e-08
142.7567634987376 2.585975364759099e-08
142.8611178580203 2.4694620667602194e-08
142.965472217303 2.4902454479413577e-08
143.06982657658568 2.550340235061647e-08
143.1741809358684 2.5156761396180244e-08
143.2785352951511 2.3937535938867568e-08
143.3828896544338 2.2885839291363418e-08
143.4872440137165 2.2679184138418183e-08
143.59159837299921 2.2865054663375056e-08
143.6959527322819 2.2508788805192943e-08
143.8003070915646 2.1594170339096094e-08
143.9046614508473 2.0828313333956696e-08
144.00901581013002 2.0407227184056506e-08
144.11337016941272 2.0039402934115327e-08
144.2177245286954 1.9553336772832045e-08
144.3220788879781 1.8999653208753467e-08
144.42643324726083 1.8529901580921456e-08
144.53078760654356 1.8048432363665803e-08
144.63514196582625 1.7293577543196174e-08
144.73949632510895 1.652555196763826e-08
144.84385068439164 1.6204326746042657e-08
144.94820504367436 1.6104790119254636e-08
145.05255940295706 1.5627732808430953e-08
145.15691376223975 1.4651442207566484e-08
145.26126812152245 1.3693183148203865e-08
145.36562248080517 1.3390912216320819e-08
145.46997684008787 1.3556319474991339e-08
145.57433119937056 1.3247924872012814e-08
145.67868555865326 1.2170507074830105e-08
145.78303991793595 1.11099018967962e-08
145.88739427721868 1.0793120501311893e-08
145.99174863650137 1.1012191502161401e-08
146.09610299578407 1.088350821090511e-08
146.20045735506676 9.937324541816024e-09
146.30481171434948 8.848495293877869e-09
146.40916607363218 8.485012882827762e-09
146.51352043291487 8.6871181874048e-09
146.61787479219757 8.625751113863468e-09
146.7222291514803 7.912649664149579e-09
146.82658351076302 6.979112404491521e-09
146.9309378700457 6.55480496792862e-09
147.0352922293284 6.682572574967308e-09
147.1396465886111 6.679487772516849e-09
147.24400094789382 6.164083434126464e-09
147.34835530717652 5.47605838128092e-09
147.4527096664592 5.090659739514175e-09
147.5570640257419 5.0888764763635915e-09
147.66141838502463 5.100628195678729e-09
147.76577274430733 4.789860411297886e-09
147.87012710359002 4.338083525528641e-09
147.97448146287272 4.086410052239664e-09
148.07883582215544 4.041770877933503e-09
148.18319018143814 4.008185285131606e-09
148.28754454072083 3.8561832092678255e-09
148.39189890000353 3.6356649668551e-09
148.49625325928625 3.525317174554026e-09
148.60060761856894 3.52194131235606e-09
148.70496197785164 3.4665057138652206e-09
148.80931633713433 3.373401883876464e-09
148.91367069641706 3.3620116614903508e-09
149.01802505569978 3.4438981899399497e-09
149.12237941498248 3.5286337449872594e-09
149.22673377426517 3.4954590389754567e-09
149.33108813354787 3.401623069477329e-09
149.4354424928306 3.499959858125465e-09
149.53979685211328 3.817343332690042e-09
149.64415121139598 4.066665325565985e-09
149.74850557067867 4.061097491180237e-09
149.8528599299614 3.939246659033588e-09
149.9572142892441 4.058873277952482e-09
150.0615686485268 4.5689167793889126e-09
150.16592300780948 5.079540146730492e-09
150.27027736709218 5.150814037350996e-09
150.3746317263749 4.958043082178967e-09
150.4789860856576 5.046293183536001e-09
150.5833404449403 5.663449181339313e-09
150.68769480422299 6.423971234721769e-09
150.7920491635057 6.689326882849258e-09
150.8964035227884 6.453413775789977e-09
151.0007578820711 6.442007255979298e-09
151.1051122413538 7.088950273287387e-09
151.20946660063652 7.996618195415665e-09
151.31382095991924 8.477893492976066e-09
151.41817531920194 8.359147814485636e-09
151.52252967848463 8.26095610272108e-09
151.62688403776733 8.811194585313735e-09
151.73123839705005 9.745321545030902e-09
151.83559275633274 1.0354642628908284e-08
151.93994711561544 1.045656834449466e-08
152.04430147489813 1.0464755755464493e-08
152.14865583418086 1.0856638373080833e-08
152.25301019346355 1.1611860036336802e-08
152.35736455274625 1.2247984814642561e-08
152.46171891202894 1.256501735409782e-08
152.56607327131167 1.283544130575622e-08
152.67042763059436 1.321238694528323e-08
152.77478198987706 1.3634166077472565e-08
152.87913634915975 1.408828471858961e-08
152.98349070844247 1.4600806392989847e-08
153.08784506772517 1.51775972882148e-08
153.19219942700786 1.5666741973484634e-08
153.29655378629056 1.5834107221923558e-08
153.40090814557328 1.5922785977458317e-08
153.505262504856 1.6464113610697028e-08
153.6096168641387 1.7380680637229642e-08
153.7139712234214 1.8019627714723587e-08
153.8183255827041 1.802623321816229e-08
153.92267994198681 1.7805587967816618e-08
154.0270343012695 1.8186145264178083e-08
154.1313886605522 1.929227670593216e-08
154.2357430198349 2.0145643204077884e-08
154.34009737911762 2.0044022304009162e-08
154.44445173840032 1.9596814443190518e-08
154.548806097683 1.9830716461184028e-08
154.6531604569657 2.0899702865934212e-08
154.7575148162484 2.1856773812395506e-08
154.86186917553113 2.1791871753966763e-08
154.96622353481382 2.1184843711236956e-08
155.07057789409652 2.127394680006885e-08
155.1749322533792 2.224654025608773e-08
155.27928661266193 2.310562229854238e-08
155.38364097194463 2.307825060702418e-08
155.48799533122732 2.2508946185771093e-08
155.59234969051002 2.2447017908798194e-08
155.69670404979274 2.3221807337575256e-08
155.80105840907547 2.393798168089294e-08
155.90541276835816 2.3863278736956138e-08
156.00976712764086 2.341417866442345e-08
156.11412148692355 2.3346453503519998e-08
156.21847584620627 2.380894711231594e-08
156.32283020548897 2.426811862520939e-08
156.42718456477166 2.4198802672045215e-08
156.53153892405436 2.386169755725542e-08
156.63589328333708 2.383404948701987e-08
156.74024764261978 2.405308243027413e-08
156.84460200190247 2.4127817120751026e-08
156.94895636118517 2.4018006996759946e-08
157.0533107204679 2.3904695411719756e-08
157.1576650797506 2.3903708263065322e-08
157.26201943903328 2.3881283266616833e-08
157.36637379831598 2.3624851930700122e-08
157.4707281575987 2.336832813091591e-08
157.5750825168814 2.3455924462034497e-08
157.6794368761641 2.3599191784277897e-08
157.78379123544678 2.3319365437057436e-08
157.8881455947295 2.2727773635001718e-08
157.9924999540122 2.2360413692153124e-08
158.09685431329493 2.2533230430130568e-08
158.20120867257762 2.281508695410098e-08
158.30556303186032 2.2438906458878534e-08
158.40991739114304 2.1517327919101543e-08
158.51427175042573 2.0995050099649224e-08
158.61862610970843 2.123625098923197e-08
158.72298046899112 2.1562522437634593e-08
158.82733482827385 2.1163350500881804e-08
158.93168918755654 2.0104931542866918e-08
159.03604354683924 1.9376003123233912e-08
159.14039790612193 1.956176400769497e-08
159.24475226540463 1.9929171997902155e-08
159.34910662468735 1.9512847170355705e-08
159.45346098397005 1.8446553749354977e-08
159.55781534325274 1.7639560595299874e-08
159.66216970253544 1.7633235524061126e-08
159.76652406181816 1.7921933981903213e-08
159.87087842110085 1.7581207214314172e-08
159.97523278038355 1.658693319308691e-08
160.07958713966624 1.5789061025766897e-08
160.18394149894897 1.5625183715300333e-08
160.28829585823166 1.568910509608657e-08
160.3926502175144 1.5385462172891525e-08
160.49700457679708 1.461488443540077e-08
160.60135893607978 1.3886886422502738e-08
160.7057132953625 1.3584512160097213e-08
160.8100676546452 1.3432288143835092e-08
160.9144220139279 1.3062298095916134e-08
161.01877637321059 1.2522834252907714e-08
161.1231307324933 1.2008124292390573e-08
161.227485091776 1.1603066568663926e-08
161.3318394510587 1.1234164020091015e-08
161.4361938103414 1.0800080434628005e-08
161.54054816962412 1.0404221615022587e-08
161.6449025289068 1.0127385670945249e-08
161.7492568881895 9.766181988388583e-09
161.8536112474722 9.211963763884524e-09
161.95796560675493 8.68667097343156e-09
162.06231996603762 8.404570371583362e-09
162.16667432532032 8.298347558635824e-09
162.271028684603 8.05199034132694e-09
162.37538304388573 7.465131836320407e-09
162.47973740316843 6.838164794443928e-09
162.58409176245115 6.590463002483874e-09
162.68844612173385 6.625069759729089e-09
162.79280048101654 6.493495390011169e-09
162.89715484029927 5.98442597672128e-09
163.00150919958196 5.356791864692497e-09
163.10586355886466 5.068185204292963e-09
163.21021791814735 5.160464150189883e-09
163.31457227743007 5.167069270033236e-09
163.41892663671277 4.784653610480784e-09
163.52328099599546 4.243653196151368e-09
163.62763535527816 3.944685286136601e-09
163.73198971456088 4.002279224412716e-09
163.83634407384358 4.106754728540645e-09
163.94069843312627 3.9064052885703075e-09
164.04505279240897 3.496863064090699e-09
164.14940715169166 3.237108658648417e-09
164.25376151097439 3.2580344038531015e-09
164.35811587025708 3.380377547125482e-09
164.46247022953978 3.3499544336479952e-09
164.56682458882247 3.1245906725788337e-09
164.6711789481052 2.940713478194303e-09
164.7755333073879 2.9594726831349325e-09
164.8798876666706 3.0744371137198396e-09
164.9842420259533 3.131428838491799e-09
165.088596385236 3.096221276793707e-09
165.19295074451873 3.051464811907094e-09
165.29730510380142 3.103323243214506e-09
165.40165946308412 3.216482516872052e-09
165.5060138223668 3.2970929636373144e-09
165.61036818164953 3.3821066224496237e-09
165.71472254093223 3.524541627979004e-09
165.81907690021492 3.678851932216182e-09
165.92343125949762 3.790484757580989e-09
166.02778561878034 3.8600333490181434e-09
166.13213997806304 3.99374508903894e-09
166.23649433734573 4.295699133905216e-09
166.34084869662843 4.629832194438369e-09
166.44520305591115 4.775520232319165e-09
166.54955741519385 4.790246381343321e-09
166.65391177447654 4.930997621012389e-09
166.75826613375924 5.343373917610247e-09
166.86262049304196 5.8557628004897365e-09
166.96697485232465 6.107813022180475e-09
167.07132921160735 6.064809969921885e-09
167.17568357089007 6.152173243342835e-09
167.28003793017277 6.644635731311844e-09
167.3843922894555 7.294436863412935e-09
167.48874664873819 7.658794047935692e-09
167.59310100802088 7.628918536495715e-09
167.69745536730358 7.639690158265093e-09
167.8018097265863 8.133367665535039e-09
167.906164085869 8.889213438658934e-09
168.0105184451517 9.336157546707945e-09
168.11487280443438 9.352463356688537e-09
168.2192271637171 9.357609274146068e-09
168.3235815229998 9.786850550583663e-09
168.4279358822825 1.0539622697151024e-08
168.5322902415652 1.106442576067064e-08
168.6366446008479 1.1142395073730651e-08
168.7409989601306 1.1188490933780263e-08
168.8453533194133 1.1581179750035747e-08
168.949707678696 1.221332711836779e-08
169.0540620379787 1.2722461488377933e-08
169.15841639726142 1.2922929785220614e-08
169.2627707565441 1.3050587915714966e-08
169.3671251158268 1.341049941786535e-08
169.47147947510953 1.3897744341746837e-08
169.57583383439223 1.4272685501473927e-08
169.68018819367495 1.4561559174925087e-08
169.78454255295765 1.487100195394327e-08
169.88889691224034 1.5207177620091124e-08
169.99325127152304 1.5501484280239666e-08
170.09760563080576 1.5715001883200883e-08
170.20195999008845 1.6009395967529464e-08
170.30631434937115 1.64984176453638e-08
170.41066870865384 1.690459698492172e-08
170.51502306793657 1.69825921145672e-08
170.61937742721926 1.6973904544234464e-08
170.72373178650196 1.725914166761552e-08
170.82808614578465 1.7859010362568437e-08
170.93244050506738 1.8342490736998795e-08
171.03679486435007 1.830233002071505e-08
171.14114922363277 1.803676071974973e-08
171.24550358291546 1.8232874138306013e-08
171.34985794219818 1.8923160737578124e-08
171.45421230148088 1.9436640781631484e-08
171.55856666076357 1.932241527013981e-08
171.6629210200463 1.890371535223477e-08
171.767275379329 1.8934886247091234e-08
171.87162973861172 1.9600014609784833e-08
171.9759840978944 2.015206702819677e-08
172.0803384571771 1.9981481843763506e-08
172.1846928164598 1.9477325851465643e-08
172.28904717574252 1.9396900192918576e-08
172.39340153502522 1.990343107273662e-08
172.49775589430791 2.039884621054837e-08
172.6021102535906 2.0263560715557516e-08
172.70646461287333 1.973284839695389e-08
172.81081897215603 1.9559655172149478e-08
172.91517333143872 1.9893977403374624e-08
173.01952769072142 2.0206970021622148e-08
173.1238820500041 2.00893191428959e-08
173.22823640928684 1.9673956710707035e-08
173.33259076856953 1.9433886218473402e-08
173.43694512785223 1.9550274500161012e-08
173.54129948713492 1.9661581430235804e-08
173.64565384641764 1.949340253944444e-08
173.75000820570034 1.9223583285919178e-08
173.85436256498303 1.904144014836833e-08
173.95871692426576 1.8921859531944755e-08
174.06307128354848 1.877242362144481e-08
174.16742564283118 1.8562688151235074e-08
174.27178000211387 1.8401382308956296e-08
174.37613436139657 1.8309945750145066e-08
174.48048872067926 1.8062448496731845e-08
174.58484307996198 1.7623752438888695e-08
174.68919743924468 1.7311660190409298e-08
174.79355179852737 1.7272078763669777e-08
174.89790615781007 1.7252974193148682e-08
175.0022605170928 1.6928847186487416e-08
175.1066148763755 1.6305368757214283e-08
175.21096923565818 1.583733397838106e-08
175.31532359494088 1.583769108622521e-08
175.4196779542236 1.592264911384294e-08
175.5240323135063 1.555349819451185e-08
175.628386672789 1.4814742915445771e-08
175.7327410320717 1.4252164353100577e-08
175.8370953913544 1.4195052361160809e-08
175.9414497506371 1.4317813382118367e-08
176.0458041099198 1.3997281469203017e-08
176.1501584692025 1.3211555314278833e-08
176.25451282848522 1.258527467630788e-08
176.35886718776794 1.2469796467690988e-08
176.46322154705064 1.2537262864739773e-08
176.56757590633333 1.2265642623657328e-08
176.67193026561603 1.1565558489594894e-08
176.77628462489875 1.0916157191893237e-08
176.88063898418145 1.0715505060040649e-08
176.98499334346414 1.0714457102026309e-08
177.08934770274684 1.045025094756893e-08
177.19370206202956 9.880344627214719e-09
177.29805642131225 9.319522009856959e-09
177.40241078059495 9.030090647685559e-09
177.50676513987764 8.918720467625667e-09
177.61111949916037 8.670543669666143e-09
177.71547385844306 8.22200157897828e-09
177.81982821772576 7.795460400579256e-09
177.92418257700845 7.500146845631298e-09
178.02853693629115 7.2599516677704e-09
178.13289129557387 6.9897804189962974e-09
178.23724565485657 6.675399625291573e-09
178.34160001413926 6.384541441141607e-09
178.44595437342196 6.134406341046992e-09
178.5503087327047 5.836281882957894e-09
178.6546630919874 5.509409690205503e-09
178.7590174512701 5.280960638230011e-09
178.8633718105528 5.142993442735245e-09
178.9677261698355 4.96457872062895e-09
179.0720805291182 4.667930680872171e-09
179.1764348884009 4.323127423693126e-09
179.2807892476836 4.117812872651048e-09
179.3851436069663 4.092792091176842e-09
179.48949796624902 4.032988616096826e-09
179.5938523255317 3.7824949316347526e-09
179.6982066848144 3.455597393615359e-09
179.8025610440971 3.266581363844671e-09
179.90691540337983 3.28960087250053e-09
180.01126976266252 3.34666741237671e-09
180.11562412194522 3.2082905408404443e-09
180.2199784812279 2.9269487913190233e-09
180.32433284051064 2.7546519658844874e-09
180.42868719979333 2.8011131917721704e-09
180.53304155907603 2.9323096662112214e-09
180.63739591835872 2.931136663637042e-09
180.74175027764144 2.7494850799151426e-09
180.84610463692417 2.5984439804299196e-09
180.95045899620686 2.6554795751319273e-09
181.05481335548956 2.8350244197652307e-09
181.15916771477225 2.9398700139230798e-09
181.26352207405498 2.891368977844673e-09
181.36787643333767 2.8043923447178033e-09
181.47223079262037 2.8646898277859363e-09
181.57658515190306 3.070537130299613e-09
181.68093951118578 3.24645819582745e-09
181.78529387046848 3.31062832186973e-09
181.88964822975117 3.3369610204140465e-09
181.99400258903387 3.434001570231933e-09
182.0983569483166 3.6342104328708404e-09
182.2027113075993 3.844373568428289e-09
182.30706566688198 3.990492542378463e-09
182.41142002616468 4.1364344391693025e-09
182.51577438544737 4.328729311159274e-09
182.6201287447301 4.524552470647317e-09
182.7244831040128 4.706290914296978e-09
182.82883746329549 4.90458173902879e-09
182.93319182257818 5.164491564941067e-09
183.03754618186093 5.473143176071325e-09
183.14190054114363 5.704873356089666e-09
183.24625490042632 5.822749479641417e-09
183.35060925970902 6.0053966020308886e-09
183.4549636189917 6.374990425420583e-09
183.55931797827444 6.806722757465222e-09
183.66367233755713 7.0855913201780215e-09
183.76802669683983 7.160837249877759e-09
183.87238105612252 7.277558498949675e-09
183.97673541540524 7.694862221958134e-09
184.08108977468794 8.25980747275891e-09
184.18544413397063 8.592850772775178e-09
184.28979849325333 8.631931607838708e-09
184.39415285253605 8.696231471336246e-09
184.49850721181875 9.096446929178145e-09
184.60286157110144 9.730146262673804e-09
184.70721593038414 1.0145618221678246e-08
184.81157028966686 1.0169551900576684e-08
184.91592464894956 1.0183555632694745e-08
185.02027900823225 1.0556751998974637e-08
185.12463336751495 1.117395044711343e-08
185.22898772679767 1.162545775138154e-08
185.3333420860804 1.1702120645899436e-08
185.4376964453631 1.1691570076973217e-08
185.54205080464578 1.2003831659014783e-08
185.64640516392848 1.2565791679251837e-08
185.7507595232112 1.298152586667002e-08
185.8551138824939 1.3111679352788604e-08
185.9594682417766 1.3164483495868853e-08
186.0638226010593 1.3404884591334439e-08
186.168176960342 1.3836134013193662e-08
186.2725313196247 1.4188462432772007e-08
186.3768856789074 1.434515285744672e-08
186.4812400381901 1.4486843590027538e-08
186.58559439747282 1.471944085883985e-08
186.6899487567555 1.4968018222559797e-08
186.7943031160382 1.5178747660231072e-08
186.8986574753209 1.537080390718572e-08
187.0030118346036 1.5599577656300058e-08
187.10736619388632 1.583834737901445e-08
187.21172055316902 1.5942972953076734e-08
187.3160749124517 1.595125503540126e-08
187.4204292717344 1.611483056363866e-08
187.52478363101713 1.6457776955902068e-08
187.62913799029985 1.670492206176128e-08
187.73349234958255 1.6674725958730216e-08
187.83784670886524 1.6513523002738512e-08
187.94220106814797 1.6581365814213778e-08
188.04655542743066 1.6975041270571878e-08
188.15090978671336 1.7275440869327148e-08
188.25526414599605 1.713305700600156e-08
188.35961850527875 1.6811755862753945e-08
188.46397286456147 1.679364853708758e-08
188.56832722384416 1.7154620495191136e-08
188.67268158312686 1.7466095947962683e-08
188.77703594240955 1.729905385729081e-08
188.88139030169228 1.6852865839591646e-08
188.98574466097497 1.6723779729659394e-08
189.09009902025767 1.7028406107135446e-08
189.19445337954036 1.728590745694431e-08
189.2988077388231 1.7108388728618044e-08
189.40316209810578 1.6648837254395152e-08
189.50751645738848 1.6409454835784327e-08
189.61187081667117 1.6587057090076005e-08
189.7162251759539 1.6776195128309947e-08
189.8205795352366 1.6579205966293712e-08
189.9249338945193 1.6154138065680336e-08
190.029288253802 1.5886480970850048e-08
190.1336426130847 1.5892997752751094e-08
190.23799697236743 1.5942625023051676e-08
190.34235133165012 1.575476285045344e-08
190.44670569093282 1.5388666915749103e-08
190.5510600502155 1.512544455625049e-08
190.65541440949823 1.5006272760811845e-08
190.75976876878093 1.4865143709564546e-08
190.86412312806362 1.4642075812056534e-08
190.96847748734632 1.4386368415442288e-08
191.07283184662904 1.4151912959155638e-08
191.17718620591174 1.3922771271317661e-08
191.28154056519443 1.362578570357236e-08
191.38589492447713 1.3322282243988926e-08
191.49024928375985 1.3144464709846241e-08
191.59460364304255 1.2997708981268548e-08
191.69895800232524 1.2689490318730078e-08
191.80331236160794 1.225037955951468e-08
191.90766672089063 1.1886120221245165e-08
192.01202108017335 1.1734076220048963e-08
192.11637543945605 1.1658050566915757e-08
192.22072979873877 1.1354285832312608e-08
192.32508415802147 1.081146775572895e-08
192.4294385173042 1.0377777220595646e-08
192.5337928765869 1.0243880342102364e-08
192.63814723586958 1.0199209397612662e-08
192.74250159515228 9.923321557093646e-09
192.84685595443497 9.374789951385396e-09
192.9512103137177 8.884133985820295e-09
193.0555646730004 8.725669885301074e-09
193.15991903228309 8.706374763088293e-09
193.26427339156578 8.460324384301014e-09
193.3686277508485 7.956199120038506e-09
193.4729821101312 7.479972647252447e-09
193.5773364694139 7.271781812411474e-09
193.6816908286966 7.2323695227807395e-09
193.7860451879793 7.040716776873081e-09
193.890399547262 6.609182631292712e-09
193.9947539065447 6.185803865276752e-09
194.0991082658274 5.963039083488469e-09
194.20346262511012 5.8681465819733625e-09
194.30781698439282 5.706291322100637e-09
194.41217134367554 5.388468931319317e-09
194.51652570295823 5.043883959686509e-09
194.62088006224093 4.828347389242874e-09
194.72523442152365 4.697752625543731e-09
194.82958878080635 4.532557362203561e-09
194.93394314008904 4.314666343824652e-09
195.03829749937174 4.090979150846009e-09
195.14265185865446 3.907862913361966e-09
195.24700621793716 3.758010732033326e-09
195.35136057721985 3.59474050669374e-09
195.45571493650255 3.437968318486793e-09
195.56006929578527 3.3312519695231725e-09
195.66442365506796 3.2315295804445352e-09
195.76877801435066 3.0879568687372497e-09
195.87313237363335 2.9273912639282096e-09
195.97748673291608 2.8154232420740377e-09
196.08184109219877 2.7917760900765913e-09
196.18619545148147 2.7951389775953607e-09
196.29054981076416 2.7126670749564334e-09
196.39490417004686 2.5609822698705115e-09
196.49925852932958 2.472234676215823e-09
196.60361288861228 2.510683757046507e-09
196.707967247895 2.6044339970124543e-09
196.8123216071777 2.6187115700315132e-09
196.91667596646042 2.512851521777258e-09
197.0210303257431 2.428639254685737e-09
197.1253846850258 2.5023087701287456e-09
197.2297390443085 2.675385945663688e-09
197.3340934035912 2.7865047962364652e-09
197.43844776287392 2.7607833526330915e-09
197.54280212215662 2.698131243328185e-09
197.6471564814393 2.7765270955178474e-09
197.751510840722 3.005685624105157e-09
197.85586520000473 3.205715019274125e-09
197.96021955928742 3.264021986113351e-09
198.06457391857012 3.257329098255818e-09
198.1689282778528 3.344776368750773e-09
198.27328263713554 3.5872563645639514e-09
198.37763699641823 3.852701732029953e-09
198.48199135570093 3.9921566050858536e-09
198.58634571498362 4.055717463373532e-09
198.69070007426635 4.185047754692325e-09
198.79505443354904 4.422578320127567e-09
198.89940879283174 4.695647488256572e-09
199.00376315211446 4.904573797690113e-09
199.10811751139715 5.052589549408873e-09
199.21247187067988 5.240434961520285e-09
199.31682622996257 5.486289523228705e-09
199.42118058924527 5.7237945257788715e-09
199.52553494852796 5.948372421074065e-09
199.62988930781069 6.1946768629300164e-09
199.73424366709338 6.4620683945694275e-09
199.83859802637608 6.713724842666328e-09
199.94295238565877 6.908295635274115e-09
