0.0 0.0
0.10435435928270291 1.3226733926280045e-09
0.20870871856540582 1.4674730406182345e-08
0.3130630778481087 3.6815812399598046e-08
0.41741743713081164 1.2526885807734077e-07
0.5217717964135146 2.011727900173913e-06
0.6261261556962174 0.00033104759843726405
0.7304805149789203 0.003186247651406848
0.8348348742616233 0.007966548819035434
0.9391892335443263 0.006218716946789532
1.0435435928270291 0.0011074596086694103
1.1478979521097321 2.2604233467750428e-07
1.2522523113924349 1.0106277805666986e-05
1.3566066706751378 4.814544258922596e-06
1.4609610299578406 1.1491199225901013e-07
1.5653153892405436 1.3747774421946216e-06
1.6696697485232466 2.8047950576692844e-07
1.7740241078059495 7.494482323474933e-08
1.8783784670886525 3.710672432398948e-07
1.9827328263713553 7.514570737568072e-08
2.0870871856540583 1.8285438876567036e-07
2.1914415449367612 5.255120070664909e-08
2.2957959042194642 1.946684640071121e-06
2.400150263502167 4.382996936447805e-06
2.5045046227848697 2.7751862810140224e-06
2.6088589820675727 2.6259700619007705e-06
2.7132133413502757 1.6945666374465946e-06
2.8175677006329787 1.4984707573819026e-07
2.921922059915681 2.127471449484545e-08
3.026276419198384 1.956522259351387e-08
3.130630778481087 2.233429352811269e-08
3.23498513776379 4.0019246021161075e-09
3.339339497046493 3.7045437135305184e-08
3.4436938563291957 1.5612590219580532e-09
3.548048215611899 5.466645922975349e-09
3.6524025748946016 1.0301336719665397e-08
3.756756934177305 1.3699891299143238e-08
3.8611112934600076 6.046659133248249e-09
3.9654656527427106 7.041709051442329e-08
4.0698200120254135 4.97848325506247e-08
4.1741743713081165 3.954012439579495e-09
4.2785287305908195 2.0330509296399272e-08
4.3828830898735225 3.6862627406673065e-08
4.4872374491562255 1.1269901328951857e-09
4.5915918084389284 2.286353855250342e-09
4.6959461677216305 1.0271662019163512e-08
4.800300527004334 1.0761775300177938e-08
4.9046548862870365 2.1097400199249076e-09
5.0090092455697395 2.5523040414652045e-08
5.1133636048524425 1.4312030785887393e-08
5.217717964135145 6.481920271481114e-09
5.322072323417848 1.3355476366231532e-08
5.426426682700551 2.030118381663147e-09
5.530781041983254 3.4344719875728544e-09
5.635135401265957 1.9915061661500045e-08
5.73948976054866 5.032435339504285e-09
5.843844119831362 6.672089791318568e-10
5.948198479114066 1.1915258466969134e-08
6.052552838396768 1.2900587511105995e-08
6.156907197679472 8.15916888902783e-09
6.261261556962174 7.278084593806013e-10
6.365615916244878 2.201127485358108e-08
6.46997027552758 2.4312460454665767e-08
6.574324634810284 2.2725955723936435e-08
6.678678994092986 6.216837445007691e-10
6.783033353375689 2.56359053881009e-08
6.887387712658391 1.6224969334072565e-08
6.991742071941095 1.6434562782837515e-08
7.096096431223798 1.018927390871168e-09
7.200450790506501 9.711477744888578e-10
7.304805149789203 1.6203417247073482e-08
7.409159509071906 6.923703717376014e-09
7.51351386835461 2.009158915208671e-09
7.617868227637313 1.1238256311914741e-08
7.722222586920015 1.6292746353797573e-08
7.826576946202718 3.941941106484297e-09
7.930931305485421 1.84808311522904e-11
8.035285664768125 6.402675633952167e-09
8.139640024050827 1.358708374471175e-08
8.24399438333353 5.480707364919099e-09
8.348348742616233 3.977133390276727e-09
8.452703101898935 3.4293801143609643e-09
8.557057461181639 2.2362350878539795e-09
8.661411820464341 5.558044745966405e-10
8.765766179747045 3.589199355958647e-08
8.870120539029747 1.2868739300504773e-08
8.974474898312451 9.698929323956221e-09
9.078829257595153 4.1349186494615124e-08
9.183183616877857 6.422577632100356e-08
9.287537976160559 1.9502683536216693e-08
9.391892335443261 1.0991295552398691e-08
9.496246694725965 1.5409009748771806e-07
9.600601054008669 9.122421650681667e-08
9.704955413291371 1.6667623268104395e-07
9.809309772574073 2.5394741179395907e-08
9.913664131856777 2.2662959631930548e-08
10.018018491139479 4.910658440052338e-07
10.122372850422183 1.568392302347734e-07
10.226727209704885 2.0045154091181633e-07
10.331081568987589 3.370444069655363e-07
10.43543592827029 2.630159956080275e-07
10.539790287552993 5.100197108968528e-07
10.644144646835697 1.7101857839181056e-07
10.7484990061184 9.802018411183154e-07
10.852853365401103 1.1472720138626393e-06
10.957207724683805 2.7972507293776706e-07
11.061562083966509 3.4966910117177913e-07
11.165916443249213 1.0389492848806512e-06
11.270270802531915 2.0437575342201474e-06
11.374625161814617 5.061734517290722e-07
11.47897952109732 6.487530932044125e-08
11.583333880380025 1.2501993267829418e-06
11.687688239662725 1.4530054928067965e-06
11.792042598945429 2.2756143123816333e-06
11.896396958228133 3.123385190032455e-08
12.000751317510835 2.1743699401913902e-07
12.105105676793537 2.388155164238606e-06
12.20946003607624 2.065024710066496e-07
12.313814395358945 4.014428523504134e-07
12.418168754641647 4.1400058936291255e-06
12.522523113924349 2.5914728674816136e-06
12.626877473207053 1.2957023499748357e-06
12.731231832489756 4.160359427073092e-06
12.835586191772459 1.4291250820662627e-06
12.93994055105516 1.8700841337352981e-06
13.044294910337864 6.90824219155719e-06
13.148649269620568 4.6556661729238265e-06
13.253003628903269 9.050559458339535e-06
13.357357988185973 9.444122947509372e-07
13.461712347468676 2.2213549803232165e-06
13.566066706751378 1.6871664332824573e-05
13.67042106603408 1.6019878017120546e-06
13.774775425316783 9.635543702833429e-06
13.879129784599488 3.975018683450602e-05
13.98348414388219 3.1552409140958294e-05
14.087838503164894 2.611826745781505e-06
14.192192862447596 2.2725938122941868e-05
14.296547221730298 8.4529077751654e-05
14.400901581013002 6.301679812682108e-05
14.505255940295704 1.9024621467432884e-05
14.609610299578407 6.630138450904471e-05
14.71396465886111 0.00014893402422034796
14.818319018143812 0.0002659338715017448
14.922673377426518 0.00014024152371403832
15.02702773670922 2.69951060021443e-05
15.131382095991922 0.00016402275972008973
15.235736455274626 0.000172174811103202
15.340090814557328 9.701156497331167e-05
15.44444517384003 0.0004535321187737779
15.548799533122734 0.0006727084443932757
15.653153892405436 0.00040724826823161213
15.757508251688138 0.0003342383003044211
15.861862610970842 0.0008963936103119129
15.966216970253544 0.001209734272060372
16.07057132953625 0.0008791318160809276
16.174925688818952 0.0007688877779446137
16.279280048101654 0.001470026598879199
16.38363440738436 0.0026743200592911163
16.48798876666706 0.0028726612708910564
16.59234312594976 0.0019570648881954904
16.696697485232466 0.0006566971132027984
16.801051844515168 0.0006480918017694549
16.90540620379787 0.000402567231431158
17.009760563080576 0.0009291648261130201
17.114114922363278 0.0036338770476882646
17.21846928164598 0.005067245004860324
17.322823640928682 0.006989574661705795
17.427178000211384 0.013081995006680927
17.53153235949409 0.021016130522706736
17.635886718776792 0.026458281117351146
17.740241078059494 0.024074756170441174
17.8445954373422 0.02248639892673842
17.948949796624902 0.02880734235514138
18.053304155907604 0.03189214114231818
18.157658515190306 0.03248329297349074
18.262012874473008 0.021391241666962126
18.366367233755714 0.011365593676258912
18.470721593038416 0.0057279719231010055
18.575075952321118 0.0019675239628997856
18.679430311603824 0.007043583889071964
18.783784670886522 0.018896419103412658
18.888139030169224 0.04360229523488297
18.99249338945193 0.08550692374830896
19.096847748734632 0.13922459229574077
19.201202108017338 0.2140224193733106
19.30555646730004 0.2784853443813894
19.409910826582742 0.3059381981605305
19.514265185865444 0.33441498576211004
19.618619545148146 0.3301706216347487
19.722973904430848 0.32693912504959005
19.827328263713554 0.32771119130744225
19.931682622996256 0.24388468353532047
20.036036982278958 0.2766616298909595
20.140391341561664 0.2473680365170995
20.244745700844366 0.2893129357467209
20.349100060127068 0.3273708018473735
20.45345441940977 0.3777984612612678
20.557808778692472 0.4709324930021821
20.662163137975178 0.42585258350743704
20.76651749725788 0.4508954437774425
20.87087185654058 0.3539640223605685
20.975226215823287 0.3244565831936573
21.079580575105986 0.20160521521095967
21.18393493438869 0.10499726350127932
21.288289293671394 0.03783221881497001
21.392643652954096 0.011091664375953122
21.4969980122368 0.014574491325000457
21.601352371519503 0.02533199763536615
21.705706730802206 0.0321815268268934
21.810061090084908 0.028243578235658567
21.91441544936761 0.0092188314414936
22.018769808650312 0.005398264027352551
22.123124167933018 0.0038547659684687497
22.22747852721572 0.026660859485136877
22.331832886498425 0.05854399235922056
22.436187245781127 0.1158988779445793
22.54054160506383 0.09146585002361
22.64489596434653 0.1198599744896099
22.749250323629234 0.0419213202661311
22.853604682911936 0.11129069011797624
22.95795904219464 0.013322567685937937
23.062313401477343 0.06316698393521332
23.16666776076005 0.009396980383891217
23.27102212004275 0.06670843712451051
23.37537647932545 0.03464399837029831
23.479730838608155 0.0631488330969963
23.584085197890857 0.05483068641956118
23.68843955717356 0.04719178417669898
23.792793916456265 0.02370556040119137
23.897148275738967 0.0013285466478997901
24.00150263502167 0.004640230063005348
24.10585699430437 0.01949440751521447
24.210211353587074 0.007555029943936433
24.31456571286978 0.023741839638473615
24.41892007215248 0.027730252844613817
24.523274431435183 0.06426785195671732
24.62762879071789 0.05534360517102593
24.73198315000059 0.031064363032398228
24.836337509283293 0.0353987826382981
24.940691868565995 0.024405406789535324
25.045046227848697 0.018359849395472687
25.1494005871314 0.017346918181053377
25.253754946414105 0.027476149481344803
25.358109305696807 0.02231251443267232
25.462463664979513 0.017755161439838792
25.566818024262215 0.0034794210959423386
25.671172383544917 0.004140412606337825
25.77552674282762 0.0025408748327089277
25.87988110211032 0.0010933924072316728
25.984235461393023 0.0009534885455387624
26.08858982067573 0.008104021833808336
26.19294417995843 0.01995991496502274
26.297298539241137 0.01932648556805361
26.401652898523835 0.01850268051343919
26.506007257806537 0.02145656311900511
26.610361617089243 0.022134120911947688
26.714715976371945 0.008078249959234873
26.819070335654647 0.004962876546997247
26.923424694937353 0.0068552035400859185
27.027779054220055 0.0053397535212283105
27.132133413502757 0.00510493720217835
27.23648777278546 0.00022582155202499694
27.34084213206816 0.0007331868519825943
27.445196491350863 0.001120606343740822
27.549550850633565 0.00043197501302737857
27.653905209916275 0.0008434819537615281
27.758259569198977 0.002857631162688352
27.86261392848168 0.0020803718676839387
27.96696828776438 0.003257089421866919
28.07132264704708 0.005594672218129565
28.17567700632979 0.007046452022700207
28.28003136561249 0.007750723555982371
28.384385724895193 0.005692150575040325
28.488740084177895 0.0036057495773080517
28.593094443460597 0.004029652730291325
28.6974488027433 0.005964296927672857
28.801803162026005 0.0031892909349495527
28.906157521308707 0.00247399946809243
29.01051188059141 0.0011863532825460072
29.11486623987411 0.0003372583923641856
29.219220599156813 0.0004965173789807277
29.323574958439522 0.0013747585729585081
29.42792931772222 0.0014038038929507525
29.532283677004923 0.0006716727429603255
29.636638036287625 0.00024124685806039544
29.740992395570327 0.0007184654975454236
29.845346754853036 0.00011562478729215259
29.94970111413574 0.001090908406488671
30.05405547341844 0.001880481839951999
30.158409832701143 0.0013349057956517473
30.262764191983845 0.00462177520622173
30.367118551266543 0.005709441529004621
30.471472910549252 0.0037144612583473627
30.575827269831954 0.0016550222014646728
30.680181629114657 0.0022560510676213406
30.78453598839736 0.00040803790132043244
30.88889034768006 0.001480894970538899
30.993244706962766 0.003697917749049569
31.09759906624547 0.001962577669923356
31.20195342552817 0.00020837921633177036
31.306307784810873 0.0008285788716932013
31.410662144093575 0.00041100879043931045
31.515016503376277 0.0001503575195366208
31.619370862658986 0.00010089944804757858
31.723725221941685 0.0004567713534732904
31.828079581224387 0.002312420518238962
31.93243394050709 0.0038897622067580865
32.03678829978979 0.0050094126415473495
32.1411426590725 0.004359643646305606
32.2454970183552 0.004691500625453714
32.349851377637904 0.002890725748655487
32.454205736920606 0.0010842890428655841
32.55856009620331 0.0018945573816841975
32.66291445548601 0.003025571447421756
32.76726881476872 0.0019487085634276448
32.87162317405142 0.0029389096237740597
32.97597753333412 0.0029927577359466005
33.08033189261682 0.0015584055845560764
33.18468625189952 0.002290049531150412
33.28904061118223 0.004291204322565051
33.39339497046493 0.002044091828236404
33.497749329747634 8.638652688584899e-05
33.602103689030336 0.00024890610377697954
33.70645804831304 0.00013472947259934618
33.81081240759574 0.000351558549787243
33.91516676687845 0.001025522186563697
34.01952112616115 0.00034775015124987804
34.123875485443854 0.00012341811748803742
34.228229844726556 0.0007800422258452999
34.33258420400926 0.00014735214086120652
34.43693856329196 0.0007520376036657475
34.54129292257466 0.0018499396583485082
34.645647281857364 0.0009654781205240707
34.75000164114007 0.0005765456647813513
34.85435600042277 0.0021289565562213845
34.95871035970548 0.001701246439538624
35.06306471898818 0.0003285691923102469
35.16741907827088 0.0006064016155558411
35.271773437553584 0.0006550410445032168
35.376127796836286 6.938782680944601e-05
35.48048215611899 0.0007229447313685277
35.5848365154017 0.0007538836861602627
35.6891908746844 0.00024684215251847104
35.7935452339671 0.0006991004228714521
35.897899593249804 0.001290979414199062
36.002253952532506 0.0006349851946628887
36.10660831181521 8.157653892363479e-07
36.21096267109791 0.00038290005074470096
36.31531703038061 0.0006830865926708082
36.419671389663314 0.0005461584000809707
36.524025748946016 0.00032890463467207865
36.62838010822872 6.001676200215723e-05
36.73273446751143 9.364908192104327e-05
36.83708882679413 0.00020940000457725543
36.94144318607683 0.0001164704821091711
37.045797545359534 4.293313113470349e-05
37.150151904642236 0.00011377545913014121
37.254506263924945 0.00029392628075047887
37.35886062320765 0.00042059958201105184
37.46321498249035 0.0003165694627479546
37.567569341773044 6.806030896906006e-05
37.671923701055746 9.230690568959603e-05
37.77627806033845 0.0001709216719051235
37.88063241962116 3.47823270903844e-05
37.98498677890386 4.884413498728289e-05
38.08934113818656 0.0002158288886989268
38.193695497469264 0.00013995893875544448
38.298049856751966 0.0001541389665997462
38.402404216034675 0.0005752088493983261
38.50675857531738 0.0008098860111071712
38.61111293460008 0.0004905698755623787
38.71546729388278 0.0003090086760812155
38.819821653165484 0.0006740695062973756
38.924176012448186 0.0009928644255553362
39.02853037173089 0.0007968337593809017
39.13288473101359 0.00038652794849075567
39.23723909029629 0.00024071263070930612
39.341593449578994 0.00028637637385152355
39.445947808861696 0.0002716273798280604
39.550302168144405 0.00015981334607394077
39.65465652742711 2.7823899615538897e-05
39.75901088670981 6.423876889670892e-05
39.86336524599251 0.000257898767986993
39.967719605275214 0.00027146934762699597
40.072073964557916 9.250322562100402e-05
40.176428323840625 0.00027764906950420365
40.28078268312333 0.0008705584840216017
40.38513704240603 0.0013824422536892784
40.48949140168873 0.0013413205203349325
40.59384576097143 0.0009957913771757405
40.698200120254135 0.0007497623864975368
40.80255447953684 0.0006360161790723802
40.90690883881954 0.00044409183495261955
41.01126319810224 0.0001983359946434011
41.115617557384944 0.0001868876147540558
41.21997191666765 0.0003788699992101575
41.324326275950355 0.0005918184165332971
41.42868063523306 0.000667800443567432
41.53303499451576 0.0008264125251269441
41.63738935379846 0.0009204533444721028
41.74174371308116 0.0008339437143220124
41.84609807236387 0.0005345950179018634
41.950452431646575 0.00046420578316948817
42.05480679092928 0.0007153806293350699
42.15916115021197 0.0010242028350146539
42.263515509494674 0.0010637158818647089
42.36786986877738 0.0008726607696580045
42.472224228060085 0.0007620801144264432
42.57657858734279 0.0006479472886634278
42.68093294662549 0.0004766323515664691
42.78528730590819 0.00014444794454792145
42.889641665190894 1.139090166068532e-06
42.9939960244736 0.00015655718298569296
43.098350383756305 0.00033688634955419126
43.20270474303901 0.00018618309577962843
43.30705910232171 2.2731294352794388e-06
43.41141346160441 0.00024186239846748662
43.51576782088712 0.0008710285209623432
43.620122180169815 0.0011295834652670044
43.72447653945252 0.0008489517012684316
43.82883089873522 0.00040698955026577616
43.93318525801792 0.0001744430513676022
44.037539617300624 0.0002091796681861172
44.14189397658333 0.0001793705382597298
44.246248335866035 4.854334943307492e-05
44.35060269514874 4.579434968668712e-05
44.45495705443144 0.0003956742819582787
44.55931141371414 0.0007885963332973519
44.66366577299685 0.0009431218870009694
44.76802013227955 0.0006923634865969543
44.872374491562255 0.0004173075224887184
44.97672885084496 0.00021842540233152336
45.08108321012766 0.000114153778773643
45.18543756941036 0.00011021438521781346
45.28979192869306 0.0002924915121069243
45.394146287975765 0.0005945679558933851
45.49850064725847 0.0008581919783969072
45.60285500654117 0.0010107852114672558
45.70720936582387 0.0008603517344335476
45.81156372510658 0.0006144114735634965
45.91591808438928 0.000311722152769919
46.020272443671985 9.700813475281434e-05
46.12462680295469 1.730269042755156e-05
46.22898116223739 1.1876485973556465e-05
46.3333355215201 3.275941659551877e-05
46.4376898808028 4.069793719050437e-05
46.5420442400855 5.56862382171811e-05
46.646398599368204 8.375506526079166e-05
46.7507529586509 0.00010045716963707902
46.8551073179336 0.00011093797672810441
46.95946167721631 0.00011723262706589841
47.06381603649901 0.00010729435662527003
47.168170395781715 9.880814049251165e-05
47.27252475506442 0.00012778791446903283
47.37687911434712 0.00030356450005611206
47.48123347362983 0.0007777460409266597
47.58558783291253 0.0012440324007500496
47.68994219219523 0.0014092844673443221
47.794296551477935 0.0010232451309751373
47.89865091076064 0.00033875350106505193
48.00300527004334 6.849971576457491e-05
48.10735962932605 0.0002838371713444257
48.21171398860874 0.0005575344451036622
48.316068347891445 0.0004890414021986948
48.42042270717415 0.000566215852980324
48.52477706645685 0.0011670285031535855
48.62913142573956 0.0020640503956665243
48.73348578502226 0.0021731227983972593
48.83784014430496 0.0012249476219679375
48.942194503587665 0.00021577107454876448
49.04654886287037 0.00010511795398665377
49.15090322215307 0.0009283842911112392
49.25525758143578 0.0015930456507808515
49.35961194071848 0.0013043107970672015
49.46396630000118 0.00042947894231964263
49.568320659283884 0.00030814257662852495
49.672675018566586 0.0010805971995299537
49.77702937784929 0.0018031424243909844
49.88138373713199 0.0015779734736430563
49.98573809641469 0.0010120253441685315
50.090092455697395 0.0011693510504147628
50.1944468149801 0.001930986083233248
50.2988011742628 0.002285895709970706
50.40315553354551 0.0015374581642489016
50.50750989282821 0.00047093871527280145
50.61186425211091 3.0256995607715587e-05
50.716218611393614 0.0003803542664533256
50.82057297067632 0.0007613107872129826
50.924927329959026 0.0006667828245881183
51.02928168924173 0.00036225798758816733
51.13363604852443 0.0005172286490534848
51.23799040780713 0.0010722937519220279
51.342344767089834 0.0012639546553269883
51.446699126372536 0.0007983239034189981
51.55105348565524 0.00020615371991861047
51.65540784493794 0.00022089526918327022
51.75976220422064 0.0007276737282592006
51.864116563503345 0.0010334088169601371
51.96847092278605 0.0007350442155344781
52.072825282068756 0.00024984692766261124
52.17717964135146 2.5886730846622823e-05
52.28153400063416 5.418158192248887e-05
52.38588835991686 8.431592373654093e-05
52.490242719199564 2.180136596615311e-05
52.59459707848227 1.2419020955130191e-05
52.698951437764975 0.0001245550724238223
52.80330579704767 0.0002069429046482196
52.90766015633037 0.00019216126634322397
53.012014515613075 0.00034148977342680464
53.11636887489578 0.0008654724123023476
53.220723234178486 0.0015321329722576198
53.32507759346119 0.001801309613099589
53.42943195274389 0.0014150949863937436
53.53378631202659 0.0006831134423761217
53.638140671309294 0.0001692217338101318
53.742495030592 1.615623605680986e-05
53.846849389874706 2.6180125511122578e-06
53.95120374915741 1.7455312270630962e-05
54.05555810844011 0.00016927987681919471
54.15991246772281 0.0005073505221004058
54.264266827005514 0.0007982560128144814
54.368621186288216 0.0007492743223648869
54.47297554557092 0.0004006789268132662
54.57732990485362 0.0001470749585319691
54.68168426413632 0.00023911827396735696
54.786038623419024 0.0005023925451385468
54.89039298270173 0.0005613439471765893
54.99474734198443 0.0003462470403776265
55.09910170126713 0.00016904648781466787
55.20345606054985 0.00022908887009854358
55.30781041983255 0.00035771902951474714
55.41216477911525 0.00027485056587171866
55.51651913839795 5.14853695809792e-05
55.620873497680655 4.594077912795229e-05
55.72522785696336 0.0004373274853719601
55.82958221624606 0.0009660371655511766
55.93393657552876 0.0011861853793514263
56.03829093481146 0.0009413200233198779
56.14264529409416 0.00045081429464407873
56.24699965337686 9.463430425193014e-05
56.35135401265958 6.306263748813401e-06
56.45570837194228 0.00012092272017437197
56.56006273122498 0.000376199605040031
56.66441709050768 0.000785438965296829
56.768771449790385 0.0012239776745603978
56.87312580907309 0.0013907056804588129
56.97748016835579 0.0011270856274641554
57.08183452763849 0.000548688753872868
57.186188886921194 8.638975754102945e-05
57.290543246203896 3.051230224031227e-05
57.3948976054866 0.0003013046521018483
57.49925196476931 0.0005238221772111596
57.60360632405201 0.0004707714955333159
57.70796068333471 0.00024536685834508333
57.81231504261741 6.464149946906906e-05
57.916669401900116 7.818354220655015e-05
58.02102376118282 0.0002633757203714947
58.12537812046552 0.0005196194783927217
58.22973247974822 0.0007581847012411896
58.334086839030924 0.0009691742581893874
58.438441198313626 0.0010258272646276377
58.54279555759633 0.0008988775883292206
58.647149916879044 0.0006095066245189773
58.75150427616175 0.00028132664014489964
58.85585863544444 0.00010370095344929262
58.960212994727144 6.45980642586404e-05
59.064567354009846 8.946346473306951e-05
59.16892171329255 7.621032513278635e-05
59.27327607257525 3.558806791239836e-05
59.37763043185795 1.8607381344658708e-05
59.481984791140654 3.7272030110950725e-05
59.586339150423356 5.70454728422555e-05
59.69069350970607 6.503245115778063e-05
59.795047868988775 6.541519429505095e-05
59.89940222827148 0.00011307032805670627
60.00375658755418 0.0002137450393278157
60.10811094683688 0.00033319305483002905
60.21246530611958 0.0004546169609215568
60.316819665402285 0.0005112771117269206
60.42117402468499 0.0005371856674060193
60.52552838396769 0.0004841487857815134
60.629882743250384 0.0003546432877444195
60.734237102533086 0.00022389583312506766
60.8385914618158 0.00010959734032232584
60.942945821098505 4.9114327497813635e-05
61.04730018038121 3.9850577991827915e-05
61.15165453966391 5.0585418179424293e-05
61.25600889894661 6.1034305069711936e-05
61.36036325822931 0.00010160392768551045
61.464717617512015 0.00022018191791810886
61.56907197679472 0.00039607598680797596
61.67342633607742 0.0005797132874607807
61.77778069536012 0.0007649673986499775
61.88213505464282 0.0008533655676557393
61.98648941392553 0.0008267437255649436
62.090843773208235 0.0007194970842363112
62.19519813249094 0.0005167595312406936
62.29955249177364 0.00031667301607891924
62.40390685105634 0.0001543881613470955
62.50826121033904 3.950388512223825e-05
62.612615569621745 1.7384244061526688e-06
62.71696992890445 2.0246157048779955e-05
62.82132428818715 9.089504712994394e-05
62.92567864746985 0.0001982446822804665
63.030033006752554 0.0003399686978332101
63.13438736603527 0.0005174538757264378
63.23874172531797 0.0006621459497296399
63.343096084600674 0.0007668028676294968
63.44745044388337 0.0008065461498020303
63.55180480316607 0.0007200467807356512
63.65615916244877 0.0005796492115157457
63.760513521731475 0.0004051701327549128
63.86486788101418 0.0002228293070462159
63.96922224029688 0.0001054104488208341
64.07357659957958 4.110545258343968e-05
64.17793095886229 3.814582771689623e-05
64.282285318145 7.991883507494473e-05
64.3866396774277 0.00014155890146195068
64.4909940367104 0.00022803896084648694
64.5953483959931 0.00030121842219197546
64.69970275527581 0.00036951162393026834
64.8040571145585 0.0004267940958229295
64.90841147384121 0.00043589975991506903
65.01276583312391 0.00042938955638919765
65.11712019240662 0.0003800538147467609
65.22147455168931 0.00028685397184904395
65.32582891097202 0.00020538749684508045
65.43018327025473 0.00013145108285949686
65.53453762953744 9.607791112080326e-05
65.63889198882013 0.00010330822753507594
65.74324634810284 0.0001327407602502262
65.84760070738554 0.00018895713724022823
65.95195506666823 0.00023414798279964717
66.05630942595094 0.00026605421309763594
66.16066378523364 0.0002802796433160811
66.26501814451635 0.0002543980206840318
66.36937250379904 0.00022185509642381804
66.47372686308175 0.00017754262833058528
66.57808122236446 0.00011939358374974769
66.68243558164717 7.643050887977614e-05
66.78678994092986 4.627431010468515e-05
66.89114430021257 4.6062868243057325e-05
66.99549865949527 7.440739681902708e-05
67.09985301877798 0.00011996160630166214
67.20420737806067 0.00018042905997915615
67.30856173734338 0.00022556662871477614
67.41291609662608 0.00025649085046437303
67.51727045590879 0.0002698690741209927
67.62162481519148 0.000250350087032354
67.72597917447419 0.00022183361672417314
67.8303335337569 0.00018422358232917697
67.9346878930396 0.0001347161838464057
68.0390422523223 8.983063060497512e-05
68.143396611605 4.649211935900438e-05
68.24775097088771 1.2838226955271022e-05
68.3521053301704 1.1882732695820617e-07
68.45645968945311 1.0917567484814427e-05
68.5608140487358 4.5191171608778404e-05
68.66516840801852 9.172949108829781e-05
68.76952276730121 0.00014402316754768746
68.87387712658392 0.00018559128077747227
68.97823148586663 0.0002023781062130032
69.08258584514932 0.00020409959386456783
69.18694020443203 0.00018915048598519777
69.29129456371473 0.00015805442648344267
69.39564892299744 0.0001260783131522196
69.50000328228013 9.520835560725104e-05
69.60435764156284 6.53399184353612e-05
69.70871200084554 3.979263499809927e-05
69.81306636012825 1.9075810617567644e-05
69.91742071941096 6.91790522409672e-06
70.02177507869366 4.897280184862734e-06
70.12612943797636 1.3848949418829376e-05
70.23048379725907 3.317785342955798e-05
70.33483815654176 5.6141171005220574e-05
70.43919251582446 7.853150246341659e-05
70.54354687510717 9.746508874998726e-05
70.64790123438986 0.00010759648032240071
70.75225559367257 0.00010827287174007621
70.85660995295527 0.00010180994265029063
70.96096431223798 8.977599229693683e-05
71.06531867152069 7.469494240322389e-05
71.1696730308034 5.711501062976233e-05
71.27402739008609 3.8057283566162134e-05
71.3783817493688 2.186725020542497e-05
71.4827361086515 1.0125726401974513e-05
71.5870904679342 3.7611170493705873e-06
71.6914448272169 4.596899797628635e-06
71.79579918649961 1.160020979484869e-05
71.9001535457823 2.2970452618676268e-05
72.00450790506501 3.456387976654638e-05
72.1088622643477 4.4057679291667026e-05
72.21321662363042 5.217453231601891e-05
72.31757098291313 5.581912341165084e-05
72.42192534219582 5.6809951363680005e-05
72.52627970147853 5.7318395035179667e-05
72.63063406076122 5.3082413043697096e-05
72.73498842004393 4.631871571134561e-05
72.83934277932663 3.764368205745126e-05
72.94369713860934 2.512998838166764e-05
73.04805149789203 1.4445644545444818e-05
73.15240585717474 7.753348769413444e-06
73.25676021645744 4.740735396944827e-06
73.36111457574015 6.219620688549036e-06
73.46546893502286 1.0554510727263172e-05
73.56982329430555 1.561446267114373e-05
73.67417765358826 1.7949977879664962e-05
73.77853201287095 1.8844300069937557e-05
73.88288637215366 1.9486833771847346e-05
73.98724073143636 1.763767128380144e-05
74.09159509071907 1.8169303543517336e-05
74.19594945000176 2.0417802294406682e-05
74.30030380928447 1.9220938418377296e-05
74.40465816856717 1.8255346625801813e-05
74.50901252784989 1.6795083252075157e-05
74.61336688713259 1.2196466471407294e-05
74.7177212464153 8.177626157713886e-06
74.82207560569799 5.9434853286991944e-06
74.9264299649807 4.213727299766884e-06
75.0307843242634 3.0651032271890413e-06
75.13513868354609 3.373736059286478e-06
75.2394930428288 3.857234604875937e-06
75.34384740211149 2.7673135261470867e-06
75.4482017613942 1.993611500561443e-06
75.5525561206769 1.765280699484339e-06
75.65691047995962 9.231099101890735e-07
75.76126483924232 1.0254118968170123e-06
75.86561919852502 1.7240892854576063e-06
75.96997355780772 2.1304438403634027e-06
76.07432791709043 3.6700357760054487e-06
76.17868227637312 4.859742666690615e-06
76.28303663565583 4.344611348683676e-06
76.38739099493853 4.235114385535895e-06
76.49174535422124 3.5596829984825842e-06
76.59609971350393 1.5569077095863812e-06
76.70045407278664 4.2491228491617475e-07
76.80480843206935 2.1228702713536102e-07
76.90916279135205 9.578963003038245e-07
77.01351715063475 1.8148586488177916e-06
77.11787150991745 2.3685580256219117e-06
77.22222586920016 3.5090233524730067e-06
77.32658022848285 2.849470951394395e-06
77.43093458776556 1.634698106286286e-06
77.53528894704826 1.6998054832504936e-06
77.63964330633097 1.3003509881504482e-06
77.74399766561366 2.228160047546487e-06
77.84835202489637 3.1774385044841308e-06
77.95270638417908 2.760192111450715e-06
78.05706074346178 3.113383308400058e-06
78.16141510274448 2.0744464174181303e-06
78.26576946202718 4.441280825005894e-07
78.37012382130989 9.96346375193307e-08
78.47447818059258 2.0442142268428287e-07
78.5788325398753 1.679555420019237e-06
78.68318689915799 2.6795332808138576e-06
78.7875412584407 3.274644797919867e-06
78.89189561772339 3.990014611628736e-06
78.9962499770061 2.7598526322560434e-06
79.10060433628881 2.0708634274475467e-06
79.20495869557152 1.7692556739186104e-06
79.30931305485421 1.124154921142465e-06
79.41366741413692 2.058061332244038e-06
79.51802177341962 2.2843181408308123e-06
79.62237613270231 2.319926985015345e-06
79.72673049198502 2.571415507134745e-06
79.83108485126772 1.3542976528955229e-06
79.93543921055043 8.828064334939319e-07
80.03979356983312 6.394710238827312e-07
80.14414792911583 4.175562444361746e-07
80.24850228839854 1.0753430575697414e-06
80.35285664768125 9.937449079059482e-07
80.45721100696395 1.191007780013428e-06
80.56156536624665 1.1944444465903382e-06
80.66591972552935 4.356388187465945e-07
80.77027408481206 3.9475251164272777e-07
80.87462844409475 2.539969527246522e-07
80.97898280337746 6.640675759142831e-07
81.08333716266016 1.3495261794550875e-06
81.18769152194287 1.441798529260681e-06
81.29204588122558 2.21733157978873e-06
81.39640024050827 2.1641620326667253e-06
81.50075459979098 1.4672938240587519e-06
81.60510895907368 1.543434545347954e-06
81.70946331835638 1.0316180678478192e-06
81.81381767763908 6.687306518502085e-07
81.91817203692179 7.069465811541958e-07
82.02252639620448 3.2921947664430147e-07
82.12688075548719 2.689872631544199e-07
82.23123511476989 1.8700298795539284e-07
82.3355894740526 6.029017155324066e-09
82.4399438333353 3.26839499160551e-08
82.544298192618 1.7052009577733415e-07
82.64865255190071 5.994295255240794e-07
82.7530069111834 8.043472930428732e-07
82.85736127046611 1.051573752514237e-06
82.96171562974881 1.37667867086519e-06
83.06606998903152 1.0898937437204545e-06
83.17042434831421 1.0070747255924603e-06
83.27477870759692 9.881565103523762e-07
83.37913306687962 5.060249520365472e-07
83.48348742616233 3.7785800200194063e-07
83.58784178544504 3.450676090005372e-07
83.69219614472775 1.1665983752373321e-07
83.79655050401044 6.678538304659651e-08
83.90090486329315 4.351677470571476e-08
84.00525922257584 1.9249676360307715e-08
84.10961358185855 1.749782566862644e-08
84.21396794114125 1.017200528495721e-07
84.31832230042394 2.189494147051101e-07
84.42267665970665 1.9008531425671147e-07
84.52703101898935 2.570073753896899e-07
84.63138537827206 3.064960883053623e-07
84.73573973755477 1.8252769725668086e-07
84.84009409683748 1.4828689271958415e-07
84.94444845612017 1.1398918480794208e-07
85.04880281540288 2.7013589701970724e-08
85.15315717468557 9.047978356171452e-09
85.25751153396828 1.4082278166300526e-09
85.36186589325098 1.4692097591603667e-08
85.46622025253369 3.6158306121331524e-08
85.57057461181638 4.789948880574474e-08
85.67492897109909 9.555520112701971e-08
85.77928333038179 1.1823808745620217e-07
85.8836376896645 1.308166483728118e-07
85.9879920489472 1.6263105426658285e-07
86.0923464082299 1.4713749490466562e-07
86.19670076751261 1.3893687497864873e-07
86.3010551267953 1.5648053530608747e-07
86.40540948607801 1.3193204156683602e-07
86.50976384536071 1.1571214101810354e-07
86.61411820464342 1.45152687182942e-07
86.71847256392611 1.6941923510374433e-07
86.82282692320882 1.7762382863496148e-07
86.92718128249152 2.3074021342722202e-07
87.03153564177424 3.1466364791286433e-07
87.13589000105694 3.376152914949728e-07
87.24024436033963 3.653900047191922e-07
87.34459871962234 4.731632551296355e-07
87.44895307890503 5.057624598515478e-07
87.55330743818774 4.48640945406067e-07
87.65766179747044 5.096561484966187e-07
87.76201615675315 5.653197887305565e-07
87.86637051603584 4.52975632788084e-07
87.97072487531855 4.3725729092982825e-07
88.07507923460125 5.233525858347308e-07
88.17943359388397 4.466166268137512e-07
88.28378795316667 3.961953030159659e-07
88.38814231244938 5.124618060935093e-07
88.49249667173207 5.097435538668121e-07
88.59685103101478 4.5067062720547664e-07
88.70120539029747 5.826596212190412e-07
88.80555974958018 6.276230478406008e-07
88.90991410886288 5.459651478640119e-07
89.01426846814557 6.67775809842612e-07
89.11862282742828 7.15327840403191e-07
89.22297718671098 5.729231425618995e-07
89.3273315459937 6.490527061350625e-07
89.4316859052764 6.979489598131988e-07
89.5360402645591 5.038557995432947e-07
89.6403946238418 5.265575050250532e-07
89.74474898312451 6.196285455521165e-07
89.8491033424072 4.446184408445982e-07
89.95345770168991 4.3387963857220535e-07
90.05781206097261 5.764660732507729e-07
90.16216642025532 4.606398761440187e-07
90.26652077953801 4.214021788827412e-07
90.37087513882072 5.797251138228218e-07
90.47522949810343 5.117981220975132e-07
90.57958385738613 4.4211069204449237e-07
90.68393821666884 5.870161167697865e-07
90.78829257595153 5.19858998690629e-07
90.89264693523424 4.080993543053072e-07
90.99700129451693 5.32313927442619e-07
91.10135565379964 4.4837646616788827e-07
91.20571001308234 3.0776986472278607e-07
91.31006437236505 4.3914995093850837e-07
91.41441873164774 3.8279289705860777e-07
91.51877309093047 2.2807529789226528e-07
91.62312745021316 3.648548056482825e-07
91.72748180949586 3.774404855469447e-07
91.83183616877857 2.034301614998612e-07
91.93619052806126 3.1380666365792516e-07
92.04054488734397 3.990814869186471e-07
92.14489924662666 2.1350805508140886e-07
92.24925360590937 2.689834783416112e-07
92.35360796519207 3.8890750112369084e-07
92.45796232447478 2.111445784216456e-07
92.56231668375747 2.0381548764906e-07
92.6666710430402 3.174104267946009e-07
92.77102540232289 1.7745852137533556e-07
92.8753797616056 1.4654078040048068e-07
92.9797341208883 2.56634335742179e-07
93.084088480171 1.5083305575401954e-07
93.1884428394537 1.1292109710278253e-07
93.29279719873641 2.3099321220745948e-07
93.3971515580191 1.4813898417566023e-07
93.5015059173018 9.334320772373497e-08
93.60586027658451 2.1782703212873762e-07
93.7102146358672 1.6350545795026458e-07
93.81456899514993 7.725837694460784e-08
93.91892335443262 1.8263932430266275e-07
94.02327771371533 1.604395675713454e-07
94.12763207299803 5.563248232560207e-08
94.23198643228073 1.315409772053052e-07
94.33634079156343 1.2999689857682663e-07
94.44069515084614 3.859341373270779e-08
94.54504951012883 1.0453313735472056e-07
94.64940386941154 1.0722591191705447e-07
94.75375822869424 3.023655478839062e-08
94.85811258797695 9.583704685427854e-08
94.96246694725966 1.0919483483161954e-07
95.06682130654235 2.9037931907199964e-08
95.17117566582506 8.305538050732727e-08
95.27553002510776 1.247509327709946e-07
95.37988438439046 3.211686954780138e-08
95.48423874367316 5.3833661325913726e-08
95.58859310295587 1.1594986368236994e-07
95.69294746223856 3.072830797467572e-08
95.79730182152127 2.8226696736273884e-08
95.90165618080397 8.853185194454111e-08
96.00601054008668 2.978540659321429e-08
96.11036489936939 2.0454212611624754e-08
96.2147192586521 6.84990200234263e-08
96.31907361793479 3.1734968853343855e-08
96.42342797721749 1.9724123293971223e-08
96.5277823365002 6.511146064580242e-08
96.63213669578289 3.795047978301293e-08
96.7364910550656 1.6813215905421687e-08
96.8408454143483 6.643310882619813e-08
96.945199773631 4.453100352175328e-08
97.0495541329137 9.81562106554262e-09
97.15390849219641 5.2591387940171636e-08
97.25826285147912 4.1677872861279575e-08
97.36261721076183 4.675600947191441e-09
97.46697157004452 3.601077742487385e-08
97.57132592932723 3.533628279266165e-08
97.67568028860993 2.337302745303544e-09
97.78003464789263 2.6662483958928894e-08
97.88438900717533 3.0848596738170556e-08
97.98874336645804 2.834601768482479e-09
98.09309772574073 2.7424692184511483e-08
98.19745208502343 3.4960862632876396e-08
98.30180644430614 6.411351541723068e-09
98.40616080358885 2.259792967251621e-08
98.51051516287156 3.7355091297729704e-08
98.61486952215425 9.241651629371055e-09
98.71922388143696 1.1879025111930482e-08
98.82357824071966 3.3303251007059875e-08
98.92793260000236 8.957362593453372e-09
99.03228695928506 4.079205844417929e-09
99.13664131856777 2.5313243404014673e-08
99.24099567785046 7.416717149241008e-09
99.34535003713317 1.700155863013948e-09
99.44970439641587 1.8142815299064553e-08
99.55405875569858 9.308961280568422e-09
99.65841311498129 3.1179123952441983e-09
99.76276747426398 1.647501714641516e-08
99.86712183354669 1.5189009915097382e-08
99.97147619282939 3.5351421338535214e-09
100.0758305521121 1.3364247844082568e-08
100.18018491139479 1.6033259372284085e-08
100.2845392706775 3.3578667118139224e-09
100.3888936299602 8.959068563778535e-09
100.4932479892429 1.1663622469581205e-08
100.5976023485256 3.1630650713554856e-09
100.70195670780832 4.358775697205656e-09
100.80631106709102 5.9497428605304015e-09
100.91066542637373 1.7273723130650348e-09
101.01501978565642 2.6584124134930074e-09
101.11937414493912 5.7047219069542335e-09
101.22372850422182 1.4363256626989018e-09
101.32808286350452 2.933190357872631e-09
101.43243722278723 8.46470938733428e-09
101.53679158206992 3.9643098432115854e-09
101.64114594135263 2.6307869497912924e-09
101.74550030063534 7.737873094594603e-09
101.84985465991805 6.046057464320979e-09
101.95420901920075 2.191151553784938e-09
102.05856337848346 4.112003811853022e-09
102.16291773776615 4.822779940316962e-09
102.26727209704886 1.8249592308507596e-09
102.37162645633155 8.696406370137225e-10
102.47598081561426 1.4603834479352546e-09
102.58033517489696 9.319285443282056e-10
102.68468953417967 3.869658583311248e-10
102.78904389346236 1.7456960734703965e-09
102.89339825274507 7.636108683488957e-10
102.99775261202778 5.940320351951903e-10
103.10210697131048 4.037982049003906e-09
103.20646133059319 2.4130613961000365e-09
103.31081568987588 8.889498335318713e-10
103.41517004915859 4.382293940331129e-09
103.51952440844128 5.232023210348255e-09
103.623878767724 1.6910179164802066e-09
103.72823312700669 1.2896350536871507e-09
103.8325874862894 4.618048371546934e-09
103.9369418455721 1.662640575840996e-09
104.0412962048548 1.4738535983596239e-10
104.14565056413751 2.4382884284930565e-09
104.2500049234202 8.355439823163443e-10
104.35435928270292 1.0566345510778272e-09
104.45871364198561 1.8694728405116993e-09
104.56306800126832 1.6078340408301037e-09
104.66742236055102 9.700893612466031e-10
104.77177671983372 3.1723430172842035e-09
104.87613107911642 4.967925580085467e-09
104.98048543839913 5.208254207246928e-12
105.08483979768182 3.640004322000227e-09
105.18919415696455 8.238160857687992e-09
105.29354851624724 1.5384330507594926e-09
105.39790287552995 1.5426672737227874e-09
105.50225723481265 6.407492083541354e-09
105.60661159409534 3.878805039963089e-09
105.71096595337805 8.764569597981775e-10
105.81532031266075 3.6128783699284605e-09
105.91967467194345 4.085264705955133e-09
106.02402903122615 2.411275104236497e-09
106.12838339050886 3.5003252260868047e-09
106.23273774979155 2.606918906979907e-09
106.33709210907428 3.1856242287366326e-09
106.44144646835697 6.3436148750006565e-09
106.54580082763968 4.770413564435506e-09
106.65015518692238 1.207409240229251e-09
106.75450954620509 6.531447800082133e-09
106.85886390548778 9.170341224029916e-09
106.96321826477049 1.0875543749160064e-09
107.06757262405318 4.626116350417519e-09
107.1719269833359 9.477990868283678e-09
107.27628134261859 3.590008762640715e-09
107.38063570190128 3.6501814760598727e-09
107.484990061184 6.239244308590195e-09
107.5893444204667 6.350993775271719e-09
107.69369877974941 4.502755203760482e-09
107.7980531390321 5.128485693147331e-09
107.90240749831482 5.419395581615825e-09
108.00676185759751 4.585943256977301e-09
108.11111621688022 9.395544031300837e-09
108.21547057616291 3.86274159282092e-09
108.31982493544562 3.013040075949307e-09
108.42417929472832 1.2166138146482763e-08
108.52853365401103 5.763213790762451e-09
108.63288801329374 2.4809301573445384e-09
108.73724237257643 9.692154318476637e-09
108.84159673185914 1.0041134161617478e-08
108.94595109114184 4.067151704747071e-09
109.05030545042455 4.965208157365635e-09
109.15465980970724 1.0692750100671872e-08
109.25901416898995 5.490969498688666e-09
109.36336852827264 5.120165196218264e-09
109.46772288755535 8.278527970926088e-09
109.57207724683805 4.52863271918385e-09
109.67643160612076 7.596667929111699e-09
109.78078596540345 7.962818829619334e-09
109.88514032468616 3.965638245139829e-09
109.98949468396886 7.262767935526189e-09
110.09384904325157 1.0106805815456548e-08
110.19820340253426 5.2389969979173855e-09
110.30255776181698 4.562693168910251e-09
110.4069121210997 1.114332352836051e-08
110.51126648038239 7.718993558966929e-09
110.6156208396651 3.4542960566395008e-09
110.7199751989478 8.529904448336207e-09
110.8243295582305 8.76066232386146e-09
110.9286839175132 4.38499206179693e-09
111.0330382767959 6.307197214209583e-09
111.1373926360786 8.039912801776962e-09
111.24174699536131 4.604631675174157e-09
111.346101354644 7.434758503717175e-09
111.45045571392671 7.028408230328597e-09
111.55481007320941 3.450892680172328e-09
111.65916443249212 9.25531123500844e-09
111.76351879177481 7.170432437545017e-09
111.86787315105752 3.38046619549697e-09
111.97222751034022 7.229649542113844e-09
112.07658186962291 7.967527896805763e-09
112.18093622890562 5.268003406602048e-09
112.28529058818832 3.7273911514034234e-09
112.38964494747103 8.52838375384899e-09
112.49399930675372 6.002456699471547e-09
112.59835366603646 2.462572516963231e-09
112.70270802531915 8.179572909014588e-09
112.80706238460186 4.970155215006446e-09
112.91141674388456 3.763067227430587e-09
113.01577110316725 6.725917937495027e-09
113.12012546244996 3.6455387730803064e-09
113.22447982173266 4.6136775716264996e-09
113.32883418101537 5.747958620590281e-09
113.43318854029806 4.183042453923072e-09
113.53754289958077 3.1282339125132683e-09
113.64189725886347 5.432408420761378e-09
113.74625161814618 5.739923296018887e-09
113.85060597742887 1.6300433537810034e-09
113.95496033671158 4.570802343386678e-09
114.05931469599427 6.335289120985612e-09
114.16366905527698 2.069313627272089e-09
114.26802341455968 3.019750454358453e-09
114.37237777384239 5.1336709277025e-09
114.47673213312508 2.744883574658958e-09
114.58108649240779 2.2702321047399176e-09
114.68544085169049 3.933948347265016e-09
114.7897952109732 2.1606023085111724e-09
114.89414957025592 2.373096616993541e-09
114.99850392953861 3.4524664574734303e-09
115.10285828882132 1.488983961921697e-09
115.20721264810402 2.417167023119082e-09
115.31156700738673 3.3833170692360555e-09
115.41592136666942 1.881573209084279e-09
115.52027572595213 1.24783593480269e-09
115.62463008523483 3.0675664759858786e-09
115.72898444451754 2.69320954084308e-09
115.83333880380023 2.615271357782954e-10
115.93769316308294 2.302638909977104e-09
116.04204752236564 2.3474280145912263e-09
116.14640188164834 5.961425221057408e-10
116.25075624093104 1.5131937914617176e-09
116.35511060021375 1.1865747140397938e-09
116.45946495949644 1.1015153012737404e-09
116.56381931877915 1.0820519954914471e-09
116.66817367806185 9.942372321159325e-10
116.77252803734454 6.001606498240208e-10
116.87688239662725 7.9068592469201e-10
116.98123675590995 1.8625550963616243e-09
117.08559111519266 4.652248935888179e-11
117.18994547447538 4.3249449514888283e-10
117.29429983375809 1.881788380480308e-09
117.39865419304078 3.4604341700090414e-10
117.5030085523235 1.3348430209473359e-10
117.60736291160619 1.0251164603599605e-09
117.71171727088888 9.671746390948209e-10
117.81607163017159 4.087737085045852e-11
117.92042598945429 1.8865643598288264e-10
118.024780348737 8.073341833907811e-10
118.12913470801969 1.2264310794882064e-10
118.2334890673024 1.578163137216332e-10
118.3378434265851 2.6278732839731386e-10
118.4421977858678 5.64853204587743e-11
118.5465521451505 3.7294515573624603e-10
118.65090650443321 5.484203056443187e-10
118.7552608637159 1.1895009718242588e-10
118.85961522299861 2.2292201133986183e-10
118.96396958228131 1.0147364068121906e-09
119.06832394156402 6.410930347964798e-10
119.17267830084671 5.100524807993472e-12
119.27703266012942 5.893048030585589e-10
119.38138701941214 1.1084198456349616e-09
119.48574137869484 2.1804365280913985e-10
119.59009573797755 2.2972445047824003e-10
119.69445009726024 1.0151453854091777e-09
119.79880445654295 4.2695325862354737e-10
119.90315881582565 6.970242604935735e-10
120.00751317510836 6.562420723564048e-10
120.11186753439105 4.706327044639235e-10
120.21622189367376 1.281325217431669e-09
120.32057625295646 1.0589883105205048e-09
120.42493061223917 7.245879830662231e-10
120.52928497152186 9.409140291639325e-10
120.63363933080457 2.321277822767282e-09
120.73799369008727 1.4326923443102781e-09
120.84234804936997 2.604922818498856e-10
120.94670240865267 2.760462469504087e-09
121.05105676793538 1.895233880678646e-09
121.15541112721807 9.026039960575795e-10
121.25976548650077 1.8923757567006315e-09
121.36411984578348 1.7450997043300744e-09
121.46847420506617 2.371401914867597e-09
121.57282856434888 1.480026600048179e-09
121.6771829236316 1.6927408279043684e-09
121.78153728291431 2.4557181982233626e-09
121.88589164219701 2.3666735421831618e-09
121.99024600147972 2.700167011329983e-09
122.09460036076241 1.4472340576399113e-09
122.19895472004512 3.1707160637352588e-09
122.30330907932782 3.839045011412722e-09
122.40766343861051 1.4384341362827885e-09
122.51201779789322 2.9147248410659696e-09
122.61637215717592 4.25756266261638e-09
122.72072651645863 2.695414544773579e-09
122.82508087574132 2.3202610472604083e-09
122.92943523502403 3.804295256831936e-09
123.03378959430673 3.6636015223050006e-09
123.13814395358943 3.076222003406329e-09
123.24249831287213 3.3539546486879127e-09
123.34685267215484 3.322082089625362e-09
123.45120703143753 4.2000082473436605e-09
123.55556139072024 3.886846959470379e-09
123.65991575000294 3.2442192192149473e-09
123.76427010928565 3.7080065699320592e-09
123.86862446856834 4.907564153013171e-09
123.97297882785107 4.353970916793078e-09
124.07733318713377 2.5105141074290608e-09
124.18168754641647 5.334818054277993e-09
124.28604190569918 5.209499092359379e-09
124.39039626498187 3.0030897585950163e-09
124.49475062426458 4.915167464394214e-09
124.59910498354728 4.560456569893616e-09
124.70345934282999 4.695662794493058e-09
124.80781370211268 4.365850244317423e-09
124.91216806139539 4.036848574993078e-09
125.01652242067809 5.419447472757178e-09
125.1208767799608 4.502740505815789e-09
125.22523113924349 4.615095558212126e-09
125.3295854985262 4.211422813780442e-09
125.4339398578089 5.384362929935449e-09
125.5382942170916 5.923371951039859e-09
125.6426485763743 2.999689114536235e-09
125.74700293565701 5.4051658729040995e-09
125.8513572949397 6.344414424304107e-09
125.9557116542224 3.920078787812819e-09
126.06006601350511 4.551881110680922e-09
126.1644203727878 5.402090881934383e-09
126.26877473207054 5.457010689529032e-09
126.37312909135323 4.149570423773606e-09
126.47748345063594 4.599860444103521e-09
126.58183780991864 5.402358355313735e-09
126.68619216920135 4.6914764162097226e-09
126.79054652848404 4.975271560126302e-09
126.89490088776674 4.142906513140267e-09
126.99925524704945 4.967452070822315e-09
127.10360960633214 5.661322401669503e-09
127.20796396561485 3.736343811851817e-09
127.31231832489755 4.300583913266661e-09
127.41667268418026 5.7264610084510884e-09
127.52102704346295 4.453845046652292e-09
127.62538140274566 3.410706364043399e-09
127.72973576202835 5.042460983330631e-09
127.83409012131106 4.856535056795899e-09
127.93844448059376 3.7813634960738395e-09
128.04279883987647 4.196293253055874e-09
128.14715319915916 4.032855087823209e-09
128.25150755844186 4.6023264124249405e-09
128.35586191772458 3.91402995416149e-09
128.4602162770073 3.4701942109702195e-09
128.56457063629 4.007026118199683e-09
128.6689249955727 4.138529370374473e-09
128.7732793548554 4.094185839712379e-09
128.8776337141381 2.468377318865958e-09
128.9819880734208 4.272090236570527e-09
129.0863424327035 4.544745693575929e-09
129.1906967919862 1.979332346522932e-09
129.29505115126892 3.720955897784144e-09
129.39940551055162 3.762139675903312e-09
129.5037598698343 3.0464800704271777e-09
129.608114229117 2.7892140390503275e-09
129.71246858839973 2.5837564874187395e-09
129.81682294768243 3.7070332890002957e-09
129.92117730696512 2.419263409301971e-09
130.02553166624782 2.3006723565118466e-09
130.12988602553054 2.6180643612363264e-09
130.23424038481323 2.6573632358707636e-09
130.33859474409593 3.000358246816026e-09
130.44294910337862 1.276587823731438e-09
130.54730346266132 2.325758639935614e-09
130.65165782194404 3.342830951814713e-09
130.75601218122677 1.3953436501236831e-09
130.86036654050946 1.4430033352725276e-09
130.96472089979216 2.540403762760036e-09
131.06907525907488 2.0027616332017823e-09
131.17342961835757 1.137530893137268e-09
131.27778397764027 1.4838885154095022e-09
131.38213833692296 1.702289602320517e-09
131.4864926962057 1.4167865017854474e-09
131.59084705548838 1.1367743561123897e-09
131.69520141477108 9.554505912703205e-10
131.79955577405377 1.3249782876568363e-09
131.90391013333647 1.361048271274855e-09
132.0082644926192 7.69635757946665e-10
132.11261885190189 6.089688650671784e-10
132.21697321118458 1.3737346313999086e-09
132.32132757046728 1.1120212829465453e-09
132.42568192975 1.7542409499627403e-10
132.5300362890327 8.812628877150575e-10
132.6343906483154 1.0735279784843026e-09
132.73874500759808 4.2490695536899324e-10
132.8430993668808 3.882357906375606e-10
132.9474537261635 4.3334893221215573e-10
133.05180808544623 6.238801126894231e-10
133.15616244472892 3.480847262003066e-10
133.26051680401162 2.0772348404355665e-10
133.36487116329434 3.0066098778161827e-10
133.46922552257703 3.544238392790802e-10
133.57357988185973 6.345828956075654e-10
133.67793424114242 6.813155740601401e-12
133.78228860042515 1.4490661310867437e-10
133.88664295970784 7.617454924387942e-10
133.99099731899054 2.6095833536363017e-10
134.09535167827323 2.2969343247484876e-11
134.19970603755596 2.9328682869928725e-10
134.30406039683865 6.180120831498973e-10
134.40841475612135 9.131605413201402e-11
134.51276911540404 9.98641750829358e-12
134.61712347468676 3.880975799925222e-10
134.72147783396946 1.5148428117676238e-10
134.82583219325215 3.40595485230571e-10
134.93018655253485 9.427633533169148e-11
135.03454091181757 1.058697771001696e-10
135.13889527110027 5.602917560393112e-10
135.24324963038296 5.428860230399462e-10
135.34760398966569 1.569347953059772e-10
135.45195834894838 2.455882297054592e-10
135.5563127082311 1.075544162798672e-09
135.6606670675138 5.792312182459777e-10
135.7650214267965 1.091526396899648e-10
135.8693757860792 7.662975195698663e-10
135.9737301453619 1.0866803506472338e-09
136.0780845046446 4.5353632828113674e-10
136.1824388639273 4.09143774676779e-10
136.28679322321 1.0453537308178148e-09
136.3911475824927 7.210836757709324e-10
136.49550194177542 1.0581227344445591e-09
136.5998563010581 6.878785901508239e-10
136.7042106603408 7.036194683405458e-10
136.8085650196235 1.7896486637663255e-09
136.91291937890622 1.136552761912143e-09
137.01727373818892 7.4805217824771e-10
137.1216280974716 1.4041119795799376e-09
137.2259824567543 2.340032702675251e-09
137.33033681603703 1.0825309877986173e-09
137.43469117531973 7.893456012328531e-10
137.53904553460242 2.7016201176889133e-09
137.64339989388515 1.5658453172881491e-09
137.74775425316784 1.2947009681668477e-09
137.85210861245056 1.920949810513721e-09
137.95646297173326 1.8341074286147309e-09
138.06081733101595 2.3564639574102553e-09
138.16517169029865 1.7351321193273557e-09
138.26952604958137 1.7052864325524474e-09
138.37388040886407 2.5494163693535565e-09
138.47823476814676 2.8253614502543306e-09
138.58258912742946 1.876924804505125e-09
138.68694348671218 1.8674229937180354e-09
138.79129784599488 3.7046601313392028e-09
138.89565220527757 2.9606286348468704e-09
139.00000656456027 1.4097691949885196e-09
139.104360923843 3.3064941675296085e-09
139.20871528312568 3.77368133922636e-09
139.31306964240838 2.0381675197742644e-09
139.41742400169107 2.8034876933507263e-09
139.5217783609738 3.305866655742125e-09
139.6261327202565 3.1887492657836425e-09
139.7304870795392 3.0559003337648044e-09
139.8348414388219 2.728834612496155e-09
139.9391957981046 3.297822636239355e-09
140.04355015738733 3.686149942631481e-09
140.14790451667002 3.4695807854342496e-09
140.25225887595272 2.476435436886328e-09
140.35661323523541 3.959400512720924e-09
140.46096759451814 4.482669447592521e-09
140.56532195380083 2.465559548436259e-09
140.66967631308353 3.382412957971221e-09
140.77403067236622 4.666007171318962e-09
140.87838503164892 3.5069213842115885e-09
140.98273939093164 2.8025098034790447e-09
141.08709375021434 4.3954689649255415e-09
141.19144810949703 3.717070239311259e-09
141.29580246877973 3.471877512335817e-09
141.40015682806245 4.101658452126192e-09
141.50451118734514 2.959785767694618e-09
141.60886554662784 4.5711294924078e-09
141.71321990591053 3.988125974423856e-09
141.81757426519326 3.2069963426375928e-09
141.92192862447595 3.882484846178788e-09
142.02628298375865 4.52008926573188e-09
142.13063734304137 4.283320047818628e-09
142.23499170232407 2.2784708552811182e-09
142.3393460616068 5.190140657361138e-09
142.44370042088948 4.375634426250878e-09
142.54805478017218 2.5525310673207075e-09
142.65240913945487 4.549507869508105e-09
142.7567634987376 3.6863263557048113e-09
142.8611178580203 4.027713178888169e-09
142.965472217303 3.3282074462734277e-09
143.06982657658568 3.5577936386718722e-09
143.1741809358684 3.919379224068045e-09
143.2785352951511 3.7816793067071004e-09
143.3828896544338 3.5795143586166634e-09
143.4872440137165 2.684226903365357e-09
143.59159837299921 4.636429241038603e-09
143.6959527322819 3.6432143421905076e-09
143.8003070915646 2.3303538063335833e-09
143.9046614508473 3.859700782009079e-09
144.00901581013002 4.259472360256928e-09
144.11337016941272 2.639241820672832e-09
144.2177245286954 2.562149440428061e-09
144.3220788879781 4.352964415337486e-09
144.42643324726083 2.633812395674973e-09
144.53078760654356 2.7566903620372626e-09
144.63514196582625 3.172866930825194e-09
144.73949632510895 2.6545847813743258e-09
144.84385068439164 3.258893751973608e-09
144.94820504367436 2.454358635691352e-09
145.05255940295706 2.4834674115853886e-09
145.15691376223975 2.64239788068979e-09
145.26126812152245 3.2471616805840634e-09
145.36562248080517 1.9839507236902606e-09
145.46997684008787 1.881402021601068e-09
145.57433119937056 3.4424008065286163e-09
145.67868555865326 2.0722371849948413e-09
145.78303991793595 1.595720566024424e-09
145.88739427721868 2.4409325422847546e-09
145.99174863650137 2.4169264969493186e-09
146.09610299578407 1.4805576704738906e-09
146.20045735506676 2.0081163806860275e-09
146.30481171434948 1.7886430112071749e-09
146.40916607363218 1.642575415844454e-09
146.51352043291487 2.0522178964028177e-09
146.61787479219757 1.049649644669111e-09
146.7222291514803 1.7303734264942045e-09
146.82658351076302 1.6009272028357796e-09
146.9309378700457 1.6936959274556926e-09
147.0352922293284 8.404530061461863e-10
147.1396465886111 1.4512389334240718e-09
147.24400094789382 2.017743807497841e-09
147.34835530717652 3.118740979878382e-10
147.4527096664592 1.3775238620387966e-09
147.5570640257419 1.264495065167725e-09
147.66141838502463 9.298266542610882e-10
147.76577274430733 7.921834351851727e-10
147.87012710359002 6.640207189930069e-10
147.97448146287272 1.1302537913180987e-09
148.07883582215544 3.9200733374197517e-10
148.18319018143814 8.387485154463017e-10
148.28754454072083 3.1930330718951427e-10
148.39189890000353 7.936173220171089e-10
148.49625325928625 6.429958882571867e-10
148.60060761856894 1.9265417404579581e-10
148.70496197785164 6.318237179483108e-10
148.80931633713433 5.251772064762156e-10
148.91367069641706 4.669976253963528e-10
149.01802505569978 6.757461806707804e-11
149.12237941498248 6.922499643856641e-10
149.22673377426517 2.63845728724044e-10
149.33108813354787 1.418082969736232e-10
149.4354424928306 3.815223863513708e-10
149.53979685211328 1.333769794519276e-10
149.64415121139598 3.453441434023805e-10
149.74850557067867 2.055021150515632e-11
149.8528599299614 2.8203560557534134e-10
149.9572142892441 6.994294516230491e-11
150.0615686485268 3.0181378117665207e-10
150.16592300780948 1.83819886829685e-10
150.27027736709218 5.736384994552699e-11
150.3746317263749 2.731790146611685e-10
150.4789860856576 2.747550122050531e-10
150.5833404449403 2.4072758764849134e-10
150.68769480422299 4.412204462820894e-12
150.7920491635057 4.097121552682306e-10
150.8964035227884 2.479696302970181e-10
151.0007578820711 2.1334649061199174e-10
151.1051122413538 1.2169499551525477e-10
151.20946660063652 4.188212961782992e-10
151.31382095991924 2.5793583197467655e-10
151.41817531920194 3.7637118325297254e-10
151.52252967848463 3.8937486132761145e-10
151.62688403776733 1.3933483363497337e-10
151.73123839705005 1.0138036622820684e-09
151.83559275633274 3.0597649944712957e-10
151.93994711561544 4.2669441027708653e-10
152.04430147489813 6.717119383134475e-10
152.14865583418086 1.1061026582599743e-09
152.25301019346355 5.388634242385845e-10
152.35736455274625 2.644191096530751e-10
152.46171891202894 1.5946156004633651e-09
152.56607327131167 5.898459369910785e-10
152.67042763059436 8.133717835607943e-10
152.77478198987706 8.236014146716103e-10
152.87913634915975 1.1885813575312053e-09
152.98349070844247 1.074049502229163e-09
153.08784506772517 9.390567825691816e-10
153.19219942700786 1.2095971068805625e-09
153.29655378629056 9.44685932749888e-10
153.40090814557328 2.038745935589888e-09
153.505262504856 7.4066092566715e-10
153.6096168641387 1.3268519178586965e-09
153.7139712234214 1.9898027991092112e-09
153.8183255827041 1.5667176887631102e-09
153.92267994198681 1.3847667225595092e-09
154.0270343012695 1.403955504071383e-09
154.1313886605522 2.702468740318839e-09
154.2357430198349 1.0786430558622628e-09
154.34009737911762 1.8576479547651367e-09
154.44445173840032 2.240245968695419e-09
154.548806097683 1.6760130791858297e-09
154.6531604569657 2.4211901398663956e-09
154.7575148162484 1.5921923802026854e-09
154.86186917553113 2.286893957597244e-09
154.96622353481382 2.410706547964806e-09
155.07057789409652 2.2850509799242496e-09
155.1749322533792 1.9164071832054753e-09
155.27928661266193 2.5120842873117413e-09
155.38364097194463 3.0294987202519477e-09
155.48799533122732 1.886407504246822e-09
155.59234969051002 2.438724454298274e-09
155.69670404979274 3.0573883402874713e-09
155.80105840907547 2.61160889681349e-09
155.90541276835816 2.1676230563724147e-09
156.00976712764086 3.064902146150712e-09
156.11412148692355 2.7955480571165145e-09
156.21847584620627 2.6727114031889206e-09
156.32283020548897 2.9311274228875255e-09
156.42718456477166 2.4395366089344127e-09
156.53153892405436 3.4105116826137184e-09
156.63589328333708 2.917698335974782e-09
156.74024764261978 2.5565305017725333e-09
156.84460200190247 3.046842461819427e-09
156.94895636118517 3.544055987579888e-09
157.0533107204679 2.9276678646744076e-09
157.1576650797506 2.351441850637136e-09
157.26201943903328 3.801728910679601e-09
157.36637379831598 3.2174874839970047e-09
157.4707281575987 2.606462448127191e-09
157.5750825168814 3.1493957570870405e-09
157.6794368761641 3.4450010980896044e-09
157.78379123544678 3.0022894486772495e-09
157.8881455947295 2.9078720869132864e-09
157.9924999540122 3.2499471358401476e-09
158.09685431329493 2.945748721590205e-09
158.20120867257762 3.5781612650508937e-09
158.30556303186032 2.6794143307206927e-09
158.40991739114304 2.9031669793770662e-09
158.51427175042573 3.7614763908042664e-09
158.61862610970843 2.7995817491220265e-09
158.72298046899112 2.8380774768234554e-09
158.82733482827385 3.047465835078178e-09
158.93168918755654 3.650311753763337e-09
159.03604354683924 2.5720674552391385e-09
159.14039790612193 2.596387888333811e-09
159.24475226540463 3.692109294747518e-09
159.34910662468735 2.504596660745709e-09
159.45346098397005 2.936366844306092e-09
159.55781534325274 2.7910312753381283e-09
159.66216970253544 2.6223308576411014e-09
159.76652406181816 3.1980588242518313e-09
159.87087842110085 2.4399032381830285e-09
159.97523278038355 2.478550283981069e-09
160.07958713966624 2.801570339557704e-09
160.18394149894897 2.855501652770686e-09
160.28829585823166 2.1935962204283857e-09
160.3926502175144 2.255220296214561e-09
160.49700457679708 3.0031992047292425e-09
160.60135893607978 2.211134268656416e-09
160.7057132953625 1.969020517102567e-09
160.8100676546452 2.4883226325017055e-09
160.9144220139279 2.3385333348455437e-09
161.01877637321059 1.9623867315738087e-09
161.1231307324933 1.991887934649561e-09
161.227485091776 2.0707888404109713e-09
161.3318394510587 2.0735022052466278e-09
161.4361938103414 1.9624120664834463e-09
161.54054816962412 1.4832753483128957e-09
161.6449025289068 1.9173514597452926e-09
161.7492568881895 2.103936030621444e-09
161.8536112474722 1.3414588999176094e-09
161.95796560675493 1.45071505201988e-09
162.06231996603762 1.8602974157358632e-09
162.16667432532032 1.638219378389571e-09
162.271028684603 1.0847710973215225e-09
162.37538304388573 1.3315189126523853e-09
162.47973740316843 1.6691164185722671e-09
162.58409176245115 1.060475874607319e-09
162.68844612173385 1.0719361874112069e-09
162.79280048101654 1.2157758096949892e-09
162.89715484029927 1.0366024510649465e-09
163.00150919958196 1.1326295593170863e-09
163.10586355886466 7.78018460006689e-10
163.21021791814735 8.317757109542571e-10
163.31457227743007 1.1136688647367638e-09
163.41892663671277 6.990241439636667e-10
163.52328099599546 6.130379732221654e-10
163.62763535527816 7.782783603256898e-10
163.73198971456088 8.02447182640592e-10
163.83634407384358 5.130112179772755e-10
163.94069843312627 3.982562850077829e-10
164.04505279240897 7.373410967850071e-10
164.14940715169166 4.5070988938978216e-10
164.25376151097439 3.4346390158781235e-10
164.35811587025708 4.279859892847513e-10
164.46247022953978 3.071901732664538e-10
164.56682458882247 4.5554351639426566e-10
164.6711789481052 2.2897486970472963e-10
164.7755333073879 1.7525890768726063e-10
164.8798876666706 3.3930662654397723e-10
164.9842420259533 2.95953005369307e-10
165.088596385236 1.514882751557628e-10
165.19295074451873 9.30486527219564e-11
165.29730510380142 2.9789300739187845e-10
165.40165946308412 1.805022021664382e-10
165.5060138223668 5.048071357155362e-11
165.61036818164953 1.1962131942569045e-10
165.71472254093223 1.8136501583717328e-10
165.81907690021492 1.0954247884074716e-10
165.92343125949762 5.2014747180990456e-11
166.02778561878034 9.99169228950559e-11
166.13213997806304 9.36787710521223e-11
166.23649433734573 1.7645546679446224e-10
166.34084869662843 5.944440418260317e-11
166.44520305591115 7.99386956679198e-11
166.54955741519385 1.845375080072826e-10
166.65391177447654 2.3197413762220547e-10
166.75826613375924 1.1954418354041713e-10
166.86262049304196 6.82288485374346e-11
166.96697485232465 4.0408679240011254e-10
167.07132921160735 1.973801645257314e-10
167.17568357089007 1.6722159369727846e-10
167.28003793017277 3.084922201394603e-10
167.3843922894555 3.1811387535761783e-10
167.48874664873819 4.0047149196009486e-10
167.59310100802088 2.322117395828102e-10
167.69745536730358 4.1643202487698294e-10
167.8018097265863 4.5045427461642053e-10
167.906164085869 4.955685576566934e-10
168.0105184451517 4.949939204297573e-10
168.11487280443438 3.8996346386751653e-10
168.2192271637171 7.58499949950035e-10
168.3235815229998 6.914710077445654e-10
168.4279358822825 4.690522215885012e-10
168.5322902415652 7.521808746236282e-10
168.6366446008479 9.301545492173379e-10
168.7409989601306 7.508075252364261e-10
168.8453533194133 7.480929964434097e-10
168.949707678696 9.3816357774578e-10
169.0540620379787 1.072925503078607e-09
169.15841639726142 9.420934387285403e-10
169.2627707565441 9.381421184081084e-10
169.3671251158268 1.1798161842231914e-09
169.47147947510953 1.2051285862433568e-09
169.57583383439223 1.2687167191281337e-09
169.68018819367495 1.0512802155855896e-09
169.78454255295765 1.3727491386876713e-09
169.88889691224034 1.6588659708565334e-09
169.99325127152304 1.1748642153437248e-09
170.09760563080576 1.3594430844714122e-09
170.20195999008845 1.7988635660410715e-09
170.30631434937115 1.6669200631874203e-09
170.41066870865384 1.3278742511752183e-09
170.51502306793657 1.7825418637673196e-09
170.61937742721926 1.8942374461680948e-09
170.72373178650196 1.726912900416305e-09
170.82808614578465 1.759658187333061e-09
170.93244050506738 1.8076405308611933e-09
171.03679486435007 2.20257435131034e-09
171.14114922363277 1.852776923261121e-09
171.24550358291546 1.9785194148757036e-09
171.34985794219818 2.0136861603179237e-09
171.45421230148088 2.2983827021601633e-09
171.55856666076357 2.32498969425351e-09
171.6629210200463 1.6843715777704511e-09
171.767275379329 2.6836182046030324e-09
171.87162973861172 2.3367829539984054e-09
171.9759840978944 2.064368292784318e-09
172.0803384571771 2.462865760974009e-09
172.1846928164598 2.3564963190158615e-09
172.28904717574252 2.644546986505285e-09
172.39340153502522 2.147464605576963e-09
172.49775589430791 2.556053231654482e-09
172.6021102535906 2.5879653611048053e-09
172.70646461287333 2.4618218332333578e-09
172.81081897215603 2.604572285170037e-09
172.91517333143872 2.2909063949550014e-09
173.01952769072142 2.860498713681773e-09
173.1238820500041 2.6788688695729366e-09
173.22823640928684 2.2839045990489894e-09
173.33259076856953 2.636254988970694e-09
173.43694512785223 2.9629576691893204e-09
173.54129948713492 2.473445466495151e-09
173.64565384641764 2.38325409498866e-09
173.75000820570034 2.891019752087219e-09
173.85436256498303 2.6765786355534927e-09
173.95871692426576 2.5752280523296994e-09
174.06307128354848 2.4836417277548333e-09
174.16742564283118 2.7177864604225957e-09
174.27178000211387 2.7198012246986168e-09
174.37613436139657 2.5139428313947205e-09
174.48048872067926 2.505450551728701e-09
174.58484307996198 2.5828882551341064e-09
174.68919743924468 2.842169768392233e-09
174.79355179852737 2.342752602588212e-09
174.89790615781007 2.3256334056430144e-09
175.0022605170928 2.8375123855762515e-09
175.1066148763755 2.51648895851664e-09
175.21096923565818 2.122857601599261e-09
175.31532359494088 2.5869656266583433e-09
175.4196779542236 2.560949512695465e-09
175.5240323135063 2.2097022321598093e-09
175.628386672789 2.303984885600275e-09
175.7327410320717 2.2382849182633056e-09
175.8370953913544 2.4914926127013005e-09
175.9414497506371 2.0982167335931596e-09
176.0458041099198 2.076881770571301e-09
176.1501584692025 2.2284800710426043e-09
176.25451282848522 2.1052722170624075e-09
176.35886718776794 2.218432258431418e-09
176.46322154705064 1.6167696159822646e-09
176.56757590633333 2.2006487244307284e-09
176.67193026561603 2.1303180085664048e-09
176.77628462489875 1.5328487442678755e-09
176.88063898418145 1.939238191694901e-09
176.98499334346414 1.7919917211412453e-09
177.08934770274684 1.8030974405450033e-09
177.19370206202956 1.5174727160859324e-09
177.29805642131225 1.615411797551831e-09
177.40241078059495 1.6929716526892613e-09
177.50676513987764 1.4153661803325543e-09
177.61111949916037 1.4972151425376848e-09
177.71547385844306 1.3047952909778782e-09
177.81982821772576 1.4540229963903751e-09
177.92418257700845 1.3552114039676938e-09
178.02853693629115 1.1118966941959132e-09
178.13289129557387 1.2003971309921998e-09
178.23724565485657 1.3041895212860338e-09
178.34160001413926 1.069346232189884e-09
178.44595437342196 8.64524029322974e-10
178.5503087327047 1.165791514557727e-09
178.6546630919874 9.735266250733337e-10
178.7590174512701 8.262343931202042e-10
178.8633718105528 8.499987630492873e-10
178.9677261698355 8.129614607215377e-10
179.0720805291182 8.482035293086553e-10
179.1764348884009 6.275003431625691e-10
179.2807892476836 6.4411472330078e-10
179.3851436069663 6.711387876988566e-10
179.48949796624902 6.253950355823859e-10
179.5938523255317 5.336907287722776e-10
179.6982066848144 4.046038415009607e-10
179.8025610440971 5.792320987914066e-10
179.90691540337983 4.909804699277095e-10
180.01126976266252 2.648260823163592e-10
180.11562412194522 4.080281697988722e-10
180.2199784812279 4.0275192036608636e-10
180.32433284051064 2.8438071536745284e-10
180.42868719979333 2.429214322628216e-10
180.53304155907603 2.3434855658381455e-10
180.63739591835872 3.025407237618872e-10
180.74175027764144 1.6097547372595812e-10
180.84610463692417 1.5674558452379753e-10
180.95045899620686 1.9019311075998208e-10
181.05481335548956 1.3500123560507574e-10
181.15916771477225 1.7086357633120298e-10
181.26352207405498 6.288470256696342e-11
181.36787643333767 1.1649490199914783e-10
181.47223079262037 1.390012908436927e-10
181.57658515190306 8.251045785040812e-11
181.68093951118578 6.775017189931173e-11
181.78529387046848 7.348969887845945e-11
181.88964822975117 1.4344711052045277e-10
181.99400258903387 5.845571766482884e-11
182.0983569483166 6.348707523961024e-11
182.2027113075993 1.0773969544735522e-10
182.30706566688198 1.1639353591779543e-10
182.41142002616468 1.0573131548096584e-10
182.51577438544737 9.732464021306453e-11
182.6201287447301 1.2984336791768495e-10
182.7244831040128 1.60086127530218e-10
182.82883746329549 2.00178537197344e-10
182.93319182257818 1.3146379243620793e-10
183.03754618186093 1.979790707731498e-10
183.14190054114363 2.689373107532517e-10
183.24625490042632 2.812346468710525e-10
183.35060925970902 2.2643357666246107e-10
183.4549636189917 2.67070875959289e-10
183.55931797827444 4.6273636005128785e-10
183.66367233755713 3.0285102910874513e-10
183.76802669683983 3.54651464297096e-10
183.87238105612252 4.771964690159904e-10
183.97673541540524 4.72541476565125e-10
184.08108977468794 5.347851001990579e-10
184.18544413397063 4.3485008305581404e-10
184.28979849325333 6.402256095475851e-10
184.39415285253605 6.692522664012975e-10
184.49850721181875 5.831470107453878e-10
184.60286157110144 7.0487231000198e-10
184.70721593038414 7.246156833475018e-10
184.81157028966686 8.927110408085469e-10
184.91592464894956 7.548995405191298e-10
185.02027900823225 7.555911515077709e-10
185.12463336751495 1.092962510198876e-09
185.22898772679767 9.478238656267224e-10
185.3333420860804 9.15769002188896e-10
185.4376964453631 1.056496956692917e-09
185.54205080464578 1.1459381418155112e-09
185.64640516392848 1.2014171662659504e-09
185.7507595232112 1.0531179227771173e-09
185.8551138824939 1.2519612408546867e-09
185.9594682417766 1.3725791907007263e-09
186.0638226010593 1.278810637372734e-09
186.168176960342 1.3608278281400133e-09
186.2725313196247 1.3616701997648555e-09
186.3768856789074 1.53481518925764e-09
186.4812400381901 1.5368222744398155e-09
186.58559439747282 1.432745578015113e-09
186.6899487567555 1.6222270123304908e-09
186.7943031160382 1.7314823387680406e-09
186.8986574753209 1.6287470824356224e-09
187.0030118346036 1.6074087232193737e-09
187.10736619388632 1.8688149390098524e-09
187.21172055316902 1.8501739524394008e-09
187.3160749124517 1.7436400765474663e-09
187.4204292717344 1.824527672237604e-09
187.52478363101713 2.009386212765047e-09
187.62913799029985 2.022183316806929e-09
187.73349234958255 1.792834881288256e-09
187.83784670886524 2.0555432519825446e-09
187.94220106814797 2.0930886699308245e-09
188.04655542743066 2.097808047485608e-09
188.15090978671336 2.089006961175298e-09
188.25526414599605 1.9318107142745073e-09
188.35961850527875 2.401306735180042e-09
188.46397286456147 2.156178640612632e-09
188.56832722384416 2.002913367916608e-09
188.67268158312686 2.313070415620408e-09
188.77703594240955 2.2464028219428295e-09
188.88139030169228 2.312061998715742e-09
188.98574466097497 2.0746176235676603e-09
189.09009902025767 2.351963826262919e-09
189.19445337954036 2.397442981691211e-09
189.2988077388231 2.065801011985851e-09
189.40316209810578 2.402523964671826e-09
189.50751645738848 2.2808740667637795e-09
189.61187081667117 2.2947611898455275e-09
189.7162251759539 2.332228661707432e-09
189.8205795352366 2.1534940382341654e-09
189.9249338945193 2.388617354959414e-09
190.029288253802 2.3269687978308027e-09
190.1336426130847 2.1916794983393293e-09
190.23799697236743 2.216669644632637e-09
190.34235133165012 2.346213803602473e-09
190.44670569093282 2.3364343589699347e-09
190.5510600502155 2.055347344055249e-09
190.65541440949823 2.2022001907690525e-09
190.75976876878093 2.3466992433112086e-09
190.86412312806362 2.1220495560215994e-09
190.96847748734632 2.077524682864039e-09
191.07283184662904 2.1903008903542296e-09
191.17718620591174 2.1316226956115903e-09
191.28154056519443 2.0644952997900022e-09
191.38589492447713 2.0466143568060396e-09
191.49024928375985 1.960636197647511e-09
191.59460364304255 2.0941801993547974e-09
191.69895800232524 1.991735514717807e-09
191.80331236160794 1.7852372780586292e-09
191.90766672089063 1.991679173982523e-09
192.01202108017335 1.923600791472768e-09
192.11637543945605 1.7530714722043118e-09
192.22072979873877 1.7235339570598907e-09
192.32508415802147 1.8324950489091114e-09
192.4294385173042 1.8135368616774462e-09
192.5337928765869 1.4694841197444112e-09
192.63814723586958 1.6998620062795087e-09
192.74250159515228 1.6803135937388882e-09
192.84685595443497 1.4192453918655818e-09
192.9512103137177 1.562301354925602e-09
193.0555646730004 1.3748188213170255e-09
193.15991903228309 1.4725826485318341e-09
193.26427339156578 1.4257497638029533e-09
193.3686277508485 1.1920823549607883e-09
193.4729821101312 1.3158016101385479e-09
193.5773364694139 1.2456251903968139e-09
193.6816908286966 1.228039175375776e-09
193.7860451879793 1.0349258695594813e-09
193.890399547262 1.0970984071153385e-09
193.9947539065447 1.2090148725085064e-09
194.0991082658274 8.520411892579094e-10
194.20346262511012 9.595405315911035e-10
194.30781698439282 9.926350074514798e-10
194.41217134367554 8.158019726125227e-10
194.51652570295823 8.273742496191106e-10
194.62088006224093 7.850865733022223e-10
194.72523442152365 7.579989026505298e-10
194.82958878080635 7.005242979333324e-10
194.93394314008904 6.608932336362068e-10
195.03829749937174 5.788446643391847e-10
195.14265185865446 5.966069538323637e-10
195.24700621793716 6.073680201943383e-10
195.35136057721985 4.5954857883452093e-10
195.45571493650255 4.50145580593438e-10
195.56006929578527 4.96961652302313e-10
195.66442365506796 4.2221479956690225e-10
195.76877801435066 3.0507716570958555e-10
195.87313237363335 3.740261125211061e-10
195.97748673291608 3.54099938094895e-10
196.08184109219877 2.44018843277856e-10
196.18619545148147 2.957277518923176e-10
196.29054981076416 2.2374259200549772e-10
196.39490417004686 2.0761576857940372e-10
196.49925852932958 2.1613642169644393e-10
196.60361288861228 1.5230527691590207e-10
196.707967247895 1.594868580295152e-10
196.8123216071777 1.4449678015994886e-10
196.91667596646042 1.5882247540798198e-10
197.0210303257431 8.120318632276694e-11
197.1253846850258 8.607203206000847e-11
197.2297390443085 1.5570573376414982e-10
197.3340934035912 5.600243987110146e-11
197.43844776287392 6.195863904497633e-11
197.54280212215662 9.569668225316192e-11
197.6471564814393 9.159559540617743e-11
197.751510840722 6.967837975765205e-11
197.85586520000473 4.870659551184354e-11
197.96021955928742 1.0109149375809486e-10
198.06457391857012 6.891049506062294e-11
198.1689282778528 9.273131538773377e-11
198.27328263713554 9.95917813054487e-11
198.37763699641823 7.94067914917376e-11
198.48199135570093 1.548375533865348e-10
198.58634571498362 1.3468985151879605e-10
198.69070007426635 1.2478956279040725e-10
198.79505443354904 1.5790963832476229e-10
198.89940879283174 2.1359673173288365e-10
199.00376315211446 1.9683320796525306e-10
199.10811751139715 1.7734191719510908e-10
199.21247187067988 3.0209564578454386e-10
199.31682622996257 2.8563425574180607e-10
199.42118058924527 2.487368445691344e-10
199.52553494852796 3.3576110765137416e-10
199.62988930781069 3.7126243138173174e-10
199.73424366709338 3.465883960597813e-10
199.83859802637608 4.2876768328251185e-10
199.94295238565877 4.70737761875318e-10
