0.0 0.0
0.10435435928270291 3.792338772571334e-09
0.20870871856540582 6.493833724185781e-09
0.3130630778481087 2.7586219291184278e-08
0.41741743713081164 1.0809077566879441e-07
0.5217717964135146 2.023628987508109e-06
0.6261261556962174 0.00033193309227616975
0.7304805149789203 0.0031828058067263484
0.8348348742616233 0.00795036705075007
0.9391892335443263 0.00621817472168903
1.0435435928270291 0.001108904372359121
1.1478979521097321 2.805632281735283e-07
1.2522523113924349 9.984093088210457e-06
1.3566066706751378 4.8504151511228585e-06
1.4609610299578406 5.093291846466046e-08
1.5653153892405436 1.4360955946849939e-06
1.6696697485232466 3.8773901780026517e-07
1.7740241078059495 7.611279145408557e-08
1.8783784670886525 3.9909817786550136e-07
1.9827328263713553 8.880361559342542e-08
2.0870871856540583 2.406325513067446e-07
2.1914415449367612 8.599951524580263e-08
2.2957959042194642 2.0896265562266703e-06
2.400150263502167 4.1378463961874515e-06
2.5045046227848697 2.7414857261909035e-06
2.6088589820675727 3.06415984214582e-06
2.7132133413502757 1.8930536143960555e-06
2.8175677006329787 1.1778872373000147e-07
2.921922059915681 1.1488766206283607e-08
3.026276419198384 5.033723566588049e-08
3.130630778481087 8.409693774997227e-09
3.23498513776379 1.3985263765300642e-08
3.339339497046493 1.03002635286967e-08
3.4436938563291957 2.260425064204923e-08
3.548048215611899 1.2211609236341342e-09
3.6524025748946016 6.12630378362595e-08
3.756756934177305 3.115817617570171e-08
3.8611112934600076 5.94674637725042e-09
3.9654656527427106 9.606116130349941e-08
4.0698200120254135 3.587911160355466e-08
4.1741743713081165 1.6842191102906447e-08
4.2785287305908195 3.007450649609719e-08
4.3828830898735225 5.036044608174504e-09
4.4872374491562255 1.6857287709230689e-09
4.5915918084389284 1.6676322642234046e-08
4.6959461677216305 3.727739352227159e-10
4.800300527004334 2.0021286643990365e-09
4.9046548862870365 1.8989027349598275e-08
5.0090092455697395 3.238136832507236e-09
5.1133636048524425 3.981758495272655e-09
5.217717964135145 3.1854100926077963e-09
5.322072323417848 6.963915083167593e-10
5.426426682700551 2.1929106067872392e-09
5.530781041983254 1.4775284672527392e-09
5.635135401265957 2.8602309001487565e-09
5.73948976054866 1.5339745636933977e-09
5.843844119831362 1.7495061376953109e-09
5.948198479114066 4.8969980356664995e-09
6.052552838396768 5.3605358092532246e-09
6.156907197679472 5.919271101171058e-09
6.261261556962174 4.4138042628304906e-10
6.365615916244878 4.4399844101882235e-09
6.46997027552758 1.262476011824962e-08
6.574324634810284 3.022221596435194e-09
6.678678994092986 1.6147433528171624e-08
6.783033353375689 1.061593847647817e-08
6.887387712658391 2.023422746745082e-09
6.991742071941095 2.92587844023674e-08
7.096096431223798 1.4563762857085107e-08
7.200450790506501 2.7408428126237175e-10
7.304805149789203 2.273826299486752e-08
7.409159509071906 4.955043082677406e-08
7.51351386835461 2.380626705742918e-08
7.617868227637313 7.807020186705575e-09
7.722222586920015 7.988784717341417e-08
7.826576946202718 4.135453197873318e-08
7.930931305485421 1.7544452529253572e-08
8.035285664768125 6.940787258473359e-08
8.139640024050827 2.2480918266294392e-08
8.24399438333353 5.243056978045006e-08
8.348348742616233 5.380794018912612e-08
8.452703101898935 4.603059730912273e-08
8.557057461181639 4.9889442302014454e-08
8.661411820464341 8.476964119129554e-08
8.765766179747045 7.84387567551131e-08
8.870120539029747 2.2539344968108804e-08
8.974474898312451 1.9727666227047537e-07
9.078829257595153 1.6311107166464934e-07
9.183183616877857 2.0582618551306685e-09
9.287537976160559 3.5457505436045444e-07
9.391892335443261 2.1340526625931674e-07
9.496246694725965 2.2972461344429365e-08
9.600601054008669 4.386833980561515e-07
9.704955413291371 1.6057552636874094e-07
9.809309772574073 1.2604591489406132e-07
9.913664131856777 5.919375550574655e-07
10.018018491139479 1.788083112881841e-07
10.122372850422183 3.6409490836258224e-07
10.226727209704885 8.530620065352259e-07
10.331081568987589 1.90934098721819e-07
10.43543592827029 4.684550036865995e-07
10.539790287552993 1.1673424259460455e-06
10.644144646835697 5.858355862961696e-07
10.7484990061184 1.1456280220983817e-06
10.852853365401103 2.4212674647913597e-06
10.957207724683805 9.282178697726121e-07
11.061562083966509 1.0682405541248033e-06
11.165916443249213 3.0840223791647056e-06
11.270270802531915 1.8833463712452242e-07
11.374625161814617 9.721162757130313e-07
11.47897952109732 2.8000334602352534e-06
11.583333880380025 1.0811747045634858e-07
11.687688239662725 2.310305989740255e-06
11.792042598945429 2.879627744359742e-06
11.896396958228133 4.4971123530739114e-08
12.000751317510835 2.4550495285450414e-06
12.105105676793537 1.859724359268803e-06
12.20946003607624 5.187926440788553e-06
12.313814395358945 7.109117359095174e-06
12.418168754641647 5.165607632415369e-06
12.522523113924349 1.3474500476655647e-05
12.626877473207053 5.1737256122864295e-06
12.731231832489756 4.151898574489843e-06
12.835586191772459 8.903918073535733e-06
12.93994055105516 3.5311922846041294e-09
13.044294910337864 9.032048700504422e-06
13.148649269620568 1.5933774611136785e-06
13.253003628903269 4.669820876063846e-06
13.357357988185973 2.4401969517258372e-05
13.461712347468676 1.9131441451926067e-06
13.566066706751378 1.181706938641009e-07
13.67042106603408 5.87149561313291e-06
13.774775425316783 5.907231782241114e-05
13.879129784599488 4.1560138202895005e-05
13.98348414388219 5.3033453855567805e-06
14.087838503164894 0.00012868955463064965
14.192192862447596 7.665157136476218e-05
14.296547221730298 7.505739639878603e-06
14.400901581013002 7.701239764681001e-05
14.505255940295704 7.029337737344613e-05
14.609610299578407 0.00015849533373093588
14.71396465886111 1.3794960678289105e-05
14.818319018143812 7.454634754971938e-05
14.922673377426518 0.0003688530807445328
15.02702773670922 3.311718589447209e-05
15.131382095991922 0.0001387929315636532
15.235736455274626 0.00018191890445242066
15.340090814557328 0.0005529934378501372
15.44444517384003 0.0006625714972725647
15.548799533122734 0.00013317582442138137
15.653153892405436 0.0007784238608606329
15.757508251688138 0.0007705556864532019
15.861862610970842 0.0001527361559444036
15.966216970253544 0.0008587818290064234
16.07057132953625 0.001808838083407717
16.174925688818952 0.0016183418038519825
16.279280048101654 0.0008010294270633304
16.38363440738436 0.0008178542010383634
16.48798876666706 0.001663303238295095
16.59234312594976 0.0002403113806788625
16.696697485232466 0.0026248292113589034
16.801051844515168 0.002756184160381753
16.90540620379787 0.005020070039301202
17.009760563080576 0.00869203381542766
17.114114922363278 0.0013943003973970072
17.21846928164598 0.0024021958345826658
17.322823640928682 0.0009509326673175773
17.427178000211384 0.00399530460156076
17.53153235949409 0.01591821744927194
17.635886718776792 0.03610331516692888
17.740241078059494 0.02598363723196538
17.8445954373422 0.016748675491555187
17.948949796624902 0.0023597077019043085
18.053304155907604 0.0007512337084815684
18.157658515190306 0.01239408529983942
18.262012874473008 0.05753419302105617
18.366367233755714 0.07577883474670892
18.470721593038416 0.09149780535966
18.575075952321118 0.0822705151855248
18.679430311603824 0.028468616250914645
18.783784670886522 0.004470747770184154
18.888139030169224 0.004201929823075422
18.99249338945193 0.04886702478850528
19.096847748734632 0.11656204332400857
19.201202108017338 0.22375121871615444
19.30555646730004 0.15145205807443368
19.409910826582742 0.10638031951404554
19.514265185865444 0.0041104702342092654
19.618619545148146 0.05353423848410064
19.722973904430848 0.23053245255861404
19.827328263713554 0.6867749159779878
19.931682622996256 0.871431215267598
20.036036982278958 1.55659500738805
20.140391341561664 1.4470115575337887
20.244745700844366 1.906362635998131
20.349100060127068 1.6852428548846319
20.45345441940977 1.900233130011504
20.557808778692472 1.8616823337203798
20.662163137975178 1.3388411303814818
20.76651749725788 1.1734529033390673
20.87087185654058 0.5750087355458208
20.975226215823287 0.44587010402934807
21.079580575105986 0.17148743933449292
21.18393493438869 0.11436353604327677
21.288289293671394 0.09660248997780777
21.392643652954096 0.09994514902778417
21.4969980122368 0.1013701141731337
21.601352371519503 0.15997395224139876
21.705706730802206 0.11068903579031351
21.810061090084908 0.06312516886446429
21.91441544936761 0.015667689733144256
22.018769808650312 0.04118553387671531
22.123124167933018 0.10543674310214293
22.22747852721572 0.1197067448185144
22.331832886498425 0.11460747175663505
22.436187245781127 0.015960569626150323
22.54054160506383 0.025509731817978262
22.64489596434653 0.16815560314889727
22.749250323629234 0.13377764704958753
22.853604682911936 0.12515506464139628
22.95795904219464 0.0454079398451411
23.062313401477343 0.022750411718373345
23.16666776076005 0.0029750447789222336
23.27102212004275 0.009765902407870578
23.37537647932545 0.037952845866543856
23.479730838608155 0.021904015220298535
23.584085197890857 0.05463009933780389
23.68843955717356 0.044487460159589154
23.792793916456265 0.13866749485601432
23.897148275738967 0.14491208551778237
24.00150263502167 0.07119646289947626
24.10585699430437 0.0198015886436139
24.210211353587074 0.007689153732478577
24.31456571286978 0.011970679796409072
24.41892007215248 0.026052516339637434
24.523274431435183 0.023478472189300652
24.62762879071789 0.06454458716900546
24.73198315000059 0.022400352452219656
24.836337509283293 0.028442313813666527
24.940691868565995 0.003911815601550427
25.045046227848697 0.03136333281837959
25.1494005871314 0.010046217334443944
25.253754946414105 0.006711937669818748
25.358109305696807 0.022338858703876235
25.462463664979513 0.022772291741097277
25.566818024262215 0.0214121527565598
25.671172383544917 0.00011532432824627274
25.77552674282762 0.007306721094311918
25.87988110211032 0.01686197723746572
25.984235461393023 0.008565019705360749
26.08858982067573 0.012184632005180024
26.19294417995843 0.023781994787551268
26.297298539241137 0.009200661631441067
26.401652898523835 0.010928181302143675
26.506007257806537 0.0005689650874212
26.610361617089243 0.008863871504150097
26.714715976371945 0.01401346179917976
26.819070335654647 0.0042608717719064835
26.923424694937353 0.0072111412263111945
27.027779054220055 0.004032749919560615
27.132133413502757 0.006623877423760039
27.23648777278546 0.001498130000250888
27.34084213206816 0.004123949659251019
27.445196491350863 0.007417226170255068
27.549550850633565 0.002329638876585345
27.653905209916275 0.00041885410836417085
27.758259569198977 0.0038700108820764667
27.86261392848168 0.0016226818383892603
27.96696828776438 0.0045788538164899485
28.07132264704708 0.0017640578361955074
28.17567700632979 0.002798849663210655
28.28003136561249 0.002931962531016467
28.384385724895193 0.003567742288716368
28.488740084177895 0.001722013560869292
28.593094443460597 0.0007647709352363687
28.6974488027433 0.0008886197884049019
28.801803162026005 0.0015835791888140847
28.906157521308707 0.002516173777344399
29.01051188059141 0.004225081717595513
29.11486623987411 0.004004709933626356
29.219220599156813 0.001354195828313129
29.323574958439522 0.0009546721951848279
29.42792931772222 0.0008367674949096556
29.532283677004923 0.0012728877009329093
29.636638036287625 0.0011581918410821074
29.740992395570327 0.0003434155846190767
29.845346754853036 0.00018161878965437038
29.94970111413574 0.0020797122249547263
30.05405547341844 0.0020831229386167618
30.158409832701143 0.000988448965724533
30.262764191983845 0.003257893300520919
30.367118551266543 0.006542880387341003
30.471472910549252 0.005414953735250013
30.575827269831954 0.0013945772293647485
30.680181629114657 0.0013753963564069522
30.78453598839736 0.00229313716853697
30.88889034768006 0.0012285187431427098
30.993244706962766 0.00046295927236989995
31.09759906624547 0.00041675414758354226
31.20195342552817 0.0032858033315665185
31.306307784810873 0.0019537665778499146
31.410662144093575 0.0009651836229415018
31.515016503376277 0.00042439703127946304
31.619370862658986 1.225085902456474e-05
31.723725221941685 0.0008401675781699589
31.828079581224387 0.00319268412304827
31.93243394050709 0.003352999325127554
32.03678829978979 0.0035222729673019745
32.1411426590725 0.0020195319203674808
32.2454970183552 0.0008491026475650554
32.349851377637904 0.00012998802658027305
32.454205736920606 0.0003209594793623848
32.55856009620331 0.00012246665063402406
32.66291445548601 0.001642465894089237
32.76726881476872 0.004993244535327002
32.87162317405142 0.005362238959709068
32.97597753333412 0.002087710730469889
33.08033189261682 0.0014369769672175953
33.18468625189952 0.0022798269396069317
33.28904061118223 0.0019028622772870422
33.39339497046493 0.0002925960821115273
33.497749329747634 0.0010195686571730716
33.602103689030336 0.0015921337688988863
33.70645804831304 0.0014954486158735266
33.81081240759574 0.0018998619346620633
33.91516676687845 0.0018232690949926914
34.01952112616115 0.0001881831060756185
34.123875485443854 0.0009021215957508717
34.228229844726556 0.0008641217798359488
34.33258420400926 0.00045864279184066134
34.43693856329196 0.0031306174812424643
34.54129292257466 0.004345281038573471
34.645647281857364 0.002037759650754489
34.75000164114007 0.0029617516048640736
34.85435600042277 0.003986436911167956
34.95871035970548 0.0020908028498875584
35.06306471898818 0.0010273546065070584
35.16741907827088 0.0011748837840590178
35.271773437553584 0.0008500987281953009
35.376127796836286 0.003177366872955968
35.48048215611899 0.004647442320468925
35.5848365154017 0.00205312369641283
35.6891908746844 0.0018608622128041393
35.7935452339671 0.00512890912509554
35.897899593249804 0.005321096708839241
36.002253952532506 0.0020047133484905146
36.10660831181521 0.00023631530704784217
36.21096267109791 4.28136946631885e-05
36.31531703038061 0.00016156571953443715
36.419671389663314 0.0006973473014509818
36.524025748946016 0.0008418553951066051
36.62838010822872 0.0011897572333118514
36.73273446751143 0.0012952716038560775
36.83708882679413 0.0005244527108290094
36.94144318607683 0.000414936061842156
37.045797545359534 0.001208215047082274
37.150151904642236 0.0008365859475163326
37.254506263924945 0.00026609256930932847
37.35886062320765 0.0011376054019022195
37.46321498249035 0.002561822236780377
37.567569341773044 0.003098371636496661
37.671923701055746 0.002921909690590359
37.77627806033845 0.0018871507310961218
37.88063241962116 0.000477622902424644
37.98498677890386 1.505653969644321e-05
38.08934113818656 0.0002444811829743403
38.193695497469264 0.00013897591224071364
38.298049856751966 7.363637451905692e-06
38.402404216034675 0.00030076326041071546
38.50675857531738 0.0006114113642059436
38.61111293460008 0.0005228444172944664
38.71546729388278 0.00012905362780701017
38.819821653165484 4.194888645368219e-05
38.924176012448186 0.0005878443751688678
39.02853037173089 0.0014275450850257025
39.13288473101359 0.001822796304563719
39.23723909029629 0.0012905023808318366
39.341593449578994 0.0003929173805577225
39.445947808861696 0.0004463965442260551
39.550302168144405 0.0015325141019105408
39.65465652742711 0.0021117591534040845
39.75901088670981 0.001314213422857783
39.86336524599251 0.0002971272264913418
39.967719605275214 3.472694793456859e-05
40.072073964557916 0.0001861240007106896
40.176428323840625 0.00030470861860578763
40.28078268312333 0.00021788176430978797
40.38513704240603 0.00019949402576882957
40.48949140168873 0.0003008135349944116
40.59384576097143 0.0005189282564862107
40.698200120254135 0.0008712118829565772
40.80255447953684 0.0010085385865608448
40.90690883881954 0.0010138065470677235
41.01126319810224 0.0008506318447594898
41.115617557384944 0.00042251532269282807
41.21997191666765 0.0001350581440713114
41.324326275950355 2.1595182718486712e-05
41.42868063523306 9.878065800123511e-05
41.53303499451576 0.00018491242712360498
41.63738935379846 9.11429439960799e-05
41.74174371308116 5.699222497394046e-06
41.84609807236387 0.00016676767143016834
41.950452431646575 0.0006912341464548814
42.05480679092928 0.0009369465099604437
42.15916115021197 0.0006928229950500764
42.263515509494674 0.00022991497167279353
42.36786986877738 1.6280691138689366e-06
42.472224228060085 0.00014180552010234246
42.57657858734279 0.00019536270085284581
42.68093294662549 0.000127009318913009
42.78528730590819 0.0002320209554161802
42.889641665190894 0.0007055247344514968
42.9939960244736 0.0011055577511853594
43.098350383756305 0.001078340661631629
43.20270474303901 0.00047898245160885305
43.30705910232171 0.0001759141734529903
43.41141346160441 0.0007082468994370161
43.51576782088712 0.0014877562104035748
43.620122180169815 0.0016850884539009099
43.72447653945252 0.000905584505697162
43.82883089873522 0.0002035251181201163
43.93318525801792 2.343374602502336e-05
44.037539617300624 0.00030397601017358893
44.14189397658333 0.0007130614228537995
44.246248335866035 0.0011473492312214886
44.35060269514874 0.0013555045879073396
44.45495705443144 0.0014243973736856104
44.55931141371414 0.0015422620499761972
44.66366577299685 0.0012198294712772366
44.76802013227955 0.0008465904566235615
44.872374491562255 0.0003798034972037121
44.97672885084496 0.0002568389736545441
45.08108321012766 0.0007683232556886854
45.18543756941036 0.0019522149816786464
45.28979192869306 0.0028180008696065406
45.394146287975765 0.0025036993287095794
45.49850064725847 0.002020558652587344
45.60285500654117 0.0018469397430800737
45.70720936582387 0.002162031607665318
45.81156372510658 0.0017304210136752929
45.91591808438928 0.0006144852585218835
46.020272443671985 0.00020930701081712947
46.12462680295469 0.00135181588733766
46.22898116223739 0.0033992157717309605
46.3333355215201 0.004155873331415267
46.4376898808028 0.003100100306212023
46.5420442400855 0.0009676089391650447
46.646398599368204 4.738756844574185e-05
46.7507529586509 0.0011760858398835194
46.8551073179336 0.0027510676844946717
46.95946167721631 0.0029925036892014148
47.06381603649901 0.0016173801142676536
47.168170395781715 0.0004698688286426221
47.27252475506442 0.00022769309628699552
47.37687911434712 0.00041092109523828847
47.48123347362983 0.0003151742943685361
47.58558783291253 1.8692154216024238e-05
47.68994219219523 0.00018437362352234152
47.794296551477935 0.0009014378659265989
47.89865091076064 0.0016597946231165146
48.00300527004334 0.0016930577651420196
48.10735962932605 0.001119072926315415
48.21171398860874 0.00045219354835775394
48.316068347891445 5.2929669223603075e-05
48.42042270717415 5.04897298158757e-05
48.52477706645685 0.00027194797907486716
48.62913142573956 0.0004814093673564849
48.73348578502226 0.0006254063071419453
48.83784014430496 0.0005713646905496633
48.942194503587665 0.0004316198267207298
49.04654886287037 0.0005706071917657823
49.15090322215307 0.0009408487438268881
49.25525758143578 0.001168509268026839
49.35961194071848 0.0009190817766191049
49.46396630000118 0.0003879937343366429
49.568320659283884 0.00011711393055094717
49.672675018566586 0.0003139512138791054
49.77702937784929 0.0005858953882849648
49.88138373713199 0.0006303874158970784
49.98573809641469 0.0005628129225289715
50.090092455697395 0.0007058244626228548
50.1944468149801 0.0010244366619727456
50.2988011742628 0.0009545319600069676
50.40315553354551 0.0005298117517634993
50.50750989282821 0.00014646880124871066
50.61186425211091 0.00019508178358836403
50.716218611393614 0.0007727801925955469
50.82057297067632 0.0015081387339726518
50.924927329959026 0.0017956002957994247
51.02928168924173 0.0012959400668495235
51.13363604852443 0.0005448914966241993
51.23799040780713 0.00010613563437671868
51.342344767089834 7.606669559406441e-07
51.446699126372536 1.890337714481823e-05
51.55105348565524 0.00011460114189233463
51.65540784493794 0.0003626181592036386
51.75976220422064 0.0006355947011207206
51.864116563503345 0.000695848523026391
51.96847092278605 0.00048819104105886065
52.072825282068756 0.00022906375796716137
52.17717964135146 6.222190610695722e-05
52.28153400063416 1.6716829018055203e-05
52.38588835991686 3.6967062112775474e-05
52.490242719199564 4.1267145747152665e-05
52.59459707848227 2.28094644331759e-05
52.698951437764975 1.0782206767741024e-05
52.80330579704767 5.807428523255343e-06
52.90766015633037 8.028088141212483e-05
53.012014515613075 0.00045150549174554543
53.11636887489578 0.0012691307492122893
53.220723234178486 0.0021113861262695927
53.32507759346119 0.002314509859406261
53.42943195274389 0.0017246041972538107
53.53378631202659 0.0007653736361188097
53.638140671309294 0.00012172853004385059
53.742495030592 1.9720841044091556e-05
53.846849389874706 0.00022796708994325974
53.95120374915741 0.00046333976703852146
54.05555810844011 0.0005430990513997532
54.15991246772281 0.00046754540869707215
54.264266827005514 0.0003117568305614745
54.368621186288216 0.000134874014561754
54.47297554557092 7.617472878461738e-06
54.57732990485362 0.000129427730094188
54.68168426413632 0.000611999419143523
54.786038623419024 0.0012239833596393314
54.89039298270173 0.0014307736850479422
54.99474734198443 0.0010593425800597715
55.09910170126713 0.0005527980619941475
55.20345606054985 0.0004203339243158346
55.30781041983255 0.0007205592859066836
55.41216477911525 0.00099893165269297
55.51651913839795 0.0010097428752502877
55.620873497680655 0.000792057874326224
55.72522785696336 0.000570715483459267
55.82958221624606 0.00046975226548040744
55.93393657552876 0.0003727297807271367
56.03829093481146 0.0002359495051464685
56.14264529409416 6.209396460782469e-05
56.24699965337686 7.535290083133544e-06
56.35135401265958 0.00011039687739647288
56.45570837194228 0.00030673583991782874
56.56006273122498 0.0004902301560468813
56.66441709050768 0.0007051935520976575
56.768771449790385 0.0010047757036397392
56.87312580907309 0.001182456258969619
56.97748016835579 0.0010942545505900861
57.08183452763849 0.0006490687973058881
57.186188886921194 0.0002334721172378953
57.290543246203896 0.0002004486707884388
57.3948976054866 0.0005181234298903086
57.49925196476931 0.000922993117582928
57.60360632405201 0.0010004723785553642
57.70796068333471 0.0008084474596597555
57.81231504261741 0.0005036718296844125
57.916669401900116 0.0002532020880755014
58.02102376118282 0.00022366266436346869
58.12537812046552 0.00037405953621998334
58.22973247974822 0.0005582981412754517
58.334086839030924 0.0007092640019494656
58.438441198313626 0.0007644936806981448
58.54279555759633 0.0005806397281343961
58.647149916879044 0.0003595969033368037
58.75150427616175 0.00026413181548970297
58.85585863544444 0.0004436239233109885
58.960212994727144 0.0008775783151322277
59.064567354009846 0.001240673674906507
59.16892171329255 0.001443727695283104
59.27327607257525 0.0013405860145488237
59.37763043185795 0.0010219456561416204
59.481984791140654 0.0007593256316554141
59.586339150423356 0.000552744613103159
59.69069350970607 0.00041757366058168773
59.795047868988775 0.00038723290974945415
59.89940222827148 0.00036530168284897626
60.00375658755418 0.0003650173746155927
60.10811094683688 0.0004639142714450194
60.21246530611958 0.0006022689184647641
60.316819665402285 0.000892287984908301
60.42117402468499 0.0012524592415963116
60.52552838396769 0.0015008847831389993
60.629882743250384 0.0016513827018455
60.734237102533086 0.0015308985104969793
60.8385914618158 0.001216542819445791
60.942945821098505 0.000893433943405815
61.04730018038121 0.000557965744753706
61.15165453966391 0.0003255592803705489
61.25600889894661 0.00021012725989133876
61.36036325822931 0.00013578262045067587
61.464717617512015 0.00014878269806370469
61.56907197679472 0.00021857028181345817
61.67342633607742 0.0003125552146653686
61.77778069536012 0.0004907303399082271
61.88213505464282 0.000651465138136846
61.98648941392553 0.0007713224253270335
62.090843773208235 0.0008584106886468397
62.19519813249094 0.0007944510140274683
62.29955249177364 0.0006579971937874093
62.40390685105634 0.0004929794292999887
62.50826121033904 0.000291930109957621
62.612615569621745 0.00015290472865097786
62.71696992890445 6.970904624287531e-05
62.82132428818715 1.6779227761987577e-05
62.92567864746985 4.226219955635496e-06
63.030033006752554 6.72081726260444e-06
63.13438736603527 2.2333239657037326e-05
63.23874172531797 4.8717496804792944e-05
63.343096084600674 6.193442079180446e-05
63.44745044388337 7.814634880355718e-05
63.55180480316607 8.234749039740319e-05
63.65615916244877 5.886449851922871e-05
63.760513521731475 4.2143035219871215e-05
63.86486788101418 2.2934506911099313e-05
63.96922224029688 5.2502703688306475e-06
64.07357659957958 1.0668838524924887e-06
64.17793095886229 2.579179047618462e-07
64.282285318145 4.020848763336937e-06
64.3866396774277 6.0365366762869445e-06
64.4909940367104 1.3371942708715143e-05
64.5953483959931 2.0837483464136547e-05
64.69970275527581 2.5036167699311684e-05
64.8040571145585 3.901384181998394e-05
64.90841147384121 4.700240254170078e-05
65.01276583312391 5.518284049696155e-05
65.11712019240662 7.879157006362104e-05
65.22147455168931 9.18247448531203e-05
65.32582891097202 0.00010704587337417516
65.43018327025473 0.00013451800923452704
65.53453762953744 0.00013274950877281165
65.63889198882013 0.00012016121986022037
65.74324634810284 0.00010592842487834735
65.84760070738554 6.411590494051191e-05
65.95195506666823 2.8353841016043917e-05
66.05630942595094 9.272183663107055e-06
66.16066378523364 6.379763445822354e-06
66.26501814451635 3.557824247534328e-05
66.36937250379904 8.285678882592459e-05
66.47372686308175 0.00016400137832168078
66.57808122236446 0.0002694014141817825
66.68243558164717 0.0003613581139304339
66.78678994092986 0.0004670845328444144
66.89114430021257 0.0005576391244350668
66.99549865949527 0.0005831558910362487
67.09985301877798 0.0005814673420544903
67.20420737806067 0.0005332635977076522
67.30856173734338 0.0004193725919932833
67.41291609662608 0.0002994290859561874
67.51727045590879 0.00018208615288925294
67.62162481519148 7.618591308268049e-05
67.72597917447419 1.6461091226502176e-05
67.8303335337569 1.576751262709976e-06
67.9346878930396 3.652833584662635e-05
68.0390422523223 0.00011505307762726067
68.143396611605 0.00022526558714368032
68.24775097088771 0.00036492104058213285
68.3521053301704 0.0004979237335424745
68.45645968945311 0.000605009687595483
68.5608140487358 0.0006756737537538538
68.66516840801852 0.000675514891069156
68.76952276730121 0.0006116307142069713
68.87387712658392 0.0005027932803681045
68.97823148586663 0.00036053501116382577
69.08258584514932 0.00022221551950870718
69.18694020443203 0.00011020513758964079
69.29129456371473 3.3779594372199e-05
69.39564892299744 1.8091151680770609e-06
69.50000328228013 8.39709470861e-06
69.60435764156284 4.711678135938161e-05
69.70871200084554 0.0001052357769635175
69.81306636012825 0.00017271825348577388
69.91742071941096 0.00024287643838238922
70.02177507869366 0.00029415921983379445
70.12612943797636 0.0003219641605235565
70.23048379725907 0.0003248133186687637
70.33483815654176 0.0002907152642654586
70.43919251582446 0.00023665753245563677
70.54354687510717 0.00017629729678697104
70.64790123438986 0.00011178854047190984
70.75225559367257 6.123794916766261e-05
70.85660995295527 2.924976708036309e-05
70.96096431223798 1.2311526413110215e-05
71.06531867152069 1.1762120489304725e-05
71.1696730308034 2.2725461729002865e-05
71.27402739008609 4.2039236038168566e-05
71.3783817493688 6.260774404834482e-05
71.4827361086515 8.04460007039294e-05
71.5870904679342 9.805160962209917e-05
71.6914448272169 0.00010577707273819612
71.79579918649961 0.00010355290867585063
71.9001535457823 0.00010085055383857241
72.00450790506501 9.100778721155719e-05
72.1088622643477 7.590080237021263e-05
72.21321662363042 6.628679787233172e-05
72.31757098291313 5.7015834689621906e-05
72.42192534219582 4.566447961137148e-05
72.52627970147853 3.9401046473486705e-05
72.63063406076122 3.593531693699025e-05
72.73498842004393 2.9909815042912858e-05
72.83934277932663 2.5445026293728497e-05
72.94369713860934 2.5527277074494626e-05
73.04805149789203 2.4756061767237594e-05
73.15240585717474 2.302265095314835e-05
73.25676021645744 2.6966765974949317e-05
73.36111457574015 3.2376581519153086e-05
73.46546893502286 3.274306040841004e-05
73.56982329430555 3.4179072522612894e-05
73.67417765358826 3.70504409027511e-05
73.77853201287095 3.3449334377787446e-05
73.88288637215366 2.928332640022859e-05
73.98724073143636 2.9078106538986463e-05
74.09159509071907 2.4784551514356833e-05
74.19594945000176 1.997523963729788e-05
74.30030380928447 1.8568625007176123e-05
74.40465816856717 1.423856709423171e-05
74.50901252784989 8.786375165144024e-06
74.61336688713259 6.691179712153342e-06
74.7177212464153 7.628004361876365e-06
74.82207560569799 8.233636978494507e-06
74.9264299649807 8.668148310080624e-06
75.0307843242634 1.2382846889213435e-05
75.13513868354609 1.3179925148853996e-05
75.2394930428288 9.085809195080692e-06
75.34384740211149 7.512204245674621e-06
75.4482017613942 5.720698547254288e-06
75.5525561206769 2.152517211723929e-06
75.65691047995962 1.5517197898251492e-06
75.76126483924232 1.1817215693363744e-06
75.86561919852502 1.8617763077763442e-07
75.96997355780772 8.524356891621582e-08
76.07432791709043 1.138814828145668e-06
76.17868227637312 4.031191328060598e-06
76.28303663565583 5.464621010887723e-06
76.38739099493853 8.057758121237387e-06
76.49174535422124 1.1581694317923637e-05
76.59609971350393 9.02550845109957e-06
76.70045407278664 5.7611743140310774e-06
76.80480843206935 4.199780915360543e-06
76.90916279135205 9.811031237586652e-07
77.01351715063475 6.480083234788006e-08
77.11787150991745 5.343103470595497e-07
77.22222586920016 2.2402543918071595e-06
77.32658022848285 4.94761089438271e-06
77.43093458776556 4.637559833993639e-06
77.53528894704826 6.905818112778142e-06
77.63964330633097 9.656424804071818e-06
77.74399766561366 9.674415646437462e-06
77.84835202489637 1.4283077204353516e-05
77.95270638417908 1.5638026733496346e-05
78.05706074346178 1.2174958256083593e-05
78.16141510274448 1.1851411303280475e-05
78.26576946202718 7.557761543020461e-06
78.37012382130989 2.3311089820814297e-06
78.47447818059258 1.5242878243542877e-06
78.5788325398753 6.97224244261483e-07
78.68318689915799 3.1624039834841947e-06
78.7875412584407 5.6099216689254586e-06
78.89189561772339 6.246959325025726e-06
78.9962499770061 9.7152275078774e-06
79.10060433628881 9.386100116206298e-06
79.20495869557152 9.112757712334538e-06
79.30931305485421 1.2573821250093966e-05
79.41366741413692 1.102229605599597e-05
79.51802177341962 1.118123594845826e-05
79.62237613270231 1.2719065131647373e-05
79.72673049198502 8.391695466514247e-06
79.83108485126772 6.878090606388407e-06
79.93543921055043 5.938169183151006e-06
80.03979356983312 3.179068818408959e-06
80.14414792911583 4.5943581592678555e-06
80.24850228839854 4.727618266341556e-06
80.35285664768125 4.810063749604549e-06
80.45721100696395 6.6308861182740475e-06
80.56156536624665 4.823610213564504e-06
80.66591972552935 4.377739228669862e-06
80.77027408481206 4.636999011815006e-06
80.87462844409475 2.9927824593448487e-06
80.97898280337746 4.284137247621167e-06
81.08333716266016 4.554860963712017e-06
81.18769152194287 4.3493085533602245e-06
81.29204588122558 6.400922576725337e-06
81.39640024050827 5.583420896248832e-06
81.50075459979098 5.783888979045966e-06
81.60510895907368 7.453783304175297e-06
81.70946331835638 6.005055670256364e-06
81.81381767763908 6.357836149203496e-06
81.91817203692179 6.744798967267509e-06
82.02252639620448 4.2750389356783676e-06
82.12688075548719 3.4905913083532313e-06
82.23123511476989 2.4662358649424913e-06
82.3355894740526 7.38325228247058e-07
82.4399438333353 5.29358722796347e-07
82.544298192618 2.4715793604707807e-07
82.64865255190071 1.0416148994528188e-06
82.7530069111834 2.0649897709959994e-06
82.85736127046611 2.419915815842044e-06
82.96171562974881 4.203723292539519e-06
83.06606998903152 4.891800413318126e-06
83.17042434831421 4.648052217626144e-06
83.27477870759692 5.61989764174375e-06
83.37913306687962 5.040831125959776e-06
83.48348742616233 3.774885489500539e-06
83.58784178544504 3.427391224706237e-06
83.69219614472775 2.171558711235937e-06
83.79655050401044 1.0089336190306237e-06
83.90090486329315 5.599013595216345e-07
84.00525922257584 8.008239888725484e-08
84.10961358185855 5.682410146245031e-08
84.21396794114125 1.9844458939191957e-07
84.31832230042394 6.110951134915097e-07
84.42267665970665 1.1916935258385144e-06
84.52703101898935 1.3516551719082368e-06
84.63138537827206 1.737850919125455e-06
84.73573973755477 1.9479483130946943e-06
84.84009409683748 1.6138036995526078e-06
84.94444845612017 1.4922063741785506e-06
85.04880281540288 1.1821137803585085e-06
85.15315717468557 6.830603866434194e-07
85.25751153396828 4.848760427508803e-07
85.36186589325098 2.7949311020430136e-07
85.46622025253369 1.694128643631049e-07
85.57057461181638 1.8697917901600732e-07
85.67492897109909 2.0257385654019712e-07
85.77928333038179 3.0861082716635636e-07
85.8836376896645 3.132855808388516e-07
85.9879920489472 3.029032917646863e-07
86.0923464082299 3.1362922637540345e-07
86.19670076751261 1.8965381776038972e-07
86.3010551267953 1.0947301212235901e-07
86.40540948607801 4.9324458654214664e-08
86.50976384536071 4.4930329359825594e-10
86.61411820464342 4.0251725927655916e-08
86.71847256392611 1.4447186415024849e-07
86.82282692320882 4.2972081756126384e-07
86.92718128249152 6.392318582813442e-07
87.03153564177424 8.221684642407309e-07
87.13589000105694 1.2301984680592644e-06
87.24024436033963 1.2786331402877524e-06
87.34459871962234 1.201680381820442e-06
87.44895307890503 1.4427161535609681e-06
87.55330743818774 1.2538085412123098e-06
87.65766179747044 9.316293475221263e-07
87.76201615675315 1.0831618287562652e-06
87.86637051603584 1.0064713297987532e-06
87.97072487531855 7.509799754514869e-07
88.07507923460125 1.009369907002812e-06
88.17943359388397 1.3646043900066393e-06
88.28378795316667 1.3411546599247808e-06
88.38814231244938 1.5849001035519592e-06
88.49249667173207 2.2568841428553133e-06
88.59685103101478 2.3354618470197648e-06
88.70120539029747 2.1946668006202655e-06
88.80555974958018 2.775564655689605e-06
88.90991410886288 2.852502669146547e-06
89.01426846814557 2.267607286634056e-06
89.11862282742828 2.5364095469263615e-06
89.22297718671098 2.7522558923837648e-06
89.3273315459937 2.0971557962693245e-06
89.4316859052764 2.1094537999909427e-06
89.5360402645591 2.6580441988617123e-06
89.6403946238418 2.3579253078626877e-06
89.74474898312451 2.1221089633302586e-06
89.8491033424072 2.864756127307857e-06
89.95345770168991 3.0518565012396193e-06
90.05781206097261 2.467384246899277e-06
90.16216642025532 2.977970864686457e-06
90.26652077953801 3.5474243853468587e-06
90.37087513882072 2.7100373948210873e-06
90.47522949810343 2.6958602833206303e-06
90.57958385738613 3.474476379349819e-06
90.68393821666884 2.723883592174513e-06
90.78829257595153 2.2284165179497397e-06
90.89264693523424 3.063118721375896e-06
90.99700129451693 2.7769539810532797e-06
91.10135565379964 2.042116990499433e-06
91.20571001308234 2.7126987641381672e-06
91.31006437236505 3.00254604064627e-06
91.41441873164774 2.227676943655271e-06
91.51877309093047 2.4030067412181443e-06
91.62312745021316 3.0749708732981093e-06
91.72748180949586 2.480971156875208e-06
91.83183616877857 2.044384571879024e-06
91.93619052806126 2.7810127493824927e-06
92.04054488734397 2.5648710045662073e-06
92.14489924662666 1.7000222662036607e-06
92.24925360590937 2.230866923020141e-06
92.35360796519207 2.4767899777684475e-06
92.45796232447478 1.5344334419688697e-06
92.56231668375747 1.7153968935150754e-06
92.6666710430402 2.3494566726471277e-06
92.77102540232289 1.6309721595192266e-06
92.8753797616056 1.3617379939701527e-06
92.9797341208883 2.1068272305476e-06
93.084088480171 1.7983269753333582e-06
93.1884428394537 1.147006716402595e-06
93.29279719873641 1.696043990763113e-06
93.3971515580191 1.8363949536310657e-06
93.5015059173018 1.0542152931305393e-06
93.60586027658451 1.229848860922705e-06
93.7102146358672 1.6794124314071823e-06
93.81456899514993 1.0336652521311975e-06
93.91892335443262 8.482605013285124e-07
94.02327771371533 1.4181165645146784e-06
94.12763207299803 1.08635680335687e-06
94.23198643228073 6.421675806977042e-07
94.33634079156343 1.1036295787913533e-06
94.44069515084614 1.1209065560998802e-06
94.54504951012883 5.696812282076939e-07
94.64940386941154 7.39476374861825e-07
94.75375822869424 1.033815984421646e-06
94.85811258797695 5.9118153282683e-07
94.96246694725966 4.552014158696395e-07
95.06682130654235 8.59582644668767e-07
95.17117566582506 6.413356015031851e-07
95.27553002510776 2.90811949456054e-07
95.37988438439046 6.435053213903622e-07
95.48423874367316 6.653841343888551e-07
95.58859310295587 2.43052106842334e-07
95.69294746223856 4.460841425236253e-07
95.79730182152127 6.425606641739865e-07
95.90165618080397 2.646700993252212e-07
96.00601054008668 2.592141255635243e-07
96.11036489936939 5.172154702637903e-07
96.2147192586521 2.942879280167105e-07
96.31907361793479 1.3403316079666444e-07
96.42342797721749 3.533849042320714e-07
96.5277823365002 3.116905854249732e-07
96.63213669578289 9.205182546360608e-08
96.7364910550656 2.1063212095013667e-07
96.8408454143483 3.0127037092201655e-07
96.945199773631 1.0481606433428891e-07
97.0495541329137 1.1689326267103067e-07
97.15390849219641 2.7593978430659843e-07
97.25826285147912 1.4818651044424916e-07
97.36261721076183 6.1212304142819e-08
97.46697157004452 2.0917599039769685e-07
97.57132592932723 1.6911985616323455e-07
97.67568028860993 3.351548779224133e-08
97.78003464789263 1.1892752874989909e-07
97.88438900717533 1.5365908814821463e-07
97.98874336645804 3.369621172348822e-08
98.09309772574073 5.602287701600481e-08
98.19745208502343 1.2633020184093742e-07
98.30180644430614 4.575539062958834e-08
98.40616080358885 2.016663043468558e-08
98.51051516287156 9.700415149388395e-08
98.61486952215425 6.274763761354488e-08
98.71922388143696 7.566581610624217e-09
98.82357824071966 6.58117149445619e-08
98.92793260000236 7.161916819687062e-08
99.03228695928506 1.106881741861881e-08
99.13664131856777 3.0948627165243275e-08
99.24099567785046 5.742255765774995e-08
99.34535003713317 1.8645501845712052e-08
99.44970439641587 1.2874519386467936e-08
99.55405875569858 4.1670472752741346e-08
99.65841311498129 2.4398439884095127e-08
99.76276747426398 5.2573446904249876e-09
99.86712183354669 2.8297622753246917e-08
99.97147619282939 2.7320673894529544e-08
100.0758305521121 3.7228974071604667e-09
100.18018491139479 1.799583922109485e-08
100.2845392706775 2.9335390132466238e-08
100.3888936299602 4.839843399016249e-09
100.4932479892429 5.560658548893102e-09
100.5976023485256 1.926374256837331e-08
100.70195670780832 4.964877073829592e-09
100.80631106709102 8.018028553006489e-10
100.91066542637373 1.0367876480454592e-08
101.01501978565642 4.771796771148761e-09
101.11937414493912 5.198473758849984e-10
101.22372850422182 6.786894809103764e-09
101.32808286350452 5.030918567591834e-09
101.43243722278723 1.473963895178328e-09
101.53679158206992 6.494520492976432e-09
101.64114594135263 6.7495722011606545e-09
101.74550030063534 3.248588445317297e-09
101.84985465991805 5.546363740331434e-09
101.95420901920075 5.438065447805982e-09
102.05856337848346 1.6380330696082646e-09
102.16291773776615 2.57033011710771e-09
102.26727209704886 2.5190875298996545e-09
102.37162645633155 1.1589365244132518e-10
102.47598081561426 1.449442838902214e-09
102.58033517489696 1.8618408678549002e-09
102.68468953417967 1.087753650531773e-10
102.78904389346236 1.581949172617696e-09
102.89339825274507 3.220206727028374e-09
102.99775261202778 2.0852716973993143e-10
103.10210697131048 1.9398441012837502e-09
103.20646133059319 7.266104344831274e-09
103.31081568987588 2.8033108630463085e-09
103.41517004915859 3.839351799948035e-10
103.51952440844128 7.081323059508224e-09
103.623878767724 5.841798357409903e-09
103.72823312700669 2.406399474932875e-10
103.8325874862894 6.39495958571028e-09
103.9369418455721 6.080801289552123e-09
104.0412962048548 1.0346798089972623e-09
104.14565056413751 7.903965241672758e-09
104.2500049234202 6.749821076176932e-09
104.35435928270292 1.6262191162407952e-09
104.45871364198561 9.571580417618156e-09
104.56306800126832 1.0598967495811411e-08
104.66742236055102 3.761089175777511e-09
104.77177671983372 6.025841965709251e-09
104.87613107911642 1.1691061831591105e-08
104.98048543839913 9.65298564660666e-09
105.08483979768182 6.345970990125003e-09
105.18919415696455 9.145677784364775e-09
105.29354851624724 1.2545503995630588e-08
105.39790287552995 8.860642621395769e-09
105.50225723481265 9.078158768700362e-09
105.60661159409534 1.3899002214441703e-08
105.71096595337805 9.932930204925362e-09
105.81532031266075 1.1579242766748458e-08
105.91967467194345 1.8900108710809054e-08
106.02402903122615 1.0210152335737687e-08
106.12838339050886 9.302303704545164e-09
106.23273774979155 2.311420716342494e-08
106.33709210907428 1.7475480444898825e-08
106.44144646835697 8.708489377224123e-09
106.54580082763968 1.8304358090050678e-08
106.65015518692238 1.9914496132208917e-08
106.75450954620509 1.3571050171767775e-08
106.85886390548778 1.5031314228530745e-08
106.96321826477049 1.9737565546023323e-08
107.06757262405318 1.922821478738379e-08
107.1719269833359 1.470456275463559e-08
107.27628134261859 1.9737787702536537e-08
107.38063570190128 2.1501882713536533e-08
107.484990061184 1.288657855687713e-08
107.5893444204667 2.369249421367104e-08
107.69369877974941 2.9400979213939178e-08
107.7980531390321 1.0659494498494674e-08
107.90240749831482 2.0490353479785928e-08
108.00676185759751 3.5490762980688414e-08
108.11111621688022 1.4587966288540856e-08
108.21547057616291 1.627871634642584e-08
108.31982493544562 3.3459977439687046e-08
108.42417929472832 2.1259329589002522e-08
108.52853365401103 1.726257696890915e-08
108.63288801329374 2.5541994297359528e-08
108.73724237257643 2.2269723897117163e-08
108.84159673185914 2.1621533943959066e-08
108.94595109114184 2.4071993494800225e-08
109.05030545042455 2.467332637318194e-08
109.15465980970724 2.189501876526434e-08
109.25901416898995 1.9783348856652986e-08
109.36336852827264 2.976725450822231e-08
109.46772288755535 2.707984664662422e-08
109.57207724683805 1.417885091298999e-08
109.67643160612076 3.0058858092457914e-08
109.78078596540345 3.4735911890336496e-08
109.88514032468616 1.3193897329770822e-08
109.98949468396886 2.2602638578713977e-08
110.09384904325157 3.520036032352882e-08
110.19820340253426 1.9882217815726883e-08
110.30255776181698 1.891771184333688e-08
110.4069121210997 2.7681208567886875e-08
110.51126648038239 2.276227849952776e-08
110.6156208396651 1.931884737923744e-08
110.7199751989478 2.4583313466202503e-08
110.8243295582305 2.5436028848072418e-08
110.9286839175132 1.7188905809596495e-08
111.0330382767959 2.1629200313489457e-08
111.1373926360786 3.183067267949612e-08
111.24174699536131 1.6462166194803058e-08
111.346101354644 1.40304825276138e-08
111.45045571392671 3.550560544977922e-08
111.55481007320941 2.382989584063344e-08
111.65916443249212 9.770284240052552e-09
111.76351879177481 2.67574722124843e-08
111.86787315105752 2.5720380972050054e-08
111.97222751034022 1.30743607877117e-08
112.07658186962291 2.032452313116768e-08
112.18093622890562 2.156773257194342e-08
112.28529058818832 1.5253613166131372e-08
112.38964494747103 1.8497916952124683e-08
112.49399930675372 1.9112869777094514e-08
112.59835366603646 1.5262899819218576e-08
112.70270802531915 1.4318788817951721e-08
112.80706238460186 1.9524042394547904e-08
112.91141674388456 2.1165584572404112e-08
113.01577110316725 9.330583761300867e-09
113.12012546244996 1.316700859812156e-08
113.22447982173266 2.6088230694168755e-08
113.32883418101537 1.2915654826887318e-08
113.43318854029806 6.4923132143017105e-09
113.53754289958077 2.0666224794360713e-08
113.64189725886347 1.5689775755042385e-08
113.74625161814618 6.3430506972475596e-09
113.85060597742887 1.3901039771507052e-08
113.95496033671158 1.2486146869646907e-08
114.05931469599427 7.350623441793747e-09
114.16366905527698 1.2669307623624334e-08
114.26802341455968 1.1572680520752684e-08
114.37237777384239 5.5292122492663976e-09
114.47673213312508 8.521243298603903e-09
114.58108649240779 1.3817282878625456e-08
114.68544085169049 8.35746335598143e-09
114.7897952109732 2.912067704402035e-09
114.89414957025592 1.0682889800105686e-08
114.99850392953861 1.271867231288132e-08
115.10285828882132 2.7658998886775167e-09
115.20721264810402 4.860882654945286e-09
115.31156700738673 1.0674181126645977e-08
115.41592136666942 4.05828713054028e-09
115.52027572595213 3.3051245194093986e-09
115.62463008523483 6.321201437276222e-09
115.72898444451754 2.485086646380659e-09
115.83333880380023 3.5655917144113863e-09
115.93769316308294 5.909554642686927e-09
116.04204752236564 2.1354954800852745e-09
116.14640188164834 1.5277143088094388e-09
116.25075624093104 4.665616577044027e-09
116.35511060021375 3.761867707639506e-09
116.45946495949644 1.3648879640280545e-09
116.56381931877915 1.4866482471098197e-09
116.66817367806185 3.5193411694309738e-09
116.77252803734454 3.3118358624746413e-09
116.87688239662725 6.992086301414624e-11
116.98123675590995 1.4462286965288289e-09
117.08559111519266 2.648174617112781e-09
117.18994547447538 2.529772288924593e-11
117.29429983375809 5.702711737608401e-10
117.39865419304078 8.86249502948839e-10
117.5030085523235 1.9820262276076993e-10
117.60736291160619 9.289264022585268e-10
117.71171727088888 8.339576515686113e-10
117.81607163017159 3.5290701793830215e-10
117.92042598945429 9.123183021290587e-10
118.024780348737 1.0731491436642226e-09
118.12913470801969 1.2515290583958237e-10
118.2334890673024 7.61972192157759e-10
118.3378434265851 1.5044080796488644e-09
118.4421977858678 2.3972929775287535e-10
118.5465521451505 4.076439008191987e-10
118.65090650443321 1.8085851803720848e-09
118.7552608637159 8.135010837225588e-10
118.85961522299861 3.594901106754427e-10
118.96396958228131 1.4486686484196418e-09
119.06832394156402 6.516712107072296e-10
119.17267830084671 1.5757884965335465e-09
119.27703266012942 2.8540067576266048e-09
119.38138701941214 8.500640394667019e-10
119.48574137869484 1.6924605798276733e-09
119.59009573797755 4.463342616557508e-09
119.69445009726024 2.8558135545238584e-09
119.79880445654295 1.1971553558324317e-09
119.90315881582565 3.250607833711783e-09
120.00751317510836 4.925116606645395e-09
120.11186753439105 3.694189756952444e-09
120.21622189367376 1.8715731140190638e-09
120.32057625295646 4.631611644650434e-09
120.42493061223917 6.20843634793888e-09
120.52928497152186 3.157772511243774e-09
120.63363933080457 5.349582527517584e-09
120.73799369008727 5.932960223266087e-09
120.84234804936997 3.8271715719782685e-09
120.94670240865267 8.628681675654864e-09
121.05105676793538 7.22940033127874e-09
121.15541112721807 2.866265476307561e-09
121.25976548650077 9.823562618923231e-09
121.36411984578348 1.138379152409435e-08
121.46847420506617 4.494403839429766e-09
121.57282856434888 7.220006650076286e-09
121.6771829236316 1.141440867393927e-08
121.78153728291431 8.911026561396113e-09
121.88589164219701 8.529849279257633e-09
121.99024600147972 8.900715738893784e-09
122.09460036076241 1.0201404945798547e-08
122.19895472004512 1.1639686645082789e-08
122.30330907932782 1.0120278992300759e-08
122.40766343861051 1.0410679416175825e-08
122.51201779789322 1.0648237911263533e-08
122.61637215717592 1.2427006848013518e-08
122.72072651645863 1.49180637339171e-08
122.82508087574132 9.761760866506461e-09
122.92943523502403 1.0485581869966286e-08
123.03378959430673 1.8571899378547372e-08
123.13814395358943 1.3613451889853828e-08
123.24249831287213 9.455492093714047e-09
123.34685267215484 1.6535515953712718e-08
123.45120703143753 1.609620153104399e-08
123.55556139072024 1.2952353966378876e-08
123.65991575000294 1.4402975240622896e-08
123.76427010928565 1.4547553062414146e-08
123.86862446856834 1.6083777098567512e-08
123.97297882785107 1.640040794253905e-08
124.07733318713377 1.5042243667885437e-08
124.18168754641647 1.491063746136887e-08
124.28604190569918 1.5163293334168274e-08
124.39039626498187 1.9068634212556644e-08
124.49475062426458 1.8164004777589673e-08
124.59910498354728 1.1339275039775868e-08
124.70345934282999 1.823815667652064e-08
124.80781370211268 2.3395683922336672e-08
124.91216806139539 1.2408348882093735e-08
125.01652242067809 1.4917601145699213e-08
125.1208767799608 2.250831687094794e-08
125.22523113924349 1.5635318571790686e-08
125.3295854985262 1.6330915662023162e-08
125.4339398578089 1.9117674731834026e-08
125.5382942170916 1.4645972429849549e-08
125.6426485763743 1.863740507385416e-08
125.74700293565701 2.0372362397870683e-08
125.8513572949397 1.4146116440444697e-08
125.9557116542224 1.5986780452597486e-08
126.06006601350511 2.0395710810994097e-08
126.1644203727878 1.86278556450831e-08
126.26877473207054 1.460475360888954e-08
126.37312909135323 1.5036123112523492e-08
126.47748345063594 2.1818223757174933e-08
126.58183780991864 1.9021785775164313e-08
126.68619216920135 1.1604799234768582e-08
126.79054652848404 1.7926649930643543e-08
126.89490088776674 1.9841640457247302e-08
126.99925524704945 1.4258504907845586e-08
127.10360960633214 1.6428525867138444e-08
127.20796396561485 1.582723810230149e-08
127.31231832489755 1.4101219168312758e-08
127.41667268418026 1.8113282686710742e-08
127.52102704346295 1.5883903849244025e-08
127.62538140274566 1.1809640339277625e-08
127.72973576202835 1.531706639803264e-08
127.83409012131106 1.8012723293731893e-08
127.93844448059376 1.4302125913774174e-08
128.04279883987647 1.0160499297448335e-08
128.14715319915916 1.4732910710188607e-08
128.25150755844186 1.842064270616678e-08
128.35586191772458 1.0846415116210146e-08
128.4602162770073 1.0063158860314842e-08
128.56457063629 1.5946594587810184e-08
128.6689249955727 1.2258885655326871e-08
128.7732793548554 1.0480068933563911e-08
128.8776337141381 1.2991036062684432e-08
128.9819880734208 9.196496017571612e-09
129.0863424327035 1.0738216125648504e-08
129.1906967919862 1.5000353623364615e-08
129.29505115126892 7.995393584288576e-09
129.39940551055162 6.7639413613040175e-09
129.5037598698343 1.35699761402525e-08
129.608114229117 1.0857987209200958e-08
129.71246858839973 6.4033394692583654e-09
129.81682294768243 7.854500202970956e-09
129.92117730696512 1.0001716878984892e-08
130.02553166624782 9.118316945228305e-09
130.12988602553054 5.913428260313854e-09
130.23424038481323 6.404101765844861e-09
130.33859474409593 8.352506594030481e-09
130.44294910337862 6.554282676383693e-09
130.54730346266132 5.663986699515472e-09
130.65165782194404 5.556420728658808e-09
130.75601218122677 4.551824576662402e-09
130.86036654050946 6.8127214835510256e-09
130.96472089979216 6.345361914945573e-09
131.06907525907488 2.2654638974925175e-09
131.17342961835757 4.4418655196605375e-09
131.27778397764027 6.645309269603084e-09
131.38213833692296 3.400774504380679e-09
131.4864926962057 1.973066209224807e-09
131.59084705548838 3.5124440435523897e-09
131.69520141477108 4.255536837766781e-09
131.79955577405377 2.6917016158025054e-09
131.90391013333647 1.39809904924712e-09
132.0082644926192 2.350220083266105e-09
132.11261885190189 2.422282547012095e-09
132.21697321118458 1.7027794262656103e-09
132.32132757046728 1.7826445822564539e-09
132.42568192975 7.569510855220973e-10
132.5300362890327 1.3001747577296183e-09
132.6343906483154 2.5470992138815157e-09
132.73874500759808 5.777789391004547e-10
132.8430993668808 3.091377679485585e-10
132.9474537261635 1.8316338891400268e-09
133.05180808544623 1.0278589448521363e-09
133.15616244472892 3.799888144225535e-11
133.26051680401162 3.520116147443566e-10
133.36487116329434 6.974122731662576e-10
133.46922552257703 2.5687479753985225e-10
133.57357988185973 1.0310568581902618e-10
133.67793424114242 1.9568027248386668e-10
133.78228860042515 2.1230344805519997e-10
133.88664295970784 2.3006849805272722e-10
133.99099731899054 9.608230971306795e-11
134.09535167827323 1.858079960340643e-10
134.19970603755596 4.805911584006439e-10
134.30406039683865 7.149832447183421e-10
134.40841475612135 5.613388471872072e-11
134.51276911540404 6.297451412225469e-10
134.61712347468676 1.563328529311775e-09
134.72147783396946 1.2505394719550128e-10
134.82583219325215 3.311174063376556e-10
134.93018655253485 1.3832522346764298e-09
135.03454091181757 8.576873366107514e-10
135.13889527110027 1.0143708157725777e-09
135.24324963038296 8.819528996651866e-10
135.34760398966569 1.1564285257599127e-09
135.45195834894838 2.4168193053814275e-09
135.5563127082311 1.6773565196028713e-09
135.6606670675138 1.0486076489925962e-09
135.7650214267965 2.2254434332468447e-09
135.8693757860792 3.0943110940896152e-09
135.9737301453619 3.022476756025681e-09
136.0780845046446 1.5401549855873903e-09
136.1824388639273 2.678244394099077e-09
136.28679322321 5.281492715791783e-09
136.3911475824927 2.9915710553074255e-09
136.49550194177542 2.507872714025187e-09
136.5998563010581 4.725564204845163e-09
136.7042106603408 4.028462458232845e-09
136.8085650196235 4.901568265769795e-09
136.91291937890622 4.996467927302804e-09
137.01727373818892 3.3028641252872947e-09
137.1216280974716 6.1547991141956196e-09
137.2259824567543 7.385388845000713e-09
137.33033681603703 4.356984882896054e-09
137.43469117531973 5.241365967711328e-09
137.53904553460242 7.731194624472875e-09
137.64339989388515 7.300834714769367e-09
137.74775425316784 6.1145382229139706e-09
137.85210861245056 6.488357745529245e-09
137.95646297173326 8.376244309239378e-09
138.06081733101595 8.493417486091728e-09
138.16517169029865 7.571122242765088e-09
138.26952604958137 7.680190387679925e-09
138.37388040886407 8.461462282670191e-09
138.47823476814676 1.0060293984678549e-08
138.58258912742946 9.539550912171991e-09
138.68694348671218 8.053702794854177e-09
138.79129784599488 9.31338664395385e-09
138.89565220527757 1.1726510742038948e-08
139.00000656456027 1.1263581198694856e-08
139.104360923843 8.273180640899358e-09
139.20871528312568 1.033034640135131e-08
139.31306964240838 1.3659981249625793e-08
139.41742400169107 1.050545014510052e-08
139.5217783609738 9.644293809525267e-09
139.6261327202565 1.245643734139685e-08
139.7304870795392 1.2134010422272901e-08
139.8348414388219 1.1891775584043328e-08
139.9391957981046 1.1995536117774516e-08
140.04355015738733 1.1561860296765292e-08
140.14790451667002 1.2656655394378464e-08
140.25225887595272 1.363784918219562e-08
140.35661323523541 1.2905451262671667e-08
140.46096759451814 1.0804869687616118e-08
140.56532195380083 1.360017858558392e-08
140.66967631308353 1.6831716369469307e-08
140.77403067236622 1.0791583961319901e-08
140.87838503164892 1.1147628075920376e-08
140.98273939093164 1.7475496493887328e-08
141.08709375021434 1.304166101297524e-08
141.19144810949703 1.149359604817885e-08
141.29580246877973 1.5058642514065726e-08
141.40015682806245 1.295025159521342e-08
141.50451118734514 1.3595423943824462e-08
141.60886554662784 1.491211378596019e-08
141.71321990591053 1.2440612123013674e-08
141.81757426519326 1.2757933810760762e-08
141.92192862447595 1.4843027311361006e-08
142.02628298375865 1.4880063439999234e-08
142.13063734304137 1.1725329907026347e-08
142.23499170232407 1.225837367168746e-08
142.3393460616068 1.680994139747429e-08
142.44370042088948 1.3183999883509675e-08
142.54805478017218 1.0549430724769866e-08
142.65240913945487 1.4958098733951464e-08
142.7567634987376 1.407857788102798e-08
142.8611178580203 1.2002610059747856e-08
142.965472217303 1.244915735509539e-08
143.06982657658568 1.2640527533587178e-08
143.1741809358684 1.3099620098685696e-08
143.2785352951511 1.2018567273396478e-08
143.3828896544338 1.2569592595105356e-08
143.4872440137165 1.1483665343840704e-08
143.59159837299921 1.05596237081965e-08
143.6959527322819 1.453258018234737e-08
143.8003070915646 1.1129203334106715e-08
143.9046614508473 7.902851942906774e-09
144.00901581013002 1.3818316968321784e-08
144.11337016941272 1.2410594117573539e-08
144.2177245286954 8.189489088534187e-09
144.3220788879781 1.0364782386613078e-08
144.42643324726083 1.152267235801612e-08
144.53078760654356 1.0153800339896407e-08
144.63514196582625 8.28178677898651e-09
144.73949632510895 9.658772278319832e-09
144.84385068439164 9.819790376408929e-09
144.94820504367436 7.447672073514999e-09
145.05255940295706 1.0130304054408951e-08
145.15691376223975 8.167035534759484e-09
145.26126812152245 5.5601601716857355e-09
145.36562248080517 1.0614358898783304e-08
145.46997684008787 8.038285989077041e-09
145.57433119937056 4.682036094607032e-09
145.67868555865326 8.047951716414026e-09
145.78303991793595 7.790728903260143e-09
145.88739427721868 6.4447095919072024e-09
145.99174863650137 5.19838864957124e-09
146.09610299578407 5.812676089286923e-09
146.20045735506676 7.264574159480867e-09
146.30481171434948 4.083893031480222e-09
146.40916607363218 4.920921216483496e-09
146.51352043291487 5.6580684479711845e-09
146.61787479219757 3.0964990198367133e-09
146.7222291514803 5.538519020026631e-09
146.82658351076302 4.382998597874172e-09
146.9309378700457 2.093694537411412e-09
147.0352922293284 4.861889646600476e-09
147.1396465886111 3.730152842049667e-09
147.24400094789382 2.9042599759166886e-09
147.34835530717652 2.6294768496872775e-09
147.4527096664592 2.52570844059782e-09
147.5570640257419 4.3649969833888555e-09
147.66141838502463 1.2127063215126199e-09
147.76577274430733 1.3182098454569629e-09
147.87012710359002 3.9393692820537765e-09
147.97448146287272 7.057882406868079e-10
148.07883582215544 1.5264713148549297e-09
148.18319018143814 2.2935538732179037e-09
148.28754454072083 2.6825553763660385e-10
148.39189890000353 1.924923481341331e-09
148.49625325928625 1.3052345643585256e-09
148.60060761856894 4.35868471756431e-10
148.70496197785164 1.2685165393002947e-09
148.80931633713433 6.909535240952412e-10
148.91367069641706 1.200592851801597e-09
149.01802505569978 4.4007819823954933e-10
149.12237941498248 1.009653916958123e-10
149.22673377426517 1.3993208667828088e-09
149.33108813354787 1.1090243685906758e-10
149.4354424928306 1.3827880962338734e-11
149.53979685211328 1.1171415914966948e-09
149.64415121139598 9.509693528597824e-11
149.74850557067867 1.3035435474852842e-10
149.8528599299614 7.074714478028408e-10
149.9572142892441 2.6833705325906723e-10
150.0615686485268 3.085935010785432e-10
150.16592300780948 7.301388929150679e-10
150.27027736709218 1.724970397877518e-10
150.3746317263749 8.43009458927017e-10
150.4789860856576 7.116845614237299e-10
150.5833404449403 4.8688843521999906e-11
150.68769480422299 1.3412603560677297e-09
150.7920491635057 9.540307530394161e-10
150.8964035227884 8.071433584368147e-10
151.0007578820711 1.105661182222562e-09
151.1051122413538 3.4430449809875884e-10
151.20946660063652 1.868292698422402e-09
151.31382095991924 1.3766749615167909e-09
151.41817531920194 9.509073789601487e-10
151.52252967848463 2.774000139955826e-09
151.62688403776733 6.833892346936715e-10
151.73123839705005 2.521441165998698e-09
151.83559275633274 3.0860104405236054e-09
151.93994711561544 4.097800185015971e-10
152.04430147489813 4.381088149670663e-09
152.14865583418086 3.0293916080741465e-09
152.25301019346355 1.5912664557455882e-09
152.35736455274625 4.420468023927509e-09
152.46171891202894 2.4597215257616405e-09
152.56607327131167 4.2119435312036285e-09
152.67042763059436 3.8350975954910846e-09
152.77478198987706 2.5499975007296123e-09
152.87913634915975 6.056042918602092e-09
152.98349070844247 3.0939900842909005e-09
153.08784506772517 4.486032687268409e-09
153.19219942700786 6.137304356489065e-09
153.29655378629056 2.684298354002504e-09
153.40090814557328 7.155924980902876e-09
153.505262504856 5.876815027933754e-09
153.6096168641387 3.654336366317878e-09
153.7139712234214 7.640247529632285e-09
153.8183255827041 5.747370646777514e-09
153.92267994198681 6.7083818382194225e-09
154.0270343012695 6.613809169089013e-09
154.1313886605522 5.61126520404147e-09
154.2357430198349 9.172886184085979e-09
154.34009737911762 6.022840900443101e-09
154.44445173840032 6.82737751129487e-09
154.548806097683 9.25075469465587e-09
154.6531604569657 6.079302280036409e-09
154.7575148162484 9.190051587410521e-09
154.86186917553113 8.395003316269415e-09
154.96622353481382 6.900635678660103e-09
155.07057789409652 1.0304377062346696e-08
155.1749322533792 8.131230960277369e-09
155.27928661266193 9.133672685212715e-09
155.38364097194463 9.270113864275526e-09
155.48799533122732 8.433623368086881e-09
155.59234969051002 1.1966515057670921e-08
155.69670404979274 7.910891295404815e-09
155.80105840907547 9.086760673752827e-09
155.90541276835816 1.2870581311599078e-08
156.00976712764086 7.745526090299798e-09
156.11412148692355 1.0911054834699378e-08
156.21847584620627 1.1689314670402709e-08
156.32283020548897 8.142874576454964e-09
156.42718456477166 1.2543792925055703e-08
156.53153892405436 1.0637557260374906e-08
156.63589328333708 9.458900653480405e-09
156.74024764261978 1.2152768814736451e-08
156.84460200190247 1.0147078173728087e-08
156.94895636118517 1.1813052804908354e-08
157.0533107204679 1.073339338421472e-08
157.1576650797506 9.952180475521818e-09
157.26201943903328 1.3368424278907213e-08
157.36637379831598 9.754437838858983e-09
157.4707281575987 1.0485822133293985e-08
157.5750825168814 1.3054945517515924e-08
157.6794368761641 9.599215074491462e-09
157.78379123544678 1.1836596267980913e-08
157.8881455947295 1.1671330817840362e-08
157.9924999540122 9.520762585180782e-09
158.09685431329493 1.2471847029712812e-08
158.20120867257762 1.1008900684759114e-08
158.30556303186032 1.0114424727322037e-08
158.40991739114304 1.1361137256429485e-08
158.51427175042573 1.0634453106844817e-08
158.61862610970843 1.1447139062113854e-08
158.72298046899112 1.0098428506397992e-08
158.82733482827385 9.833462467158211e-09
158.93168918755654 1.161313522940691e-08
159.03604354683924 9.872930840521659e-09
159.14039790612193 9.66774348203596e-09
159.24475226540463 1.0408481630150845e-08
159.34910662468735 9.828362627549662e-09
159.45346098397005 9.933647003795563e-09
159.55781534325274 9.256980303606388e-09
159.66216970253544 9.463555713158205e-09
159.76652406181816 9.327904981294126e-09
159.87087842110085 8.944596631249924e-09
159.97523278038355 9.603352519337709e-09
160.07958713966624 7.818022869234718e-09
160.18394149894897 8.386420865062846e-09
160.28829585823166 9.838518512125255e-09
160.3926502175144 7.036353389562299e-09
160.49700457679708 7.639108223387196e-09
160.60135893607978 8.737312402017016e-09
160.7057132953625 6.797170751747033e-09
160.8100676546452 7.530569944762808e-09
160.9144220139279 7.3229346897946355e-09
161.01877637321059 6.329186634726657e-09
161.1231307324933 7.00218216436725e-09
161.227485091776 6.487982040943699e-09
161.3318394510587 6.2299491010468604e-09
161.4361938103414 5.730423225082234e-09
161.54054816962412 5.627594355161614e-09
161.6449025289068 6.345921290787803e-09
161.7492568881895 4.657402102539881e-09
161.8536112474722 4.726204998736201e-09
161.95796560675493 5.939587688101084e-09
162.06231996603762 4.124593714669558e-09
162.16667432532032 4.143093597422848e-09
162.271028684603 4.71134670477627e-09
162.37538304388573 3.597595639822957e-09
162.47973740316843 4.034135900334682e-09
162.58409176245115 3.7130631610770036e-09
162.68844612173385 2.8759926623592353e-09
162.79280048101654 3.4020936370387313e-09
162.89715484029927 3.1916874305196044e-09
163.00150919958196 2.683847087572935e-09
163.10586355886466 2.402871562780694e-09
163.21021791814735 2.3297414490918693e-09
163.31457227743007 2.586725094945281e-09
163.41892663671277 1.9984571582614404e-09
163.52328099599546 1.5482863285799954e-09
163.62763535527816 1.9296578270149337e-09
163.73198971456088 1.7236013554070536e-09
163.83634407384358 1.2318106074088e-09
163.94069843312627 1.2436916256200287e-09
164.04505279240897 1.263657509065783e-09
164.14940715169166 9.542850083763124e-10
164.25376151097439 8.534122702618787e-10
164.35811587025708 9.172917625395344e-10
164.46247022953978 5.529937485859397e-10
164.56682458882247 5.563275373701354e-10
164.6711789481052 7.480215891140733e-10
164.7755333073879 2.5954833110242584e-10
164.8798876666706 2.51411769157145e-10
164.9842420259533 5.117822510427529e-10
165.088596385236 1.5960603937945884e-10
165.19295074451873 1.0400528259569614e-10
165.29730510380142 2.437665477763661e-10
165.40165946308412 8.544733843856126e-11
165.5060138223668 7.411739449746376e-11
165.61036818164953 1.2898323266561834e-10
165.71472254093223 2.965878634904754e-11
165.81907690021492 1.00894923615077e-10
165.92343125949762 1.7357705322756277e-10
166.02778561878034 4.041674332260835e-11
166.13213997806304 1.963137598609885e-10
166.23649433734573 3.001332209420288e-10
166.34084869662843 1.5382201969408084e-10
166.44520305591115 3.355130730862946e-10
166.54955741519385 4.128642145551681e-10
166.65391177447654 4.2579168368232966e-10
166.75826613375924 5.800683411726798e-10
166.86262049304196 5.040029777285898e-10
166.96697485232465 7.859437408644073e-10
167.07132921160735 8.89095534738689e-10
167.17568357089007 7.068926281325296e-10
167.28003793017277 1.1728136154525733e-09
167.3843922894555 1.1638832218529522e-09
167.48874664873819 1.145283941646501e-09
167.59310100802088 1.7045341284254399e-09
167.69745536730358 1.356977576041945e-09
167.8018097265863 1.51337608230309e-09
167.906164085869 2.284227578003828e-09
168.0105184451517 1.921261220137856e-09
168.11487280443438 1.870350331436025e-09
168.2192271637171 2.55655084292466e-09
168.3235815229998 2.681003102704837e-09
168.4279358822825 2.46614066476182e-09
168.5322902415652 2.8259385658849885e-09
168.6366446008479 3.263320215825436e-09
168.7409989601306 2.992584478727168e-09
168.8453533194133 3.4144229960039968e-09
168.949707678696 3.968229623325254e-09
169.0540620379787 3.4130733376543462e-09
169.15841639726142 3.952154063121297e-09
169.2627707565441 4.613977025170666e-09
169.3671251158268 4.04653076746064e-09
169.47147947510953 4.474561716794446e-09
169.57583383439223 5.038778395400016e-09
169.68018819367495 4.9226692421365615e-09
169.78454255295765 5.058504825758596e-09
169.88889691224034 5.272583522691525e-09
169.99325127152304 5.730064452829292e-09
170.09760563080576 5.6706049796688235e-09
170.20195999008845 5.792760448495081e-09
170.30631434937115 6.432810731262366e-09
170.41066870865384 5.9566171373476095e-09
170.51502306793657 6.43978001283366e-09
170.61937742721926 7.205953590528895e-09
170.72373178650196 6.3044660794660886e-09
170.82808614578465 6.925054260691542e-09
170.93244050506738 7.642432452977401e-09
171.03679486435007 7.0457243634104925e-09
171.14114922363277 7.607298397042602e-09
171.24550358291546 7.625801857081054e-09
171.34985794219818 7.635405210265484e-09
171.45421230148088 8.294634635664377e-09
171.55856666076357 7.7702294444178e-09
171.6629210200463 8.234198755874667e-09
171.767275379329 8.726833415822164e-09
171.87162973861172 8.043016245200581e-09
171.9759840978944 8.73805505233964e-09
172.0803384571771 8.81355577282564e-09
172.1846928164598 8.366431212768815e-09
172.28904717574252 9.32741006392529e-09
172.39340153502522 8.957439567768163e-09
172.49775589430791 8.478771689235681e-09
172.6021102535906 9.619332437026568e-09
172.70646461287333 9.410654019127388e-09
172.81081897215603 8.698692018396383e-09
172.91517333143872 9.388432852622468e-09
173.01952769072142 9.569412194832753e-09
173.1238820500041 9.146818961317006e-09
173.22823640928684 9.437945114653371e-09
173.33259076856953 9.515277878992975e-09
173.43694512785223 9.191273205185152e-09
173.54129948713492 9.478785306335285e-09
173.64565384641764 9.616963322021678e-09
173.75000820570034 9.176549591054163e-09
173.85436256498303 9.240263683524705e-09
173.95871692426576 9.594680474106696e-09
174.06307128354848 9.346616754710291e-09
174.16742564283118 8.9910940351076e-09
174.27178000211387 9.32925911075375e-09
174.37613436139657 9.385358245486587e-09
174.48048872067926 8.759713258751534e-09
174.58484307996198 9.034749736347518e-09
174.68919743924468 9.176775087003766e-09
174.79355179852737 8.454169903794428e-09
174.89790615781007 8.890076959914255e-09
175.0022605170928 8.947590869212474e-09
175.1066148763755 8.031920795461741e-09
175.21096923565818 8.545953890959119e-09
175.31532359494088 8.6837200269035e-09
175.4196779542236 7.794971909491316e-09
175.5240323135063 7.95456674722005e-09
175.628386672789 8.070932959609553e-09
175.7327410320717 7.756247021271946e-09
175.8370953913544 7.646137906398601e-09
175.9414497506371 7.30538966563684e-09
176.0458041099198 7.313494220039564e-09
176.1501584692025 7.250219697402461e-09
176.25451282848522 6.817215311751222e-09
176.35886718776794 6.826153584556634e-09
176.46322154705064 6.60900241752049e-09
176.56757590633333 6.348253714656161e-09
176.67193026561603 6.504647066056933e-09
176.77628462489875 6.040744105449685e-09
176.88063898418145 5.602891026553392e-09
176.98499334346414 5.971749398002784e-09
177.08934770274684 5.696140053195117e-09
177.19370206202956 4.893032611963786e-09
177.29805642131225 5.183173430185998e-09
177.40241078059495 5.397692980949296e-09
177.50676513987764 4.5165650203762985e-09
177.61111949916037 4.399361882171788e-09
177.71547385844306 4.683425995397985e-09
177.81982821772576 4.046415934943508e-09
177.92418257700845 3.904820556058177e-09
178.02853693629115 4.091364045191784e-09
178.13289129557387 3.4761047027649396e-09
178.23724565485657 3.2776335502109487e-09
178.34160001413926 3.559072102308278e-09
178.44595437342196 3.1614145507064585e-09
178.5503087327047 2.646258133647426e-09
178.6546630919874 2.7750795432310993e-09
178.7590174512701 2.807123657080841e-09
178.8633718105528 2.2332467765168843e-09
178.9677261698355 2.1528735693501684e-09
179.0720805291182 2.373464498689588e-09
179.1764348884009 1.800396208588474e-09
179.2807892476836 1.6580180436379957e-09
179.3851436069663 1.925248451573303e-09
179.48949796624902 1.3562513618610284e-09
179.5938523255317 1.2342138786360732e-09
179.6982066848144 1.5180888919987048e-09
179.8025610440971 1.0210668133345223e-09
179.90691540337983 8.745064613058517e-10
180.01126976266252 1.1021291894867248e-09
180.11562412194522 8.000636049689803e-10
180.2199784812279 6.13769606081425e-10
180.32433284051064 6.330293069976846e-10
180.42868719979333 5.539373708097101e-10
180.53304155907603 4.771515328306508e-10
180.63739591835872 3.4019820983898207e-10
180.74175027764144 3.1008608785872864e-10
180.84610463692417 2.9775027413280837e-10
180.95045899620686 1.836449053766641e-10
181.05481335548956 1.6813817289497345e-10
181.15916771477225 1.4124917466912202e-10
181.26352207405498 8.557056349258584e-11
181.36787643333767 1.0657065931736891e-10
181.47223079262037 7.894406848634194e-11
181.57658515190306 5.0181459938567723e-11
181.68093951118578 1.0710079711729999e-10
181.78529387046848 7.572573844072182e-11
181.88964822975117 6.265082114504642e-11
181.99400258903387 1.9744745059070218e-10
182.0983569483166 1.6852590139574535e-10
182.2027113075993 1.17464436959031e-10
182.30706566688198 3.173168640595139e-10
182.41142002616468 3.3851093978502367e-10
182.51577438544737 2.6602457075334794e-10
182.6201287447301 4.732361208609274e-10
182.7244831040128 5.19725386204788e-10
182.82883746329549 4.694970736099099e-10
182.93319182257818 7.613869408025695e-10
183.03754618186093 8.506775369841308e-10
183.14190054114363 6.916243368292003e-10
183.24625490042632 9.615202982147162e-10
183.35060925970902 1.2530368461240619e-09
183.4549636189917 1.0974182486973915e-09
183.55931797827444 1.189550764787483e-09
183.66367233755713 1.5698818750934126e-09
183.76802669683983 1.5829593982692547e-09
183.87238105612252 1.6082623532530783e-09
183.97673541540524 1.8981696363494273e-09
184.08108977468794 2.0066161308104395e-09
184.18544413397063 2.045930060349367e-09
184.28979849325333 2.272838805769178e-09
184.39415285253605 2.497921637185571e-09
184.49850721181875 2.5237439816102727e-09
184.60286157110144 2.6781369635736735e-09
184.70721593038414 3.142864709554236e-09
184.81157028966686 3.0672114088291156e-09
184.91592464894956 2.8793252305382037e-09
185.02027900823225 3.6842858331857882e-09
185.12463336751495 3.8552346053253135e-09
185.22898772679767 3.1921799920993275e-09
185.3333420860804 3.936676784871475e-09
185.4376964453631 4.589907427888059e-09
185.54205080464578 3.9654854107857944e-09
185.64640516392848 4.313748258402068e-09
185.7507595232112 4.842434512806232e-09
185.8551138824939 4.51544377611173e-09
185.9594682417766 4.938520758637959e-09
186.0638226010593 5.3471668413634065e-09
186.168176960342 4.9415358949150865e-09
186.2725313196247 5.299200204198217e-09
186.3768856789074 6.042792147002072e-09
186.4812400381901 5.735685011662645e-09
186.58559439747282 5.432479594002623e-09
186.6899487567555 6.201560985090277e-09
186.7943031160382 6.542771420363253e-09
186.8986574753209 5.94042698146396e-09
187.0030118346036 6.294588583966057e-09
187.10736619388632 7.071472096457631e-09
187.21172055316902 6.700356470419375e-09
187.3160749124517 6.668233489770677e-09
187.4204292717344 7.142592682780236e-09
187.52478363101713 6.947512127959428e-09
187.62913799029985 7.1838985845054264e-09
187.73349234958255 7.583911375255857e-09
187.83784670886524 7.198984736581134e-09
187.94220106814797 7.356366731381544e-09
188.04655542743066 7.924274613922825e-09
188.15090978671336 7.85250322626571e-09
188.25526414599605 7.634199178391817e-09
188.35961850527875 7.583060475738062e-09
188.46397286456147 8.028755808630525e-09
188.56832722384416 8.282324229626145e-09
188.67268158312686 7.67959388281896e-09
188.77703594240955 7.976077423567242e-09
188.88139030169228 8.55750317518263e-09
188.98574466097497 7.955251955603673e-09
189.09009902025767 8.067658160387402e-09
189.19445337954036 8.402091188654325e-09
189.2988077388231 7.852840965817985e-09
189.40316209810578 8.271001026956568e-09
189.50751645738848 8.56422376810382e-09
189.61187081667117 7.730065603615239e-09
189.7162251759539 8.142512373226771e-09
189.8205795352366 8.793481274684295e-09
189.9249338945193 7.936485418038882e-09
190.029288253802 7.620235858322378e-09
190.1336426130847 8.215480252066785e-09
190.23799697236743 8.166355330855044e-09
190.34235133165012 7.803328400239036e-09
190.44670569093282 7.812645388165037e-09
190.5510600502155 7.890583453191683e-09
190.65541440949823 7.83537378684376e-09
190.75976876878093 7.710861629105426e-09
190.86412312806362 7.411127770188304e-09
190.96847748734632 7.220608787489501e-09
191.07283184662904 7.485180802090431e-09
191.17718620591174 7.48239354586909e-09
191.28154056519443 6.978899664802911e-09
191.38589492447713 6.9601814645422544e-09
191.49024928375985 7.196135645836697e-09
191.59460364304255 6.8322545690194396e-09
191.69895800232524 6.421092463389804e-09
191.80331236160794 6.413959158322986e-09
191.90766672089063 6.456271478684412e-09
192.01202108017335 6.411285721700241e-09
192.11637543945605 6.132837948535529e-09
192.22072979873877 5.832987289907665e-09
192.32508415802147 5.914580451659037e-09
192.4294385173042 5.781470050030381e-09
192.5337928765869 5.31503659880971e-09
192.63814723586958 5.2534353244872756e-09
192.74250159515228 5.229375471350451e-09
192.84685595443497 5.041233839018743e-09
192.9512103137177 5.031641881823477e-09
193.0555646730004 4.660359386750904e-09
193.15991903228309 4.392204676693547e-09
193.26427339156578 4.568852254077313e-09
193.3686277508485 4.153680850745915e-09
193.4729821101312 3.7868137911738816e-09
193.5773364694139 3.991324194716965e-09
193.6816908286966 3.778213144997066e-09
193.7860451879793 3.543631438487866e-09
193.890399547262 3.4644880256733603e-09
193.9947539065447 3.081741396284542e-09
194.0991082658274 3.0840822589446686e-09
194.20346262511012 3.0358626841741236e-09
194.30781698439282 2.5089005358819465e-09
194.41217134367554 2.5292414315773795e-09
194.51652570295823 2.6558713788643726e-09
194.62088006224093 2.2800115924753356e-09
194.72523442152365 2.1013714797516586e-09
194.82958878080635 2.003162811298176e-09
194.93394314008904 1.8194909934027606e-09
195.03829749937174 1.7524923473007863e-09
195.14265185865446 1.5699178961778437e-09
195.24700621793716 1.37953002654851e-09
195.35136057721985 1.3847219288272933e-09
195.45571493650255 1.3474931733833322e-09
195.56006929578527 1.121461432004198e-09
195.66442365506796 8.94298527757504e-10
195.76877801435066 9.08177484263858e-10
195.87313237363335 8.874311041275675e-10
195.97748673291608 6.290950337361981e-10
196.08184109219877 5.80119612569529e-10
196.18619545148147 6.559623856141989e-10
196.29054981076416 4.738782813271891e-10
196.39490417004686 3.6829643018290197e-10
196.49925852932958 3.6718809386528904e-10
196.60361288861228 2.4480906683413283e-10
196.707967247895 2.1268483915307431e-10
196.8123216071777 2.3890474846370695e-10
196.91667596646042 1.273370770022315e-10
197.0210303257431 1.033212840037522e-10
197.1253846850258 1.549945930795878e-10
197.2297390443085 6.186176829431951e-11
197.3340934035912 2.7392982089529035e-11
197.43844776287392 1.0141505916534685e-10
197.54280212215662 7.308746993581314e-11
197.6471564814393 3.879038556734403e-11
197.751510840722 1.1754572861035288e-10
197.85586520000473 1.1563273732863788e-10
197.96021955928742 8.599261662572437e-11
198.06457391857012 1.8920551821556675e-10
198.1689282778528 2.0878860056538356e-10
198.27328263713554 2.139723398547422e-10
198.37763699641823 3.8911733847022886e-10
198.48199135570093 3.750992482217662e-10
198.58634571498362 3.217015745837579e-10
198.69070007426635 5.491234216342651e-10
198.79505443354904 6.329292346123712e-10
198.89940879283174 5.392602035609213e-10
199.00376315211446 7.24406200827474e-10
199.10811751139715 9.688991970334482e-10
199.21247187067988 9.461685347078814e-10
199.31682622996257 9.253154831472155e-10
199.42118058924527 1.1388907209799134e-09
199.52553494852796 1.2943399501645058e-09
199.62988930781069 1.290407404553288e-09
199.73424366709338 1.4616637819952481e-09
199.83859802637608 1.6384442634695954e-09
199.94295238565877 1.6841153781435228e-09
