0.0 0.0
0.10435435928270291 3.6044059352265665e-07
0.20870871856540582 7.837301932651275e-07
0.3130630778481087 6.815734666529868e-07
0.41741743713081164 1.393536449021167e-06
0.5217717964135146 3.3125898405597907e-07
0.6261261556962174 0.00033207440385553497
0.7304805149789203 0.003325220531383654
0.8348348742616233 0.008217164184173235
0.9391892335443263 0.006246554577138462
1.0435435928270291 0.0010229176229885548
1.1478979521097321 4.768694951693063e-06
1.2522523113924349 1.80193770037851e-05
1.3566066706751378 3.935906151900099e-06
1.4609610299578406 4.3836839249012504e-07
1.5653153892405436 2.984206494088381e-07
1.6696697485232466 1.3848383533014785e-06
1.7740241078059495 4.866833562763478e-07
1.8783784670886525 3.401574639841612e-07
1.9827328263713553 8.926305934382516e-08
2.0870871856540583 1.7950677649687342e-07
2.1914415449367612 4.64343942574845e-08
2.2957959042194642 1.8146518520933464e-06
2.400150263502167 4.733934788822885e-06
2.5045046227848697 4.000695538269496e-06
2.6088589820675727 4.129210075549524e-06
2.7132133413502757 2.7564378004962528e-06
2.8175677006329787 4.0074791845441073e-07
2.921922059915681 6.69189120024584e-08
3.026276419198384 6.858855895288626e-08
3.130630778481087 5.15642152674492e-08
3.23498513776379 7.276022386806537e-08
3.339339497046493 3.3483977443427065e-09
3.4436938563291957 1.272895745846978e-08
3.548048215611899 1.5750605104696835e-08
3.6524025748946016 5.4068182603693606e-08
3.756756934177305 3.565336340503216e-08
3.8611112934600076 7.728724975047266e-09
3.9654656527427106 5.3719923889798085e-08
4.0698200120254135 2.0208787190855645e-08
4.1741743713081165 1.7106052471960546e-08
4.2785287305908195 1.0712101834362447e-08
4.3828830898735225 7.098423877406556e-09
4.4872374491562255 1.1823309274460154e-08
4.5915918084389284 6.758242004251815e-09
4.6959461677216305 2.555804945782118e-08
4.800300527004334 2.30200819968368e-09
4.9046548862870365 9.996754004748721e-09
5.0090092455697395 1.7024229868167026e-08
5.1133636048524425 6.077817224842566e-09
5.217717964135145 6.127111145616451e-10
5.322072323417848 3.3115846132943443e-09
5.426426682700551 1.2843016258474808e-08
5.530781041983254 4.089717935331609e-09
5.635135401265957 3.9975964505143434e-09
5.73948976054866 1.832195260571203e-09
5.843844119831362 5.686523342178246e-10
5.948198479114066 1.5080578554044756e-08
6.052552838396768 1.67082744256335e-09
6.156907197679472 6.365609093517359e-10
6.261261556962174 1.1752489182362483e-08
6.365615916244878 2.512332067043792e-09
6.46997027552758 5.099442166267113e-09
6.574324634810284 1.8245200571846278e-09
6.678678994092986 2.2787939112482606e-09
6.783033353375689 1.1688691910943112e-08
6.887387712658391 2.2555288871979805e-09
6.991742071941095 4.312525070254917e-09
7.096096431223798 5.5564661812778264e-09
7.200450790506501 5.027854025386688e-09
7.304805149789203 1.3175549895762472e-08
7.409159509071906 6.293091852378492e-10
7.51351386835461 3.3421237633525215e-09
7.617868227637313 4.81052994640817e-09
7.722222586920015 6.172818488223737e-09
7.826576946202718 1.8366400207717658e-09
7.930931305485421 4.531245079563342e-09
8.035285664768125 3.0169472180761736e-09
8.139640024050827 1.5645084394524686e-10
8.24399438333353 6.128097636756313e-09
8.348348742616233 2.2589529212935795e-09
8.452703101898935 2.0158187855015755e-09
8.557057461181639 5.393679960254318e-09
8.661411820464341 1.8074441480454758e-09
8.765766179747045 4.752181591457212e-10
8.870120539029747 1.4118691896848872e-08
8.974474898312451 7.3985588376663894e-09
9.078829257595153 1.2595230134956175e-08
9.183183616877857 4.634600704596496e-09
9.287537976160559 1.5973046361072174e-08
9.391892335443261 2.4822906526613376e-08
9.496246694725965 3.997766996398966e-08
9.600601054008669 3.506014518562998e-08
9.704955413291371 5.617495160717933e-08
9.809309772574073 6.248083374936178e-08
9.913664131856777 1.0471314340311816e-07
10.018018491139479 7.91779494333782e-08
10.122372850422183 1.2607149456273643e-07
10.226727209704885 1.5037103980522798e-07
10.331081568987589 2.0783399424315125e-07
10.43543592827029 2.745805723538587e-07
10.539790287552993 2.1604982492835298e-07
10.644144646835697 3.7960780041256885e-07
10.7484990061184 3.3587050978885284e-07
10.852853365401103 6.540695286670818e-07
10.957207724683805 5.050072469583017e-07
11.061562083966509 6.40667371775766e-07
11.165916443249213 6.383731651785573e-07
11.270270802531915 7.46712164850225e-07
11.374625161814617 1.0760630322200555e-06
11.47897952109732 9.527063088296499e-07
11.583333880380025 1.4155651379575838e-06
11.687688239662725 1.0962640313776683e-06
11.792042598945429 1.4638852053785275e-06
11.896396958228133 1.1877444452654576e-06
12.000751317510835 1.3684760049941862e-06
12.105105676793537 1.5514959172817672e-06
12.20946003607624 1.3244662886238737e-06
12.313814395358945 1.4644173878039954e-06
12.418168754641647 8.179136281846456e-07
12.522523113924349 1.01837079022939e-06
12.626877473207053 1.0118278108370022e-06
12.731231832489756 1.3373949636278644e-06
12.835586191772459 2.2474221613131876e-06
12.93994055105516 2.970197079710353e-06
13.044294910337864 5.720226467337134e-06
13.148649269620568 7.1672739599983665e-06
13.253003628903269 1.0552976173802472e-05
13.357357988185973 1.4380753921917346e-05
13.461712347468676 1.9958924256459623e-05
13.566066706751378 3.070723306374645e-05
13.67042106603408 3.820774869951302e-05
13.774775425316783 5.193273495833697e-05
13.879129784599488 5.548856991777924e-05
13.98348414388219 6.583131071637842e-05
14.087838503164894 7.486217800693104e-05
14.192192862447596 8.845813149547915e-05
14.296547221730298 0.00010760746262840695
14.400901581013002 0.00011138637492722054
14.505255940295704 0.0001262974900789516
14.609610299578407 0.00011920132925775211
14.71396465886111 0.00012516461132723515
14.818319018143812 0.00011669788586291103
14.922673377426518 0.00011056780278606587
15.02702773670922 0.00010501846334272965
15.131382095991922 7.696468289207438e-05
15.235736455274626 5.523003819799754e-05
15.340090814557328 2.2664997675462303e-05
15.44444517384003 9.98592694757646e-06
15.548799533122734 1.7550354808446146e-05
15.653153892405436 4.054844527162747e-05
15.757508251688138 0.00011357640395738067
15.861862610970842 0.00023693371017818423
15.966216970253544 0.00039111951705512435
16.07057132953625 0.0006293546303424079
16.174925688818952 0.0008893053907440776
16.279280048101654 0.0013265627221682856
16.38363440738436 0.0017942799190166694
16.48798876666706 0.002490414815471189
16.59234312594976 0.00339310544713015
16.696697485232466 0.004511653973270474
16.801051844515168 0.005800677815671888
16.90540620379787 0.006815150225111623
17.009760563080576 0.008113621069695773
17.114114922363278 0.009536060485819411
17.21846928164598 0.011747336812803212
17.322823640928682 0.013532253147822056
17.427178000211384 0.014684767038899281
17.53153235949409 0.015931414950291708
17.635886718776792 0.017757237904473623
17.740241078059494 0.02027254294636037
17.8445954373422 0.02173262397255924
17.948949796624902 0.02425067901477512
18.053304155907604 0.026490011540227253
18.157658515190306 0.02879174682741841
18.262012874473008 0.030817305581594567
18.366367233755714 0.032951408010802846
18.470721593038416 0.03514535516691701
18.575075952321118 0.037049057420478704
18.679430311603824 0.04049212091363428
18.783784670886522 0.04036250517380541
18.888139030169224 0.041124572790850016
18.99249338945193 0.04257351974414302
19.096847748734632 0.04536896181434013
19.201202108017338 0.04799504288604784
19.30555646730004 0.048838545819576834
19.409910826582742 0.051449006118088114
19.514265185865444 0.05440108040536613
19.618619545148146 0.05915610417167432
19.722973904430848 0.0594445156378624
19.827328263713554 0.06754041537256396
19.931682622996256 0.07016810069905682
20.036036982278958 0.07091100817328104
20.140391341561664 0.0821320255334631
20.244745700844366 0.07608757417524797
20.349100060127068 0.08679484291000951
20.45345441940977 0.09793487486376494
20.557808778692472 0.08959239711152785
20.662163137975178 0.10207370372590878
20.76651749725788 0.10861038694749724
20.87087185654058 0.11063892955083492
20.975226215823287 0.11838286040162863
21.079580575105986 0.12575671265764363
21.18393493438869 0.1339284374967669
21.288289293671394 0.1320113037864298
21.392643652954096 0.1458393084815816
21.4969980122368 0.1489394552990839
21.601352371519503 0.14861990661409857
21.705706730802206 0.16239080552223636
21.810061090084908 0.1510669789649092
21.91441544936761 0.15262865859943145
22.018769808650312 0.1491020404322331
22.123124167933018 0.14163438933012665
22.22747852721572 0.14059679811289524
22.331832886498425 0.11532753959544657
22.436187245781127 0.101858964390335
22.54054160506383 0.09097027989560402
22.64489596434653 0.0789235608371644
22.749250323629234 0.061969210481154946
22.853604682911936 0.04649928292408935
22.95795904219464 0.0411020151394414
23.062313401477343 0.026991534409491726
23.16666776076005 0.018251988310565254
23.27102212004275 0.014130564213104648
23.37537647932545 0.009646863522916679
23.479730838608155 0.003208626157685638
23.584085197890857 0.0028991021263554827
23.68843955717356 0.0009958597235673835
23.792793916456265 0.001785640707558159
23.897148275738967 0.0047552227432734444
24.00150263502167 0.003247833489462155
24.10585699430437 0.009429555785326917
24.210211353587074 0.010061643744096575
24.31456571286978 0.014921510628618328
24.41892007215248 0.018983063150668923
24.523274431435183 0.01928874053709935
24.62762879071789 0.02255866980846886
24.73198315000059 0.023188823244186436
24.836337509283293 0.02431426831961095
24.940691868565995 0.02519777281887856
25.045046227848697 0.027323758065545652
25.1494005871314 0.02747133501902425
25.253754946414105 0.02933915077111565
25.358109305696807 0.027995375372098393
25.462463664979513 0.026196375921261148
25.566818024262215 0.025985544005050685
25.671172383544917 0.02563038239963015
25.77552674282762 0.027583359568952272
25.87988110211032 0.023870081315079766
25.984235461393023 0.019947178089295803
26.08858982067573 0.018701846526594706
26.19294417995843 0.018258175903241275
26.297298539241137 0.01584371970122333
26.401652898523835 0.013930236983028461
26.506007257806537 0.013775282204828853
26.610361617089243 0.011643758159569901
26.714715976371945 0.009812318234906641
26.819070335654647 0.008156821939754868
26.923424694937353 0.007417612427880706
27.027779054220055 0.006436641350508932
27.132133413502757 0.005736507724428717
27.23648777278546 0.005026965226049136
27.34084213206816 0.003307942780395221
27.445196491350863 0.002208496116896293
27.549550850633565 0.0017007206250272964
27.653905209916275 0.0016863807709958075
27.758259569198977 0.001322217898277513
27.86261392848168 0.0008232193254474601
27.96696828776438 0.0006907111336697214
28.07132264704708 0.0006715013237100522
28.17567700632979 0.0007955397814758587
28.28003136561249 0.0007240222136987159
28.384385724895193 0.0006636354876480011
28.488740084177895 0.001100757675361649
28.593094443460597 0.0015996910682062695
28.6974488027433 0.0018996322556373657
28.801803162026005 0.001721072727823545
28.906157521308707 0.0018044543644235211
29.01051188059141 0.0021686952389998763
29.11486623987411 0.0023507859933056927
29.219220599156813 0.0026056342798235843
29.323574958439522 0.0025060231070139385
29.42792931772222 0.0023264658705525066
29.532283677004923 0.002033920584272837
29.636638036287625 0.002007313951600968
29.740992395570327 0.0021110960060687005
29.845346754853036 0.001882171800356319
29.94970111413574 0.0017049127626833905
30.05405547341844 0.0015870498160303005
30.158409832701143 0.0017535271000861643
30.262764191983845 0.0017035958684942798
30.367118551266543 0.0013132372116333674
30.471472910549252 0.0011734665176651074
30.575827269831954 0.0015001313960655697
30.680181629114657 0.002066452221027821
30.78453598839736 0.0019513188272160052
30.88889034768006 0.0014403299756584617
30.993244706962766 0.0012749341213152974
31.09759906624547 0.0014148529309170002
31.20195342552817 0.0015568331466670623
31.306307784810873 0.0014573509455760947
31.410662144093575 0.0015670989886813016
31.515016503376277 0.001634185581276634
31.619370862658986 0.0014196933904216476
31.723725221941685 0.0011785452534725561
31.828079581224387 0.0010671844630821762
31.93243394050709 0.0012146767162677498
32.03678829978979 0.0013091111469759776
32.1411426590725 0.001408907878224549
32.2454970183552 0.00137022211933464
32.349851377637904 0.0011278752648136118
32.454205736920606 0.0009027159047903991
32.55856009620331 0.0007881490138209554
32.66291445548601 0.0008986079899337026
32.76726881476872 0.0009121415886600511
32.87162317405142 0.00077595489359502
32.97597753333412 0.0006610072304231049
33.08033189261682 0.0006637651475059525
33.18468625189952 0.0007007355727470007
33.28904061118223 0.0005119577711667463
33.39339497046493 0.0003549608491372633
33.497749329747634 0.0004975734551404191
33.602103689030336 0.0008056472843019872
33.70645804831304 0.0008580189173858704
33.81081240759574 0.0005497904049575233
33.91516676687845 0.0003937722314994096
34.01952112616115 0.000567203152575195
34.123875485443854 0.000798922230718948
34.228229844726556 0.0007622740554364074
34.33258420400926 0.0005632316736242936
34.43693856329196 0.0005063666960586912
34.54129292257466 0.0005146334316057847
34.645647281857364 0.0004834920385939249
34.75000164114007 0.0004056205661130788
34.85435600042277 0.00040729802291422174
34.95871035970548 0.0004664751532998993
35.06306471898818 0.00042845650277312984
35.16741907827088 0.0003297574414479971
35.271773437553584 0.00024987983402665384
35.376127796836286 0.00026945086976968294
35.48048215611899 0.00034076515852928414
35.5848365154017 0.0004115267844934509
35.6891908746844 0.00047631969133797987
35.7935452339671 0.0004575711388077652
35.897899593249804 0.0003716197485109948
36.002253952532506 0.0002931044345026235
36.10660831181521 0.000318382845040681
36.21096267109791 0.000396838161990747
36.31531703038061 0.0003844184890945603
36.419671389663314 0.0003375714627294998
36.524025748946016 0.00036522065142306396
36.62838010822872 0.0004344489043066062
36.73273446751143 0.0003620525690741549
36.83708882679413 0.00017464865817764903
36.94144318607683 0.00014982919726042415
37.045797545359534 0.000352197858898347
37.150151904642236 0.0005188697248874143
37.254506263924945 0.00041690210846319933
37.35886062320765 0.00021346864092879495
37.46321498249035 0.00018020624262314806
37.567569341773044 0.0002862408155709813
37.671923701055746 0.0003177564282738985
37.77627806033845 0.00022948076683419562
37.88063241962116 0.000200733990860683
37.98498677890386 0.0002762249833405671
38.08934113818656 0.0002928818257750335
38.193695497469264 0.00017090124717689074
38.298049856751966 7.864933789215313e-05
38.402404216034675 0.00017773167618124978
38.50675857531738 0.0003254095770763385
38.61111293460008 0.000293248633527563
38.71546729388278 0.00012114783480281689
38.819821653165484 6.469281388947946e-05
38.924176012448186 0.00019374275777765535
39.02853037173089 0.00029931899553818837
39.13288473101359 0.0002475655044462356
39.23723909029629 0.00015334916244842648
39.341593449578994 0.0001624522959649918
39.445947808861696 0.0002097755669666941
39.550302168144405 0.00016902155252786137
39.65465652742711 7.840218905486165e-05
39.75901088670981 6.932114024618733e-05
39.86336524599251 0.0001560739094179863
39.967719605275214 0.00020516168538438554
40.072073964557916 0.00014993735379382564
40.176428323840625 6.901692089673843e-05
40.28078268312333 5.851944502538183e-05
40.38513704240603 9.71810294963974e-05
40.48949140168873 0.00010093092548534955
40.59384576097143 8.0753723728199e-05
40.698200120254135 0.0001055675839008744
40.80255447953684 0.00018061099906454983
40.90690883881954 0.00021084407616268943
41.01126319810224 0.00014509109320854182
41.115617557384944 7.124303252715112e-05
41.21997191666765 7.47045148500195e-05
41.324326275950355 0.00013809959963551304
41.42868063523306 0.00016457164299673555
41.53303499451576 0.00012367376114497095
41.63738935379846 7.33601641713771e-05
41.74174371308116 5.2250621074972426e-05
41.84609807236387 6.128842350332417e-05
41.950452431646575 7.327508292435363e-05
42.05480679092928 8.76807075942512e-05
42.15916115021197 0.00010109391955406317
42.263515509494674 8.976723155998189e-05
42.36786986877738 5.721005894832382e-05
42.472224228060085 3.1962303152300595e-05
42.57657858734279 5.9650607649207684e-05
42.68093294662549 0.00012666066159813263
42.78528730590819 0.00017212796090328275
42.889641665190894 0.00015712737772454846
42.9939960244736 8.903419673787415e-05
43.098350383756305 3.23209306549148e-05
43.20270474303901 2.194546279781273e-05
43.30705910232171 4.9962736376102815e-05
43.41141346160441 8.424402793150562e-05
43.51576782088712 9.227973881274903e-05
43.620122180169815 7.506959881030002e-05
43.72447653945252 3.944106154358368e-05
43.82883089873522 1.5495229561610938e-05
43.93318525801792 2.354512803382955e-05
44.037539617300624 5.524462032886494e-05
44.14189397658333 8.527307772746816e-05
44.246248335866035 8.043150016214223e-05
44.35060269514874 5.162533188321381e-05
44.45495705443144 2.6508728744601554e-05
44.55931141371414 2.915594842601447e-05
44.66366577299685 5.920728808033798e-05
44.76802013227955 8.128609505457232e-05
44.872374491562255 7.998988038567626e-05
44.97672885084496 5.2983117610880064e-05
45.08108321012766 2.1292571550223594e-05
45.18543756941036 1.0356592256721688e-05
45.28979192869306 2.17837600179139e-05
45.394146287975765 4.962890029672529e-05
45.49850064725847 6.765613363952957e-05
45.60285500654117 6.456567513674736e-05
45.70720936582387 4.218485894471614e-05
45.81156372510658 1.7150339401747782e-05
45.91591808438928 1.6218366206158964e-05
46.020272443671985 3.532239128904757e-05
46.12462680295469 5.945807899513043e-05
46.22898116223739 6.519826368354528e-05
46.3333355215201 4.991033924923151e-05
46.4376898808028 3.2388000917245435e-05
46.5420442400855 2.1149493856028307e-05
46.646398599368204 2.3315729783079734e-05
46.7507529586509 2.7840388451920842e-05
46.8551073179336 2.7037041609545147e-05
46.95946167721631 2.1842242267002868e-05
47.06381603649901 1.307037411751344e-05
47.168170395781715 1.174215798739689e-05
47.27252475506442 1.8013133828803354e-05
47.37687911434712 3.103491334213423e-05
47.48123347362983 4.079665353698582e-05
47.58558783291253 3.8354602285524485e-05
47.68994219219523 2.9771313798054575e-05
47.794296551477935 1.7868633570207314e-05
47.89865091076064 1.3371413208373921e-05
48.00300527004334 1.6958049290981892e-05
48.10735962932605 2.379668501298068e-05
48.21171398860874 3.086807696290005e-05
48.316068347891445 2.9629345032989098e-05
48.42042270717415 2.343205615285473e-05
48.52477706645685 1.4578475961824901e-05
48.62913142573956 7.712449609132199e-06
48.73348578502226 7.920528013146742e-06
48.83784014430496 1.0098538420673777e-05
48.942194503587665 1.2732706058010152e-05
49.04654886287037 1.3148663727420994e-05
49.15090322215307 1.541235489417596e-05
49.25525758143578 2.130460831137603e-05
49.35961194071848 2.5620293208080024e-05
49.46396630000118 2.7781454019960215e-05
49.568320659283884 2.4268851353166566e-05
49.672675018566586 2.003063248579581e-05
49.77702937784929 1.6764775267133755e-05
49.88138373713199 1.2246614929175532e-05
49.98573809641469 1.0117976142331201e-05
50.090092455697395 1.0484991578654348e-05
50.1944468149801 1.4789840433094554e-05
50.2988011742628 1.7663716188413913e-05
50.40315553354551 1.4581898118136039e-05
50.50750989282821 8.878126027139097e-06
50.61186425211091 4.090057357558018e-06
50.716218611393614 4.854313014627373e-06
50.82057297067632 8.234378855247063e-06
50.924927329959026 1.1159398661923952e-05
51.02928168924173 1.3771117848850173e-05
51.13363604852443 1.6383162668785664e-05
51.23799040780713 2.0327055727894217e-05
51.342344767089834 2.0727991489697164e-05
51.446699126372536 1.716773012631955e-05
51.55105348565524 1.2524429859787042e-05
51.65540784493794 8.482144219040276e-06
51.75976220422064 6.948846606560507e-06
51.864116563503345 5.252147707561385e-06
51.96847092278605 3.965273580108823e-06
52.072825282068756 4.6838255116850555e-06
52.17717964135146 7.169898115307842e-06
52.28153400063416 9.858238192645149e-06
52.38588835991686 9.172239394292932e-06
52.490242719199564 6.54256825904563e-06
52.59459707848227 4.598903179960546e-06
52.698951437764975 4.906193880907964e-06
52.80330579704767 7.222689036800879e-06
52.90766015633037 9.058688454061516e-06
53.012014515613075 1.1132215670226542e-05
53.11636887489578 1.3538416709567063e-05
53.220723234178486 1.5576064623515477e-05
53.32507759346119 1.5513539151485998e-05
53.42943195274389 1.1909674752946658e-05
53.53378631202659 7.335447199535198e-06
53.638140671309294 3.789305267069345e-06
53.742495030592 2.216366931284919e-06
53.846849389874706 2.0466188713909828e-06
53.95120374915741 2.7140543589504745e-06
54.05555810844011 4.542466304409717e-06
54.15991246772281 6.780075560732561e-06
54.264266827005514 8.581281850551097e-06
54.368621186288216 8.5517256804817e-06
54.47297554557092 7.108673352062484e-06
54.57732990485362 5.709974147045266e-06
54.68168426413632 4.827661917059503e-06
54.786038623419024 4.739582678457522e-06
54.89039298270173 4.811651029203605e-06
54.99474734198443 5.409068960825841e-06
55.09910170126713 6.627634939015919e-06
55.20345606054985 7.70298105838604e-06
55.30781041983255 7.876871214040457e-06
55.41216477911525 6.2067483961192716e-06
55.51651913839795 3.720401613936365e-06
55.620873497680655 1.5892742916737486e-06
55.72522785696336 5.619879641049199e-07
55.82958221624606 9.070878019916775e-07
55.93393657552876 2.2224841783435357e-06
56.03829093481146 4.4149711645305764e-06
56.14264529409416 6.621127123164659e-06
56.24699965337686 8.461190688763615e-06
56.35135401265958 9.167955476597167e-06
56.45570837194228 8.326063057393848e-06
56.56006273122498 6.918195025640318e-06
56.66441709050768 4.944349679864945e-06
56.768771449790385 3.228784176787495e-06
56.87312580907309 2.150054123013916e-06
56.97748016835579 1.8217987910342979e-06
57.08183452763849 2.59918375407103e-06
57.186188886921194 3.4353126055064883e-06
57.290543246203896 4.0691666317673734e-06
57.3948976054866 3.704180889793234e-06
57.49925196476931 2.532583076347317e-06
57.60360632405201 1.5335581746594024e-06
57.70796068333471 8.000404428932226e-07
57.81231504261741 1.0060858493209145e-06
57.916669401900116 1.7743659068466146e-06
58.02102376118282 3.1607918339060904e-06
58.12537812046552 4.850977767446741e-06
58.22973247974822 6.031363432822666e-06
58.334086839030924 7.088055232644018e-06
58.438441198313626 6.9432533713119415e-06
58.54279555759633 5.7990533642976e-06
58.647149916879044 4.377130514430542e-06
58.75150427616175 2.3086480306381806e-06
58.85585863544444 8.172865938515313e-07
58.960212994727144 1.489249854024455e-07
59.064567354009846 4.6646940753069133e-07
59.16892171329255 1.5122013721364924e-06
59.27327607257525 2.5941227262761932e-06
59.37763043185795 3.62901590453397e-06
59.481984791140654 3.66536121188631e-06
59.586339150423356 3.308049501223687e-06
59.69069350970607 2.704572121200955e-06
59.795047868988775 1.7872962328245458e-06
59.89940222827148 1.463056331850397e-06
60.00375658755418 1.3162649072756085e-06
60.10811094683688 1.8690043090964073e-06
60.21246530611958 2.7715366276930797e-06
60.316819665402285 3.464463884888521e-06
60.42117402468499 4.194924070631954e-06
60.52552838396769 3.801976580142503e-06
60.629882743250384 2.885715685237366e-06
60.734237102533086 1.7721940818847915e-06
60.8385914618158 5.151560046494989e-07
60.942945821098505 2.3232825284761486e-08
61.04730018038121 2.0708081721680787e-07
61.15165453966391 1.1585158887183822e-06
61.25600889894661 2.1725000142616318e-06
61.36036325822931 3.262256196047754e-06
61.464717617512015 4.258931332742693e-06
61.56907197679472 4.288208356863917e-06
61.67342633607742 4.240247099140905e-06
61.77778069536012 3.6965367988388578e-06
61.88213505464282 2.490398194702543e-06
61.98648941392553 1.6102746184211864e-06
62.090843773208235 6.884526095348754e-07
62.19519813249094 2.755974822986599e-07
62.29955249177364 3.9216364534758307e-07
62.40390685105634 8.072049080722939e-07
62.50826121033904 1.4339029534299086e-06
62.612615569621745 1.5285659705082819e-06
62.71696992890445 1.495694571884149e-06
62.82132428818715 1.0678787526372148e-06
62.92567864746985 4.840755170825969e-07
63.030033006752554 2.593681157698087e-07
63.13438736603527 2.418187849652001e-07
63.23874172531797 7.983411160598262e-07
63.343096084600674 1.4806968407585945e-06
63.44745044388337 2.4366951853657557e-06
63.55180480316607 3.4275375207684795e-06
63.65615916244877 3.729283630868743e-06
63.760513521731475 3.924653737415497e-06
63.86486788101418 3.41640087936248e-06
63.96922224029688 2.2797663249953124e-06
64.07357659957958 1.3659336491164538e-06
64.17793095886229 4.986850717272868e-07
64.282285318145 9.286389132223633e-08
64.3866396774277 2.3589340466638633e-07
64.4909940367104 8.30467374161488e-07
64.5953483959931 1.456028921260754e-06
64.69970275527581 1.8662732213037754e-06
64.8040571145585 2.2886692429467993e-06
64.90841147384121 2.173933910262624e-06
65.01276583312391 1.84462046810017e-06
65.11712019240662 1.5366089256400673e-06
65.22147455168931 9.207552964604056e-07
65.32582891097202 5.47659859954111e-07
65.43018327025473 3.3143481021536244e-07
65.53453762953744 3.468660333949403e-07
65.63889198882013 6.959715399628228e-07
65.74324634810284 9.900312557119496e-07
65.84760070738554 1.3688300427887404e-06
65.95195506666823 1.3671137322746e-06
66.05630942595094 1.0310197109583994e-06
66.16066378523364 6.703497936410105e-07
66.26501814451635 2.2624789882372316e-07
66.36937250379904 3.8604571532391335e-08
66.47372686308175 1.775227783890919e-07
66.57808122236446 6.785278455652161e-07
66.68243558164717 1.2867849546734244e-06
66.78678994092986 1.943814028327037e-06
66.89114430021257 2.6985476448462695e-06
66.99549865949527 3.024678489255237e-06
67.09985301877798 3.1064879546998376e-06
67.20420737806067 2.9759914744362234e-06
67.30856173734338 2.3054184124432666e-06
67.41291609662608 1.5767529260940613e-06
67.51727045590879 9.061007166723289e-07
67.62162481519148 3.407183873440634e-07
67.72597917447419 1.359795530847113e-07
67.8303335337569 2.482729619104887e-07
67.9346878930396 5.351072786188979e-07
68.0390422523223 7.800145731837657e-07
68.143396611605 1.0086217599120804e-06
68.24775097088771 1.065104510515587e-06
68.3521053301704 8.9441121644059e-07
68.45645968945311 7.142080979370377e-07
68.5608140487358 4.395478745466232e-07
68.66516840801852 2.169445888215659e-07
68.76952276730121 1.5252233308516e-07
68.87387712658392 2.1698877698116318e-07
68.97823148586663 4.953703190727344e-07
69.08258584514932 8.053623517194468e-07
69.18694020443203 1.1205886190440506e-06
69.29129456371473 1.3096615105246065e-06
69.39564892299744 1.2273641843040757e-06
69.50000328228013 1.0416751241010052e-06
69.60435764156284 7.703028222810982e-07
69.70871200084554 5.128138634278861e-07
69.81306636012825 4.283865312594007e-07
69.91742071941096 5.236972408844097e-07
70.02177507869366 7.564316000936771e-07
70.12612943797636 1.1272692888654792e-06
70.23048379725907 1.6037024161869203e-06
70.33483815654176 2.025765619498379e-06
70.43919251582446 2.3709821084462963e-06
70.54354687510717 2.5546334127886065e-06
70.64790123438986 2.4052767722167795e-06
70.75225559367257 2.0600174258325404e-06
70.85660995295527 1.5571845900149485e-06
70.96096431223798 9.724414717137707e-07
71.06531867152069 5.327726559624152e-07
71.1696730308034 2.7355678037864224e-07
71.27402739008609 1.982630663158146e-07
71.3783817493688 2.720661679363657e-07
71.4827361086515 4.2483620303521436e-07
71.5870904679342 5.313795969820749e-07
71.6914448272169 5.495226498667406e-07
71.79579918649961 5.156471053677515e-07
71.9001535457823 3.7611934711152075e-07
72.00450790506501 2.1261014792699789e-07
72.1088622643477 8.848659261316219e-08
72.21321662363042 2.109522144092953e-08
72.31757098291313 8.105621653934067e-08
72.42192534219582 2.2390295480447797e-07
72.52627970147853 4.69827758210162e-07
72.63063406076122 7.196620227800018e-07
72.73498842004393 8.927842875292826e-07
72.83934277932663 1.0539426193591033e-06
72.94369713860934 1.0680113716536052e-06
73.04805149789203 9.772063634346436e-07
73.15240585717474 9.081581160346649e-07
73.25676021645744 7.759714732326165e-07
73.36111457574015 6.538538036506611e-07
73.46546893502286 6.938640277554658e-07
73.56982329430555 8.718832082636799e-07
73.67417765358826 1.1188179116143734e-06
73.77853201287095 1.5314734422422185e-06
73.88288637215366 1.9901332768571675e-06
73.98724073143636 2.1860090682640284e-06
74.09159509071907 2.3096672493135023e-06
74.19594945000176 2.2724023570364466e-06
74.30030380928447 1.9060476158403247e-06
74.40465816856717 1.5841170230246152e-06
74.50901252784989 1.2711306085530501e-06
74.61336688713259 8.863741811430451e-07
74.7177212464153 6.61790813197121e-07
74.82207560569799 5.459044824680632e-07
74.9264299649807 4.1957328490133077e-07
75.0307843242634 3.761643474283e-07
75.13513868354609 4.4185579738879486e-07
75.2394930428288 4.6843967378797427e-07
75.34384740211149 4.4631733041585473e-07
75.4482017613942 4.588449894381767e-07
75.5525561206769 3.539917463873332e-07
75.65691047995962 2.016831508782254e-07
75.76126483924232 1.1945950380474095e-07
75.86561919852502 3.047525307192024e-08
75.96997355780772 3.169224942438565e-08
76.07432791709043 7.671072548153095e-08
76.17868227637312 1.7875780703601294e-07
76.28303663565583 3.508335309238685e-07
76.38739099493853 4.493284005161675e-07
76.49174535422124 6.095484464338649e-07
76.59609971350393 7.574525666350893e-07
76.70045407278664 7.355866414498761e-07
76.80480843206935 7.605878420491045e-07
76.90916279135205 7.819356525147769e-07
77.01351715063475 7.087333923921041e-07
77.11787150991745 7.632708438387274e-07
77.22222586920016 9.713158036591127e-07
77.32658022848285 1.1137145722423685e-06
77.43093458776556 1.284740069944109e-06
77.53528894704826 1.5931886036508822e-06
77.63964330633097 1.723428986340831e-06
77.74399766561366 1.7944087487780763e-06
77.84835202489637 2.02640996969457e-06
77.95270638417908 2.055256831948802e-06
78.05706074346178 1.975733678456154e-06
78.16141510274448 2.0183387218116147e-06
78.26576946202718 1.8147209876321256e-06
78.37012382130989 1.5072819092282829e-06
78.47447818059258 1.3755477112386642e-06
78.5788325398753 1.1916248368227202e-06
78.68318689915799 1.0187469178410357e-06
78.7875412584407 1.0564883706965524e-06
78.89189561772339 1.0776603285032877e-06
78.9962499770061 9.617726953251012e-07
79.10060433628881 9.348574420621207e-07
79.20495869557152 8.616474483876238e-07
79.30931305485421 6.584479994333427e-07
79.41366741413692 5.627629943412419e-07
79.51802177341962 4.756316705107174e-07
79.62237613270231 3.1027748995160975e-07
79.72673049198502 2.2805785468836344e-07
79.83108485126772 1.5239178825548364e-07
79.93543921055043 5.289889032146928e-08
80.03979356983312 1.9565728377771643e-08
80.14414792911583 1.6930174204526956e-09
80.24850228839854 1.118683079493907e-08
80.35285664768125 3.227587910204729e-08
80.45721100696395 5.111973427726193e-08
80.56156536624665 1.1313366951902941e-07
80.66591972552935 1.6155762613078818e-07
80.77027408481206 1.9397823595877822e-07
80.87462844409475 2.986245506851163e-07
80.97898280337746 3.9887946113655694e-07
81.08333716266016 4.6352132059053293e-07
81.18769152194287 6.382925652525716e-07
81.29204588122558 8.448589266441091e-07
81.39640024050827 9.656335458158513e-07
81.50075459979098 1.174748843236448e-06
81.60510895907368 1.378817149097945e-06
81.70946331835638 1.4129098629506306e-06
81.81381767763908 1.5192291854083966e-06
81.91817203692179 1.662514078369233e-06
82.02252639620448 1.6763846097335779e-06
82.12688075548719 1.7840076003391704e-06
82.23123511476989 1.949880017789146e-06
82.3355894740526 1.9382586423007677e-06
82.4399438333353 1.9542055943059572e-06
82.544298192618 2.0278124303997427e-06
82.64865255190071 1.9716316214303196e-06
82.7530069111834 1.9886708737977062e-06
82.85736127046611 2.1364344709974316e-06
82.96171562974881 2.1686173957744706e-06
83.06606998903152 2.182012168951437e-06
83.17042434831421 2.242085050896519e-06
83.27477870759692 2.1203167280099585e-06
83.37913306687962 1.9509657749842906e-06
83.48348742616233 1.8727775496780148e-06
83.58784178544504 1.7180881720497496e-06
83.69219614472775 1.5643019490173828e-06
83.79655050401044 1.5091083975831087e-06
83.90090486329315 1.376723458340528e-06
84.00525922257584 1.2055478605803047e-06
84.10961358185855 1.1083139782767743e-06
84.21396794114125 9.699171081163847e-07
84.31832230042394 8.258910716355115e-07
84.42267665970665 7.626367834970407e-07
84.52703101898935 6.761812055454249e-07
84.63138537827206 5.642238079923413e-07
84.73573973755477 4.949769822834683e-07
84.84009409683748 4.0136180445326106e-07
84.94444845612017 2.905826320626636e-07
85.04880281540288 2.1941724043116154e-07
85.15315717468557 1.4761891347677208e-07
85.25751153396828 7.929085164128966e-08
85.36186589325098 4.3127307015415995e-08
85.46622025253369 1.770652491571236e-08
85.57057461181638 1.2659541186123653e-08
85.67492897109909 2.6322558577085865e-08
85.77928333038179 4.5463409497890105e-08
85.8836376896645 8.150638816856581e-08
85.9879920489472 1.2080964750538266e-07
86.0923464082299 1.6873062653040104e-07
86.19670076751261 2.4676942117943805e-07
86.3010551267953 3.2666724793791325e-07
86.40540948607801 4.1190495374239833e-07
86.50976384536071 5.191265965537942e-07
86.61411820464342 6.079256920964156e-07
86.71847256392611 7.102578454821978e-07
86.82282692320882 8.598342450500804e-07
86.92718128249152 1.0123518997005495e-06
87.03153564177424 1.1970703381354578e-06
87.13589000105694 1.4221502547192435e-06
87.24024436033963 1.5882113810274364e-06
87.34459871962234 1.7236211917037677e-06
87.44895307890503 1.865111905348816e-06
87.55330743818774 1.9428482369166153e-06
87.65766179747044 2.0368065983992495e-06
87.76201615675315 2.2047992940171857e-06
87.86637051603584 2.3365179624709238e-06
87.97072487531855 2.471191404636765e-06
88.07507923460125 2.6541681256401357e-06
88.17943359388397 2.7540130946665655e-06
88.28378795316667 2.8425859232213636e-06
88.38814231244938 3.0129996871188176e-06
88.49249667173207 3.1275286810986517e-06
88.59685103101478 3.238757452800047e-06
88.70120539029747 3.432638683384795e-06
88.80555974958018 3.5250929237205834e-06
88.90991410886288 3.5568790734111494e-06
89.01426846814557 3.6691629975256113e-06
89.11862282742828 3.6892547192885474e-06
89.22297718671098 3.6533170506194103e-06
89.3273315459937 3.732598855308757e-06
89.4316859052764 3.732874374407089e-06
89.5360402645591 3.6557270464093855e-06
89.6403946238418 3.7122676758059135e-06
89.74474898312451 3.7206804119470993e-06
89.8491033424072 3.6584831287165517e-06
89.95345770168991 3.760271082605412e-06
90.05781206097261 3.822371877158228e-06
90.16216642025532 3.741263411363589e-06
90.26652077953801 3.7699757118480553e-06
90.37087513882072 3.7415468783359207e-06
90.47522949810343 3.555890174288606e-06
90.57958385738613 3.5254442382762275e-06
90.68393821666884 3.528576224927111e-06
90.78829257595153 3.381313077271768e-06
90.89264693523424 3.3533026774768427e-06
90.99700129451693 3.341147980521528e-06
91.10135565379964 3.1267741783016204e-06
91.20571001308234 3.013809276308351e-06
91.31006437236505 2.9840299783815827e-06
91.41441873164774 2.8189036423080287e-06
91.51877309093047 2.775520089366228e-06
91.62312745021316 2.842173522099523e-06
91.72748180949586 2.725552007572791e-06
91.83183616877857 2.6350315315320484e-06
91.93619052806126 2.6225122179693263e-06
92.04054488734397 2.4278271096224263e-06
92.14489924662666 2.270136442488423e-06
92.24925360590937 2.25680589555789e-06
92.35360796519207 2.1176752639057038e-06
92.45796232447478 1.9874079735803004e-06
92.56231668375747 1.9892569907387675e-06
92.6666710430402 1.8584620970724913e-06
92.77102540232289 1.7063302776367952e-06
92.8753797616056 1.702204845225021e-06
92.9797341208883 1.6097197127213368e-06
93.084088480171 1.4867460832758694e-06
93.1884428394537 1.5055709008570029e-06
93.29279719873641 1.442807627365606e-06
93.3971515580191 1.3099630237547379e-06
93.5015059173018 1.3038866947638051e-06
93.60586027658451 1.2445575660962741e-06
93.7102146358672 1.106556553121419e-06
93.81456899514993 1.087375229627894e-06
93.91892335443262 1.0398465313780127e-06
94.02327771371533 8.996202233026527e-07
94.12763207299803 8.616013467431982e-07
94.23198643228073 8.273361499258463e-07
94.33634079156343 7.183721815156704e-07
94.44069515084614 7.069669689107283e-07
94.54504951012883 7.211536259375457e-07
94.64940386941154 6.430829694310289e-07
94.75375822869424 6.213375453566908e-07
94.85811258797695 6.180162646034807e-07
94.96246694725966 5.240619254911447e-07
95.06682130654235 4.819919422337733e-07
95.17117566582506 4.895231167575382e-07
95.27553002510776 4.3017893112379793e-07
95.37988438439046 3.983173776699219e-07
95.48423874367316 4.0997036804436777e-07
95.58859310295587 3.4693702220026697e-07
95.69294746223856 2.9534357261958484e-07
95.79730182152127 2.942524246884056e-07
95.90165618080397 2.49524320139124e-07
96.00601054008668 2.197693761789041e-07
96.11036489936939 2.443557310555344e-07
96.2147192586521 2.2827646719337646e-07
96.31907361793479 2.0176510127475759e-07
96.42342797721749 2.1541486001317263e-07
96.5277823365002 1.884708010181231e-07
96.63213669578289 1.5026562283395056e-07
96.7364910550656 1.5659458900221012e-07
96.8408454143483 1.436866383442998e-07
96.945199773631 1.1427662410451504e-07
97.0495541329137 1.199503303653471e-07
97.15390849219641 1.1074145254777402e-07
97.25826285147912 8.145579725935486e-08
97.36261721076183 8.327245496094102e-08
97.46697157004452 8.003379404788676e-08
97.57132592932723 6.03206816965565e-08
97.67568028860993 6.53114215874736e-08
97.78003464789263 6.75634100971987e-08
97.88438900717533 5.1095063467759994e-08
97.98874336645804 5.317642645125963e-08
98.09309772574073 5.691461684057511e-08
98.19745208502343 4.378301480275578e-08
98.30180644430614 4.3435517663249344e-08
98.40616080358885 4.722979794805487e-08
98.51051516287156 3.3017014634231756e-08
98.61486952215425 2.6616972026203752e-08
98.71922388143696 2.651534434878127e-08
98.82357824071966 1.736483671171054e-08
98.92793260000236 1.4685411244232195e-08
99.03228695928506 1.989435936444485e-08
99.13664131856777 1.6753869053422127e-08
99.24099567785046 1.5585299115478195e-08
99.34535003713317 1.9182325741025586e-08
99.44970439641587 1.3353106630855438e-08
99.55405875569858 1.016097567943557e-08
99.65841311498129 1.254156784253128e-08
99.76276747426398 1.1221130475151266e-08
99.86712183354669 9.715953363906271e-09
99.97147619282939 1.3192950539384648e-08
100.0758305521121 1.0670417544506734e-08
100.18018491139479 5.889410731744958e-09
100.2845392706775 5.600457312722882e-09
100.3888936299602 3.4419324818391015e-09
100.4932479892429 1.5687029513486858e-09
100.5976023485256 2.8118436920711517e-09
100.70195670780832 3.298692806361357e-09
100.80631106709102 2.5255937152441215e-09
100.91066542637373 4.2400514188412645e-09
101.01501978565642 3.6781810753184e-09
101.11937414493912 2.2581239465348793e-09
101.22372850422182 2.9872076716199652e-09
101.32808286350452 3.0173594670665404e-09
101.43243722278723 2.135944219646418e-09
101.53679158206992 2.7439633873699645e-09
101.64114594135263 2.645632082792887e-09
101.74550030063534 1.213549559278083e-09
101.84985465991805 1.027883135921501e-09
101.95420901920075 8.715465110744095e-10
102.05856337848346 2.6300744783393716e-10
102.16291773776615 3.686686331161152e-10
102.26727209704886 3.239757696120423e-10
102.37162645633155 1.8440135080392913e-10
102.47598081561426 4.691925690961898e-10
102.58033517489696 4.1977747694599155e-10
102.68468953417967 3.9849967798234197e-10
102.78904389346236 1.1824635782780719e-09
102.89339825274507 1.5040665460766053e-09
102.99775261202778 9.139603975237113e-10
103.10210697131048 9.634153172013885e-10
103.20646133059319 4.1851712458767175e-10
103.31081568987588 1.0306089514411133e-10
103.41517004915859 1.708826049070356e-10
103.51952440844128 6.300545471928949e-10
103.623878767724 2.471235789780512e-10
103.72823312700669 1.680557462926622e-10
103.8325874862894 1.5771269917566225e-10
103.9369418455721 2.3256013845291412e-10
104.0412962048548 5.757540095388682e-10
104.14565056413751 5.2786646825966456e-11
104.2500049234202 1.370758759368649e-11
104.35435928270292 2.550134979504898e-10
104.45871364198561 8.87660823702476e-10
104.56306800126832 3.8310358252460375e-10
104.66742236055102 6.270890788828141e-10
104.77177671983372 4.583607378035658e-10
104.87613107911642 9.069159835943e-11
104.98048543839913 1.0927309059034e-11
105.08483979768182 3.3914777024696936e-10
105.18919415696455 4.860806551039185e-10
105.29354851624724 2.1609534921086168e-11
105.39790287552995 6.460414889952148e-11
105.50225723481265 8.610877805600093e-11
105.60661159409534 4.84688104590717e-10
105.71096595337805 1.7410091311438773e-10
105.81532031266075 1.2449914635898019e-11
105.91967467194345 2.979540077037872e-10
106.02402903122615 5.518145546479246e-10
106.12838339050886 1.4694654916743259e-10
106.23273774979155 6.253105002901848e-11
106.33709210907428 4.5974559281242824e-10
106.44144646835697 5.41202064755032e-10
106.54580082763968 3.1412509796896e-11
106.65015518692238 2.317872572397553e-10
106.75450954620509 3.220228619269842e-10
106.85886390548778 4.363281148714182e-10
106.96321826477049 9.551921737662562e-11
107.06757262405318 2.788484946425677e-10
107.1719269833359 5.612238552101546e-10
107.27628134261859 1.9563911342485543e-10
107.38063570190128 2.0162694421770114e-10
107.484990061184 1.5651801537763247e-10
107.5893444204667 1.0592127481931622e-09
107.69369877974941 2.3019670617032457e-10
107.7980531390321 1.530862598252433e-10
107.90240749831482 1.0607781408253341e-10
108.00676185759751 8.132409970978409e-10
108.11111621688022 4.999043223994575e-10
108.21547057616291 1.357560637472239e-10
108.31982493544562 5.132285743474054e-10
108.42417929472832 3.052273276395234e-10
108.52853365401103 5.164507698013809e-10
108.63288801329374 2.16643602571089e-11
108.73724237257643 8.695370425394487e-10
108.84159673185914 3.290799544735386e-10
108.94595109114184 2.778575706740438e-10
109.05030545042455 3.898246577923149e-11
109.15465980970724 7.049396425465176e-10
109.25901416898995 7.500641273427655e-10
109.36336852827264 3.937774053034849e-11
109.46772288755535 2.416301323868089e-10
109.57207724683805 4.0664742018056957e-10
109.67643160612076 7.213643286190218e-10
109.78078596540345 5.3033504089849964e-11
109.88514032468616 3.260905399672608e-10
109.98949468396886 5.434214931055954e-10
110.09384904325157 4.1165889797129443e-10
110.19820340253426 8.203785282329983e-11
110.30255776181698 2.9258502369775523e-10
110.4069121210997 6.237252511244382e-10
110.51126648038239 4.1863474623649406e-10
110.6156208396651 4.482269307390693e-11
110.7199751989478 4.20480146839105e-10
110.8243295582305 4.862890315220389e-10
110.9286839175132 3.7060717250518285e-10
111.0330382767959 3.422998121581786e-11
111.1373926360786 5.378870727680606e-10
111.24174699536131 6.224674318816228e-10
111.346101354644 1.4224985335080715e-10
111.45045571392671 1.231488349833149e-10
111.55481007320941 3.6090228811545176e-10
111.65916443249212 8.594335502417978e-10
111.76351879177481 4.984045191962629e-11
111.86787315105752 3.137750997367373e-10
111.97222751034022 2.1550053411068986e-10
112.07658186962291 6.593146507793027e-10
112.18093622890562 1.8877062234307282e-10
112.28529058818832 3.27922407849535e-10
112.38964494747103 5.491647856282545e-10
112.49399930675372 2.2051939427154993e-10
112.59835366603646 2.504012308792775e-10
112.70270802531915 1.224155005547073e-10
112.80706238460186 8.504169866323886e-10
112.91141674388456 1.654221135647017e-10
113.01577110316725 1.4945558978820908e-10
113.12012546244996 8.332583371893372e-11
113.22447982173266 6.432600998545658e-10
113.32883418101537 3.471135109260176e-10
113.43318854029806 6.127716230840447e-11
113.53754289958077 2.786910340340954e-10
113.64189725886347 2.990658239326019e-10
113.74625161814618 3.3073979668223096e-10
113.85060597742887 1.2407326052634972e-11
113.95496033671158 4.1986566444895496e-10
114.05931469599427 2.969317526247382e-10
114.16366905527698 1.3265973342508143e-10
114.26802341455968 2.2405455453296433e-11
114.37237777384239 3.122636072001736e-10
114.47673213312508 3.4748529932563083e-10
114.58108649240779 5.93396113559339e-11
114.68544085169049 7.140894725774949e-11
114.7897952109732 3.209340113581109e-10
114.89414957025592 1.9883573596324395e-10
114.99850392953861 5.660475317915207e-11
115.10285828882132 4.300380418485717e-11
115.20721264810402 3.8745210863138127e-10
115.31156700738673 2.1374102647295301e-10
115.41592136666942 1.466310529174624e-11
115.52027572595213 7.227360243180418e-11
115.62463008523483 2.1239196666629392e-10
115.72898444451754 2.743953707277097e-10
115.83333880380023 2.701951489869021e-11
115.93769316308294 2.3789089947058483e-10
116.04204752236564 8.601268772361737e-11
116.14640188164834 1.4911294818238033e-10
116.25075624093104 2.1516107412119588e-11
116.35511060021375 3.321702212992789e-10
116.45946495949644 1.969998479526462e-10
116.56381931877915 1.0208537464265194e-11
116.66817367806185 6.8960803489399705e-12
116.77252803734454 1.951785949845127e-10
116.87688239662725 3.345697860936107e-10
116.98123675590995 2.987865506042873e-11
117.08559111519266 8.222821718180866e-11
117.18994547447538 3.619648381399156e-11
117.29429983375809 2.057864141800889e-10
117.39865419304078 7.128333608461407e-11
117.5030085523235 1.8865089828303458e-10
117.60736291160619 1.0706410462125346e-10
117.71171727088888 2.6034215912405522e-11
117.81607163017159 1.9491718670548224e-11
117.92042598945429 1.4687294969205075e-10
118.024780348737 1.9042394899420764e-10
118.12913470801969 1.730858987838491e-11
118.2334890673024 1.3246674952805759e-11
118.3378434265851 6.569169684201022e-11
118.4421977858678 1.1967395434780086e-10
118.5465521451505 2.8264847736821895e-11
118.65090650443321 7.16314070670881e-11
118.7552608637159 1.0872124738758877e-10
118.85961522299861 5.439154961874982e-11
118.96396958228131 5.791611763966184e-12
119.06832394156402 5.82121267541572e-11
119.17267830084671 1.1638028374036367e-10
119.27703266012942 6.331373283690094e-11
119.38138701941214 5.0341066811137767e-11
119.48574137869484 1.559192001640946e-10
119.59009573797755 5.1698450849261466e-11
119.69445009726024 3.3823216896401885e-11
119.79880445654295 2.869623397611263e-11
119.90315881582565 2.8498788650634005e-10
120.00751317510836 1.0968673009563225e-10
120.11186753439105 1.467828696512724e-11
120.21622189367376 2.2680078562237072e-11
120.32057625295646 1.9498813116361814e-10
120.42493061223917 2.1338571225865737e-10
120.52928497152186 3.16566232029616e-11
120.63363933080457 1.6650923732673665e-10
120.73799369008727 7.29823009463777e-11
120.84234804936997 1.6991712995702482e-10
120.94670240865267 1.543166774110578e-11
121.05105676793538 3.22385707179248e-10
121.15541112721807 1.390380287266476e-10
121.25976548650077 5.7786893629041024e-11
121.36411984578348 7.95985179595646e-12
121.46847420506617 2.7923281693086936e-10
121.57282856434888 3.2628377278594247e-10
121.6771829236316 1.0468439711583453e-12
121.78153728291431 1.2060912914747125e-10
121.88589164219701 1.2435878727784423e-10
121.99024600147972 3.147726372551563e-10
122.09460036076241 1.2790660063357128e-11
122.19895472004512 2.1301261403617906e-10
122.30330907932782 2.2513474801878052e-10
122.40766343861051 1.6209230434446824e-10
122.51201779789322 3.561550265298642e-11
122.61637215717592 1.6408649377751672e-10
122.72072651645863 3.4450922820182946e-10
122.82508087574132 1.2539164338351326e-10
122.92943523502403 4.213818491134882e-11
123.03378959430673 2.1783659814663982e-10
123.13814395358943 3.111692869558342e-10
123.24249831287213 1.2973899533309566e-10
123.34685267215484 4.751900282074947e-11
123.45120703143753 2.857479457054094e-10
123.55556139072024 3.3303147043287403e-10
123.65991575000294 7.925352150412257e-11
123.76427010928565 1.0805821819076521e-10
123.86862446856834 2.457323834616739e-10
123.97297882785107 4.2013156706710607e-10
124.07733318713377 3.6959452055577226e-11
124.18168754641647 2.1612299877564032e-10
124.28604190569918 2.2684406768381356e-10
124.39039626498187 3.4727045959178943e-10
124.49475062426458 8.44049772053577e-11
124.59910498354728 2.5028853794415656e-10
124.70345934282999 4.1962903361449255e-10
124.80781370211268 1.329640068188169e-10
124.91216806139539 1.7251242242749991e-10
125.01652242067809 1.2798457172962902e-10
125.1208767799608 6.222861351421003e-10
125.22523113924349 1.1959594438928124e-10
125.3295854985262 1.8916197917730255e-10
125.4339398578089 1.4006544004150652e-10
125.5382942170916 4.4642544696038936e-10
125.6426485763743 2.5059541901590044e-10
125.74700293565701 1.069649068105189e-10
125.8513572949397 3.93309774577497e-10
125.9557116542224 2.2466985213631195e-10
126.06006601350511 2.5909310870878893e-10
126.1644203727878 4.8143057225923086e-11
126.26877473207054 4.721732349966785e-10
126.37312909135323 2.6035906100163907e-10
126.47748345063594 1.4737553024913122e-10
126.58183780991864 1.1556175125821622e-10
126.68619216920135 3.670536733639832e-10
126.79054652848404 3.35111504321406e-10
126.89490088776674 7.272794876077286e-11
126.99925524704945 1.873509837010688e-10
127.10360960633214 3.313049477633125e-10
127.20796396561485 2.663833637900294e-10
127.31231832489755 7.799864926441973e-11
127.41667268418026 1.9423321042467658e-10
127.52102704346295 3.575257928320316e-10
127.62538140274566 1.978808998260867e-10
127.72973576202835 7.915855303106597e-11
127.83409012131106 2.304451317292326e-10
127.93844448059376 2.851293041962857e-10
128.04279883987647 2.2520075318019142e-10
128.14715319915916 4.435923794087635e-11
128.25150755844186 3.3535394446601886e-10
128.35586191772458 1.948686467097074e-10
128.4602162770073 1.7571895116391764e-10
128.56457063629 4.003067299237533e-11
128.6689249955727 3.487593586145075e-10
128.7732793548554 2.926053761572387e-10
128.8776337141381 5.6000469996181244e-11
128.9819880734208 1.3778927578538175e-10
129.0863424327035 1.810671667182232e-10
129.1906967919862 3.6698796725052614e-10
129.29505115126892 1.0191448960502112e-11
129.39940551055162 2.5084754177821825e-10
129.5037598698343 1.3566621931187734e-10
129.608114229117 2.283613216302935e-10
129.71246858839973 4.6718355680464235e-11
129.81682294768243 1.9795965683093825e-10
129.92117730696512 2.8364235234143723e-10
130.02553166624782 6.715021186686086e-11
130.12988602553054 8.37256283816194e-11
130.23424038481323 9.298922526190404e-11
130.33859474409593 3.163509644362243e-10
130.44294910337862 4.348581972186909e-11
130.54730346266132 8.204342518437629e-11
130.65165782194404 9.59876533815493e-11
130.75601218122677 1.9636036152246005e-10
130.86036654050946 6.811118840287657e-11
130.96472089979216 5.3219031774632123e-11
131.06907525907488 1.4560367428481264e-10
131.17342961835757 1.0578173050552599e-10
131.27778397764027 3.8185021644614324e-11
131.38213833692296 4.1854337063265706e-11
131.4864926962057 1.4523381706508042e-10
131.59084705548838 9.084667217999791e-11
131.69520141477108 1.070139162235948e-11
131.79955577405377 5.976359525940037e-11
131.90391013333647 1.1469540419290983e-10
132.0082644926192 4.780529362050799e-11
132.11261885190189 9.64800029147377e-12
132.21697321118458 6.35437300684262e-11
132.32132757046728 1.3534282901439353e-10
132.42568192975 1.2999230663076183e-11
132.5300362890327 2.30210836079425e-11
132.6343906483154 2.9639390775040825e-11
132.73874500759808 1.2724143276854136e-10
132.8430993668808 2.6157771522760747e-11
132.9474537261635 5.4199946894963894e-11
133.05180808544623 4.713223813172729e-11
133.15616244472892 4.20647990662779e-11
133.26051680401162 3.157972330762301e-11
133.36487116329434 5.744576185731626e-11
133.46922552257703 1.3104385246624234e-10
133.57357988185973 2.76003544449825e-12
133.67793424114242 1.833923299392023e-11
133.78228860042515 1.4143447003054508e-11
133.88664295970784 1.3265118787685273e-10
133.99099731899054 3.6533703583313493e-11
134.09535167827323 4.294760303716921e-11
134.19970603755596 1.5794947958283722e-11
134.30406039683865 4.635905022848075e-11
134.40841475612135 3.5099957303127316e-11
134.51276911540404 5.784529113690908e-11
134.61712347468676 7.950017978449782e-11
134.72147783396946 4.188667892062132e-12
134.82583219325215 7.94335790203439e-12
134.93018655253485 2.452658474505065e-11
135.03454091181757 9.769644910806083e-11
135.13889527110027 1.291004077959415e-11
135.24324963038296 1.6993044389070082e-11
135.34760398966569 3.727898636768671e-11
135.45195834894838 6.163257048989411e-11
135.5563127082311 1.1681288696349755e-11
135.6606670675138 1.9487143865023383e-11
135.7650214267965 7.712753059604557e-11
135.8693757860792 5.3504788895715196e-11
135.9737301453619 2.850306017874059e-12
136.0780845046446 4.5448671968602484e-11
136.1824388639273 6.912385197707869e-11
136.28679322321 7.100921443115639e-11
136.3911475824927 6.355651959843269e-13
136.49550194177542 1.0267304171542812e-10
136.5998563010581 8.237222568344919e-11
136.7042106603408 4.311663968334668e-11
136.8085650196235 1.6195336145671694e-11
136.91291937890622 9.807267929027839e-11
137.01727373818892 1.7140475174561728e-10
137.1216280974716 5.648799616140001e-12
137.2259824567543 7.347101211049364e-11
137.33033681603703 5.506384403195808e-11
137.43469117531973 1.9195438260783925e-10
137.53904553460242 2.1447924390116376e-11
137.64339989388515 1.2008563473068784e-10
137.74775425316784 1.145825154353167e-10
137.85210861245056 9.747413986136537e-11
137.95646297173326 6.032779540082745e-11
138.06081733101595 8.741995914517295e-11
138.16517169029865 2.3742040691113064e-10
138.26952604958137 5.0243387827016646e-11
138.37388040886407 8.163823542228181e-11
138.47823476814676 6.209620266238894e-11
138.58258912742946 2.547934007893104e-10
138.68694348671218 7.584146063835505e-11
138.79129784599488 8.039382232549575e-11
138.89565220527757 1.2583902051313276e-10
139.00000656456027 1.9355979360548427e-10
139.104360923843 1.0629440132110478e-10
139.20871528312568 6.967299977201767e-11
139.31306964240838 2.0092160428953995e-10
139.41742400169107 1.5461459165169245e-10
139.5217783609738 1.1592009669819011e-10
139.6261327202565 6.925306366829758e-11
139.7304870795392 2.484623682634473e-10
139.8348414388219 1.535732536416782e-10
139.9391957981046 9.37838593983612e-11
140.04355015738733 9.869654633402055e-11
140.14790451667002 2.433734586053604e-10
140.25225887595272 1.7767758088323502e-10
140.35661323523541 7.219165574879343e-11
140.46096759451814 1.4676758777499568e-10
140.56532195380083 2.3669977679116387e-10
140.66967631308353 1.4258973895894633e-10
140.77403067236622 9.533332216739035e-11
140.87838503164892 1.4648840839809356e-10
140.98273939093164 2.763458514604838e-10
141.08709375021434 1.3425641994631772e-10
141.19144810949703 1.0285508665546e-10
141.29580246877973 2.011987032908768e-10
141.40015682806245 1.9081102574898945e-10
141.50451118734514 1.984770529675711e-10
141.60886554662784 5.1783481192219366e-11
141.71321990591053 3.4864718875625596e-10
141.81757426519326 1.3612259197151264e-10
141.92192862447595 1.7217149072154704e-10
142.02628298375865 7.302633722702776e-11
142.13063734304137 2.971034373149473e-10
142.23499170232407 2.795042731647138e-10
142.3393460616068 6.123791415120705e-11
142.44370042088948 2.2307154456669185e-10
142.54805478017218 1.3000275131964405e-10
142.65240913945487 3.2572275978392065e-10
142.7567634987376 3.1127842331422425e-11
142.8611178580203 2.73591963692849e-10
142.965472217303 2.011996597157338e-10
143.06982657658568 1.6698311118135105e-10
143.1741809358684 1.1429611391678727e-10
143.2785352951511 1.4395303733141177e-10
143.3828896544338 3.376743862266267e-10
143.4872440137165 7.08489487000882e-11
143.59159837299921 1.4805674621995748e-10
143.6959527322819 1.338613638300938e-10
143.8003070915646 2.2446118727641048e-10
143.9046614508473 1.4237500136768512e-10
144.00901581013002 6.268270070952534e-11
144.11337016941272 2.481057672949925e-10
144.2177245286954 1.5307272588861042e-10
144.3220788879781 1.0228785908071671e-10
144.42643324726083 9.685922905626338e-11
144.53078760654356 1.468790773928767e-10
144.63514196582625 2.6227082383619257e-10
144.73949632510895 1.954502864101532e-11
144.84385068439164 2.0000850453264903e-10
144.94820504367436 1.2332953570619997e-10
145.05255940295706 1.5334618130044917e-10
145.15691376223975 9.602321086192034e-11
145.26126812152245 9.95604553917026e-11
145.36562248080517 2.8257438418194617e-10
145.46997684008787 3.3856794966636166e-11
145.57433119937056 1.2788118748408447e-10
145.67868555865326 4.796845662868613e-11
145.78303991793595 2.0936538326145008e-10
145.88739427721868 9.948629457317041e-11
145.99174863650137 4.739637013525505e-11
146.09610299578407 1.3896774911997528e-10
146.20045735506676 9.689643581361259e-11
146.30481171434948 7.672025896431639e-11
146.40916607363218 3.489411443199158e-11
146.51352043291487 1.1047787849451711e-10
146.61787479219757 1.1738002735315647e-10
146.7222291514803 3.204596979368353e-11
146.82658351076302 6.099391574281326e-11
146.9309378700457 1.0781110523060427e-10
147.0352922293284 5.373327535246845e-11
147.1396465886111 6.444826175950927e-11
147.24400094789382 1.717095491702218e-11
147.34835530717652 1.823444816893445e-10
147.4527096664592 3.6048721953029e-11
147.5570640257419 5.707377738493575e-11
147.66141838502463 3.2271764266716904e-11
147.76577274430733 8.728969754686502e-11
147.87012710359002 1.225925534928509e-10
147.97448146287272 1.6175768188621726e-11
148.07883582215544 1.438143961969147e-10
148.18319018143814 9.324147655529599e-12
148.28754454072083 7.036406951434157e-11
148.39189890000353 1.2571057268135356e-11
148.49625325928625 9.46434164409564e-11
148.60060761856894 1.1911038555681216e-10
148.70496197785164 5.405854883985789e-12
148.80931633713433 6.642143472668941e-11
148.91367069641706 3.254318444209081e-12
149.01802505569978 7.004550068586033e-11
149.12237941498248 3.523723935119518e-11
149.22673377426517 6.233385158075309e-11
149.33108813354787 1.2671674384755745e-10
149.4354424928306 9.724930315407403e-12
149.53979685211328 6.590450068095803e-11
149.64415121139598 6.913634923687261e-12
149.74850557067867 1.2474661349241962e-10
149.8528599299614 9.986426578266756e-11
149.9572142892441 1.0104507871914009e-10
150.0615686485268 1.2697485753864433e-10
150.16592300780948 2.25436758370498e-11
150.27027736709218 1.0620799712334841e-10
150.3746317263749 4.3030974595239995e-11
150.4789860856576 1.9954399807725824e-10
150.5833404449403 9.003041398716281e-11
150.68769480422299 9.602890329514945e-11
150.7920491635057 5.6509458262061214e-11
150.8964035227884 4.750626317366422e-11
151.0007578820711 1.1702572459073106e-10
151.1051122413538 4.072924791865195e-11
151.20946660063652 1.5755200991580987e-10
151.31382095991924 2.7770043486988873e-11
151.41817531920194 4.701892698388181e-11
151.52252967848463 2.734741843459712e-11
151.62688403776733 4.456390023486316e-11
151.73123839705005 1.238440879650427e-10
151.83559275633274 9.243598178591368e-12
151.93994711561544 1.2051393852637451e-10
152.04430147489813 5.7189154928069726e-11
152.14865583418086 3.316308514675509e-11
152.25301019346355 8.257840206360794e-11
152.35736455274625 1.9362787837120733e-11
152.46171891202894 2.1653343882880267e-10
152.56607327131167 3.5909234589386296e-11
152.67042763059436 1.1604706752134666e-10
152.77478198987706 8.81291569823128e-11
152.87913634915975 4.940462093977225e-11
152.98349070844247 1.47684488469485e-10
153.08784506772517 5.025317503609453e-12
153.19219942700786 2.1338528611879764e-10
153.29655378629056 5.4375665250003826e-11
153.40090814557328 6.225509249899126e-11
153.505262504856 8.091263377847575e-11
153.6096168641387 4.9363553298189764e-11
153.7139712234214 1.592163439396308e-10
153.8183255827041 1.228674552494197e-11
153.92267994198681 1.2583979527291921e-10
154.0270343012695 1.2677536938126037e-10
154.1313886605522 3.663607063547832e-11
154.2357430198349 1.2412053947476775e-10
154.34009737911762 2.102193057209231e-11
154.44445173840032 2.274701855637152e-10
154.548806097683 7.32949235189854e-11
154.6531604569657 1.0238433552027233e-10
154.7575148162484 1.723293970556225e-10
154.86186917553113 5.4929139145405335e-11
154.96622353481382 2.161965427926059e-10
155.07057789409652 5.788676719240653e-12
155.1749322533792 2.91111205561069e-10
155.27928661266193 9.296853724358546e-11
155.38364097194463 1.2462215494001737e-10
155.48799533122732 1.2380817328664472e-10
155.59234969051002 1.0701914788021233e-10
155.69670404979274 2.687436106281577e-10
155.80105840907547 1.473514644072354e-11
155.90541276835816 2.1979660171262088e-10
156.00976712764086 9.064063085383555e-11
156.11412148692355 1.6213185558325586e-10
156.21847584620627 1.0194367615256868e-10
156.32283020548897 1.0417096111263507e-10
156.42718456477166 2.3596309598320225e-10
156.53153892405436 6.701979237132025e-11
156.63589328333708 1.33751989130427e-10
156.74024764261978 1.1019824479434095e-10
156.84460200190247 1.569187074973067e-10
156.94895636118517 1.605678324398498e-10
157.0533107204679 5.647417765159962e-11
157.1576650797506 2.1536747947979161e-10
157.26201943903328 1.1470964448965266e-10
157.36637379831598 1.354355592943315e-10
157.4707281575987 1.01872434851389e-10
157.5750825168814 1.4441708449465455e-10
157.6794368761641 2.252616927868626e-10
157.78379123544678 5.0809921889299876e-11
157.8881455947295 1.844068711936009e-10
157.9924999540122 9.835585732010114e-11
158.09685431329493 1.9564704936834033e-10
158.20120867257762 8.575488802855849e-11
158.30556303186032 1.433495690655716e-10
158.40991739114304 1.8251041131301738e-10
158.51427175042573 1.0712383000299597e-10
158.61862610970843 1.262255533913661e-10
158.72298046899112 9.865162764842924e-11
158.82733482827385 2.0132655669098945e-10
158.93168918755654 9.775023386489698e-11
159.03604354683924 1.1574230054451236e-10
159.14039790612193 1.145709748666063e-10
159.24475226540463 1.7842931034773044e-10
159.34910662468735 8.89015925792452e-11
159.45346098397005 1.1341053577860898e-10
159.55781534325274 1.1861355489382939e-10
159.66216970253544 1.6341554743393943e-10
159.76652406181816 9.434797582137126e-11
159.87087842110085 9.652713675869077e-11
159.97523278038355 1.489636893608061e-10
160.07958713966624 1.0251371814911375e-10
160.18394149894897 1.1946038185633555e-10
160.28829585823166 5.887837422868109e-11
160.3926502175144 1.8618917917158265e-10
160.49700457679708 8.361868725856665e-11
160.60135893607978 9.266567548754199e-11
160.7057132953625 7.361918594026386e-11
160.8100676546452 1.308558018209807e-10
160.9144220139279 1.157394870461397e-10
161.01877637321059 4.8559141381026855e-11
161.1231307324933 1.0959275586534032e-10
161.227485091776 9.112364268276586e-11
161.3318394510587 9.103595639893474e-11
161.4361938103414 5.0777417574937126e-11
161.54054816962412 8.508814308384293e-11
161.6449025289068 1.1395091708894182e-10
161.7492568881895 5.761813393300191e-11
161.8536112474722 5.5516539944463836e-11
161.95796560675493 7.69659274814675e-11
162.06231996603762 7.886323702490989e-11
162.16667432532032 6.953168963794067e-11
162.271028684603 2.9508884615478e-11
162.37538304388573 1.1411926738887035e-10
162.47973740316843 4.3892824117295023e-11
162.58409176245115 6.13260453261296e-11
162.68844612173385 2.6987047965463123e-11
162.79280048101654 8.569544732428428e-11
162.89715484029927 7.616290681801886e-11
163.00150919958196 2.0739708037136555e-11
163.10586355886466 6.420096859819829e-11
163.21021791814735 2.7517542699530723e-11
163.31457227743007 8.145528561301242e-11
163.41892663671277 4.156609352528494e-12
163.52328099599546 7.262297723562984e-11
163.62763535527816 3.3919596565141314e-11
163.73198971456088 3.624822626830147e-11
163.83634407384358 1.7858261676770172e-11
163.94069843312627 3.6611732271886966e-11
164.04505279240897 5.597643881218419e-11
164.14940715169166 5.811158980463925e-12
164.25376151097439 2.7604634033483777e-11
164.35811587025708 1.4453673131374744e-11
164.46247022953978 4.318706732062519e-11
164.56682458882247 4.555153517046112e-12
164.6711789481052 2.1164054608679234e-11
164.7755333073879 2.047704441634561e-11
164.8798876666706 1.8742801350673617e-11
164.9842420259533 5.353796265165928e-12
165.088596385236 1.2717813204094576e-11
165.19295074451873 2.375232505169146e-11
165.29730510380142 9.141053845771354e-12
165.40165946308412 2.9585011676543226e-12
165.5060138223668 1.6247471456058944e-11
165.61036818164953 1.5812164481731846e-11
165.71472254093223 7.322694568505266e-12
165.81907690021492 1.929491907035821e-12
165.92343125949762 2.271178743552793e-11
166.02778561878034 1.2546302599923944e-11
166.13213997806304 3.977855710263865e-12
166.23649433734573 5.322562215846692e-12
166.34084869662843 1.9666404853235587e-11
166.44520305591115 1.862325068329514e-11
166.54955741519385 2.6084167702623437e-12
166.65391177447654 1.8612979422919858e-11
166.75826613375924 1.1162175499207862e-11
166.86262049304196 2.1756502900045826e-11
166.96697485232465 9.640624434966675e-13
167.07132921160735 3.684465326050951e-11
167.17568357089007 1.1791074073237596e-11
167.28003793017277 1.7526489944491033e-11
167.3843922894555 4.2002854506899355e-12
167.48874664873819 4.22139863952969e-11
167.59310100802088 3.087851725465671e-11
167.69745536730358 9.653241732159533e-12
167.8018097265863 2.4282755194451133e-11
167.906164085869 2.620070857022206e-11
168.0105184451517 4.936867661805076e-11
168.11487280443438 5.319612445861178e-12
168.2192271637171 4.9545083537141497e-11
168.3235815229998 2.5229466234634125e-11
168.4279358822825 4.5708654827415494e-11
168.5322902415652 1.325425834560514e-11
168.6366446008479 5.3555953891850016e-11
168.7409989601306 5.312693122215443e-11
168.8453533194133 3.166453490682994e-11
168.949707678696 3.4543551073612605e-11
169.0540620379787 4.365659443560055e-11
169.15841639726142 7.146703826677588e-11
169.2627707565441 2.7126363246008104e-11
169.3671251158268 5.224719693370479e-11
169.47147947510953 5.5153587636237117e-11
169.57583383439223 6.728742286617661e-11
169.68018819367495 4.028135354940533e-11
169.78454255295765 5.0465855473433766e-11
169.88889691224034 7.740527570012293e-11
169.99325127152304 6.765365670750499e-11
170.09760563080576 4.7129047577304196e-11
170.20195999008845 6.739884984417986e-11
170.30631434937115 7.437576377093181e-11
170.41066870865384 8.380881887453195e-11
170.51502306793657 4.0087794800996437e-11
170.61937742721926 9.82307041904161e-11
170.72373178650196 8.519311266695925e-11
170.82808614578465 7.904368995333087e-11
170.93244050506738 6.45275882266612e-11
171.03679486435007 8.281925835663256e-11
171.14114922363277 1.2902028561807125e-10
171.24550358291546 5.263780447631439e-11
171.34985794219818 1.0546735002456009e-10
171.45421230148088 6.804676576726703e-11
171.55856666076357 1.479032103818316e-10
171.6629210200463 6.037837735091057e-11
171.767275379329 1.0080532570797353e-10
171.87162973861172 1.0832664492883318e-10
171.9759840978944 1.1023294510088533e-10
172.0803384571771 1.0427136077099184e-10
172.1846928164598 6.906258920733633e-11
172.28904717574252 1.5861612975604406e-10
172.39340153502522 7.868226741152383e-11
172.49775589430791 1.1832667010216533e-10
172.6021102535906 7.001935744269546e-11
172.70646461287333 1.5596929850018518e-10
172.81081897215603 1.0734814337926419e-10
172.91517333143872 8.974762743759416e-11
173.01952769072142 1.0382847801310445e-10
173.1238820500041 1.1971431016065167e-10
173.22823640928684 1.3103577422152103e-10
173.33259076856953 7.385228626288229e-11
173.43694512785223 1.2285065912172993e-10
173.54129948713492 1.1837779862068828e-10
173.64565384641764 1.1515160935910017e-10
173.75000820570034 8.528740272325806e-11
173.85436256498303 1.1455931114551915e-10
173.95871692426576 1.2804489084381495e-10
174.06307128354848 1.0813979121159799e-10
174.16742564283118 8.830579068198532e-11
174.27178000211387 1.184054863658113e-10
174.37613436139657 1.1367414194171042e-10
174.48048872067926 1.134080694723029e-10
174.58484307996198 7.996165830335425e-11
174.68919743924468 1.3272163257123004e-10
174.79355179852737 1.0755989506371755e-10
174.89790615781007 1.0388035751594794e-10
175.0022605170928 8.941572178708835e-11
175.1066148763755 1.1337213039823168e-10
175.21096923565818 1.245458840512479e-10
175.31532359494088 7.508561245859766e-11
175.4196779542236 1.2018909369430779e-10
175.5240323135063 8.084629691829747e-11
175.628386672789 1.3543461756173498e-10
175.7327410320717 5.970377513077259e-11
175.8370953913544 1.198782952794242e-10
175.9414497506371 8.98248941990543e-11
176.0458041099198 1.021366825028154e-10
176.1501584692025 8.317162580561224e-11
176.25451282848522 8.011713898617602e-11
176.35886718776794 1.1981038094674666e-10
176.46322154705064 5.6244023611965485e-11
176.56757590633333 1.0244637005047002e-10
176.67193026561603 5.937737223777943e-11
176.77628462489875 1.1523399773669269e-10
176.88063898418145 5.3654177357091296e-11
176.98499334346414 8.04518586405681e-11
177.08934770274684 7.226232468831735e-11
177.19370206202956 7.59707090213418e-11
177.29805642131225 6.832194715557114e-11
177.40241078059495 5.2546371481288546e-11
177.50676513987764 8.597094477727033e-11
177.61111949916037 5.305573691630533e-11
177.71547385844306 5.864435717887281e-11
177.81982821772576 4.652663013099624e-11
177.92418257700845 7.510673370774094e-11
178.02853693629115 5.306092016130771e-11
178.13289129557387 4.160676242335192e-11
178.23724565485657 4.8068336428314655e-11
178.34160001413926 5.7096729077560087e-11
178.44595437342196 4.4291710597670105e-11
178.5503087327047 3.665739652026897e-11
178.6546630919874 4.009475816448421e-11
178.7590174512701 5.809867526393793e-11
178.8633718105528 2.865406622488394e-11
178.9677261698355 3.35935788220764e-11
179.0720805291182 2.949732473091291e-11
179.1764348884009 4.932730587235628e-11
179.2807892476836 2.873588330989691e-11
179.3851436069663 2.1211996078857696e-11
179.48949796624902 3.855213686048099e-11
179.5938523255317 2.1862575667602046e-11
179.6982066848144 3.3086710535400994e-11
179.8025610440971 7.587996284705871e-12
179.90691540337983 4.552603097938095e-11
180.01126976266252 1.4148296339612056e-11
180.11562412194522 2.2116493311630145e-11
180.2199784812279 7.218121200120945e-12
180.32433284051064 2.883285855377548e-11
180.42868719979333 2.2955300386429186e-11
180.53304155907603 7.397056829367006e-12
180.63739591835872 1.610666660623312e-11
180.74175027764144 1.0611690467447961e-11
180.84610463692417 2.294605611725301e-11
180.95045899620686 8.437870817696132e-13
181.05481335548956 2.0321381668780876e-11
181.15916771477225 6.2933320796616315e-12
181.26352207405498 1.3980382088269384e-11
181.36787643333767 1.6211406979154282e-12
181.47223079262037 1.5764985881334316e-11
181.57658515190306 1.04945618625417e-11
181.68093951118578 5.551887593721904e-12
181.78529387046848 5.3462851635373785e-12
181.88964822975117 9.015446295167032e-12
181.99400258903387 1.2732917749418263e-11
182.0983569483166 2.6314758516415727e-12
182.2027113075993 7.962165085882242e-12
182.30706566688198 9.94452625773913e-12
182.41142002616468 1.0109604565678296e-11
182.51577438544737 5.0609945526149825e-12
182.6201287447301 8.218378486530045e-12
182.7244831040128 1.4681172770409613e-11
182.82883746329549 8.516357437749606e-12
182.93319182257818 8.646349487804341e-12
183.03754618186093 1.3930157100678166e-11
183.14190054114363 1.4085050578714109e-11
183.24625490042632 1.521107570521742e-11
183.35060925970902 8.267118728722989e-12
183.4549636189917 2.705726405589885e-11
183.55931797827444 1.1377819921210062e-11
183.66367233755713 2.4631368331192785e-11
183.76802669683983 9.786300983307697e-12
183.87238105612252 3.4872755487410876e-11
183.97673541540524 2.0020312959437097e-11
184.08108977468794 2.3385359700994464e-11
184.18544413397063 2.6088889696190054e-11
184.28979849325333 2.9190384613916164e-11
184.39415285253605 4.1244474233357605e-11
184.49850721181875 1.513814376986083e-11
184.60286157110144 4.988556164248944e-11
184.70721593038414 2.2497755506121052e-11
184.81157028966686 5.1409093371101476e-11
184.91592464894956 2.1025916652810718e-11
185.02027900823225 5.6142713526151766e-11
185.12463336751495 4.112239960541206e-11
185.22898772679767 4.074593623005769e-11
185.3333420860804 4.4047695456415437e-11
185.4376964453631 4.292338567887483e-11
185.54205080464578 6.807564541599197e-11
185.64640516392848 3.28732268224792e-11
185.7507595232112 6.147215402139996e-11
185.8551138824939 4.5416221366641434e-11
185.9594682417766 6.850585313081971e-11
186.0638226010593 4.3696112714316845e-11
186.168176960342 6.145019744702528e-11
186.2725313196247 6.792014171693925e-11
186.3768856789074 6.23167887255383e-11
186.4812400381901 5.7750811515436975e-11
186.58559439747282 6.088147427717354e-11
186.6899487567555 7.626673101443932e-11
186.7943031160382 7.111499279383549e-11
186.8986574753209 6.103264290674663e-11
187.0030118346036 7.510111125523214e-11
187.10736619388632 7.87067142377334e-11
187.21172055316902 7.752484874809806e-11
187.3160749124517 6.531029983882326e-11
187.4204292717344 8.075907247223754e-11
187.52478363101713 9.826843935340109e-11
187.62913799029985 7.005261966076963e-11
187.73349234958255 8.650106970239409e-11
187.83784670886524 6.905494458581242e-11
187.94220106814797 1.1657282851294863e-10
188.04655542743066 6.734485323151123e-11
188.15090978671336 9.77589609083722e-11
188.25526414599605 8.158227250840102e-11
188.35961850527875 1.0527446665052117e-10
188.46397286456147 9.216107906691486e-11
188.56832722384416 7.231609790062363e-11
188.67268158312686 1.1949029895941898e-10
188.77703594240955 7.963564283576967e-11
188.88139030169228 1.168492722850448e-10
188.98574466097497 6.054827071223059e-11
189.09009902025767 1.268388914965838e-10
189.19445337954036 8.593031304876305e-11
189.2988077388231 9.943776493534788e-11
189.40316209810578 8.611905225195869e-11
189.50751645738848 9.998709449470308e-11
189.61187081667117 1.165123611459629e-10
189.7162251759539 7.225241638914343e-11
189.8205795352366 1.0277901289963297e-10
189.9249338945193 8.580277426528811e-11
190.029288253802 1.206302917304281e-10
190.1336426130847 7.427520059192231e-11
190.23799697236743 9.667846151751639e-11
190.34235133165012 9.505604995880034e-11
190.44670569093282 1.0018522619937129e-10
190.5510600502155 8.439382640997603e-11
190.65541440949823 8.560545810954161e-11
190.75976876878093 1.0238518353077143e-10
190.86412312806362 9.347175217466337e-11
190.96847748734632 8.184903073412594e-11
191.07283184662904 8.348232991924415e-11
191.17718620591174 9.382925044663045e-11
191.28154056519443 9.475438206253287e-11
191.38589492447713 7.571895704103374e-11
191.49024928375985 8.299680230533488e-11
191.59460364304255 9.297676654358392e-11
191.69895800232524 7.882473067083118e-11
191.80331236160794 8.159133998883153e-11
191.90766672089063 6.683163190525817e-11
192.01202108017335 1.0200820535333522e-10
192.11637543945605 6.366881626905749e-11
192.22072979873877 8.339002762381728e-11
192.32508415802147 5.879933574170702e-11
192.4294385173042 8.854946305732583e-11
192.5337928765869 6.939514290259697e-11
192.63814723586958 6.090972245775354e-11
192.74250159515228 7.452870715396403e-11
192.84685595443497 5.978640530122859e-11
192.9512103137177 8.051540170747035e-11
193.0555646730004 3.800353501463273e-11
193.15991903228309 7.979766819088429e-11
193.26427339156578 4.620860444978093e-11
193.3686277508485 7.128994250534074e-11
193.4729821101312 4.038870824835167e-11
193.5773364694139 5.897275780433651e-11
193.6816908286966 5.5444704847794773e-11
193.7860451879793 4.3420699283651425e-11
193.890399547262 5.127398021318337e-11
193.9947539065447 3.5605212628314046e-11
194.0991082658274 6.269648440988909e-11
194.20346262511012 2.835681482590682e-11
194.30781698439282 4.601203472278663e-11
194.41217134367554 3.040552243746334e-11
194.51652570295823 4.5287185594339645e-11
194.62088006224093 3.274183220208468e-11
194.72523442152365 3.0393157379763606e-11
194.82958878080635 3.448172024591225e-11
194.93394314008904 2.7926983849060203e-11
195.03829749937174 2.958629198339491e-11
195.14265185865446 2.2497354077468593e-11
195.24700621793716 2.7376256186066395e-11
195.35136057721985 2.731308035711543e-11
195.45571493650255 1.8403748059496165e-11
195.56006929578527 2.1153847723731777e-11
195.66442365506796 1.7751972919753385e-11
195.76877801435066 2.143828152387048e-11
195.87313237363335 1.6289620826982907e-11
195.97748673291608 1.4086716601714178e-11
196.08184109219877 1.9994798246025403e-11
196.18619545148147 8.704996218130185e-12
196.29054981076416 1.8073518776735672e-11
196.39490417004686 5.140226252432802e-12
196.49925852932958 2.0663205847978823e-11
196.60361288861228 6.065147683998716e-12
196.707967247895 1.3319032885966113e-11
196.8123216071777 5.850318069156241e-12
196.91667596646042 1.1466152149248578e-11
197.0210303257431 1.0229905916334271e-11
197.1253846850258 5.430948572725177e-12
197.2297390443085 1.1836424348737584e-11
197.3340934035912 3.3228634973109645e-12
197.43844776287392 1.190332043543076e-11
197.54280212215662 1.4972400842783353e-12
197.6471564814393 1.3032340737471396e-11
197.751510840722 2.725939997274988e-12
197.85586520000473 1.0321310278098952e-11
197.96021955928742 3.1824672684168713e-12
198.06457391857012 9.404967339021374e-12
198.1689282778528 5.928234161544467e-12
198.27328263713554 8.141118740304744e-12
198.37763699641823 7.306359525128586e-12
198.48199135570093 8.020325836884561e-12
198.58634571498362 9.198613921370107e-12
198.69070007426635 7.351964014492982e-12
198.79505443354904 1.098661611397739e-11
198.89940879283174 9.491313433364808e-12
199.00376315211446 1.3771234136477723e-11
199.10811751139715 8.271298442557983e-12
199.21247187067988 1.5956885007481045e-11
199.31682622996257 1.078509666890513e-11
199.42118058924527 1.7560611833927594e-11
199.52553494852796 1.3276054101514143e-11
199.62988930781069 1.8767145061697735e-11
199.73424366709338 1.7972448148284075e-11
199.83859802637608 1.8465726744575668e-11
199.94295238565877 2.008627888264401e-11
