0.0 0.0
0.10435435928270291 2.714155571204998e-07
0.20870871856540582 6.784532705043591e-07
0.3130630778481087 7.887586035837774e-07
0.41741743713081164 3.6752440285005165e-08
0.5217717964135146 5.906996917093355e-06
0.6261261556962174 0.0004310809195808079
0.7304805149789203 0.003609817021308908
0.8348348742616233 0.00865441103843702
0.9391892335443263 0.006707173156690521
1.0435435928270291 0.0012262396855433958
1.1478979521097321 1.2043110786489586e-07
1.2522523113924349 9.750467618883522e-06
1.3566066706751378 3.6053094265625206e-06
1.4609610299578406 4.700406066182835e-08
1.5653153892405436 1.5676312651145445e-06
1.6696697485232466 1.2411218841595267e-07
1.7740241078059495 1.3380808447046027e-07
1.8783784670886525 2.976724002972805e-07
1.9827328263713553 8.854503511169577e-08
2.0870871856540583 5.86696702696468e-07
2.1914415449367612 2.590543918788078e-07
2.2957959042194642 2.435936732992413e-06
2.400150263502167 5.966300628477905e-06
2.5045046227848697 3.805817063295815e-06
2.6088589820675727 3.4148553240606055e-06
2.7132133413502757 2.466301736657674e-06
2.8175677006329787 1.4407177165770913e-07
2.921922059915681 2.5639188210505732e-08
3.026276419198384 9.422602566355755e-08
3.130630778481087 2.4924350578581777e-08
3.23498513776379 1.6742310450999084e-08
3.339339497046493 8.41075056099167e-08
3.4436938563291957 1.0970633348165318e-08
3.548048215611899 3.9102133311784425e-09
3.6524025748946016 4.610082361506482e-08
3.756756934177305 1.0622708781684914e-08
3.8611112934600076 8.330724276103258e-09
3.9654656527427106 2.9303075206896352e-08
4.0698200120254135 6.6632606310158685e-09
4.1741743713081165 1.1772076992962909e-08
4.2785287305908195 3.7580537698212764e-08
4.3828830898735225 7.149437151150974e-09
4.4872374491562255 1.0190872543584417e-09
4.5915918084389284 1.40053021696659e-08
4.6959461677216305 2.0628912967343245e-09
4.800300527004334 2.04947004202487e-09
4.9046548862870365 5.044439990337463e-09
5.0090092455697395 1.5055108791899374e-08
5.1133636048524425 4.5014333465710466e-10
5.217717964135145 2.245477926627718e-09
5.322072323417848 1.7662321080607678e-08
5.426426682700551 6.871825122910955e-09
5.530781041983254 1.4675117433884804e-08
5.635135401265957 6.702086981651216e-09
5.73948976054866 4.342584574727729e-09
5.843844119831362 2.1395809317199413e-08
5.948198479114066 2.045405965757395e-08
6.052552838396768 7.883394681894029e-10
6.156907197679472 6.2464210770086244e-09
6.261261556962174 2.91581208335342e-08
6.365615916244878 1.1268532827425658e-08
6.46997027552758 9.93039327222851e-09
6.574324634810284 6.824184486503821e-09
6.678678994092986 8.651558566282146e-09
6.783033353375689 2.5489183328454597e-08
6.887387712658391 3.1247052844903885e-09
6.991742071941095 1.5631226878747973e-09
7.096096431223798 1.0883922037940586e-08
7.200450790506501 1.3783169484251814e-08
7.304805149789203 5.6206428892924165e-09
7.409159509071906 3.677449211150178e-10
7.51351386835461 1.0672047485343876e-08
7.617868227637313 1.8627364342522205e-09
7.722222586920015 4.579339884235543e-09
7.826576946202718 6.051480015468195e-09
7.930931305485421 4.920534020153884e-09
8.035285664768125 1.7811479276622005e-09
8.139640024050827 1.3039537299803792e-09
8.24399438333353 9.685181086702974e-09
8.348348742616233 2.0520491646492854e-09
8.452703101898935 5.2448821509427366e-09
8.557057461181639 1.0216160805395193e-08
8.661411820464341 3.4847881875350145e-09
8.765766179747045 4.119400657715433e-09
8.870120539029747 1.8253382394155778e-08
8.974474898312451 1.9129902116924367e-08
9.078829257595153 1.8748678796482098e-08
9.183183616877857 3.330108814716384e-09
9.287537976160559 3.1294206499429083e-08
9.391892335443261 8.055396531880119e-08
9.496246694725965 2.8831431896479637e-08
9.600601054008669 1.9461245039694598e-08
9.704955413291371 8.572894745670774e-08
9.809309772574073 1.5167517152085279e-07
9.913664131856777 7.92468365039482e-08
10.018018491139479 4.6691315196613296e-08
10.122372850422183 2.1318332440852631e-07
10.226727209704885 2.4629434674916957e-07
10.331081568987589 1.6882986602279583e-07
10.43543592827029 1.325002882298841e-07
10.539790287552993 3.5291099890853974e-07
10.644144646835697 4.6741959629002737e-07
10.7484990061184 2.19969298282792e-07
10.852853365401103 2.387375910326867e-07
10.957207724683805 5.529824026926663e-07
11.061562083966509 6.976088318430876e-07
11.165916443249213 3.1706040595383024e-07
11.270270802531915 2.6853329726889773e-07
11.374625161814617 8.256011365813101e-07
11.47897952109732 8.605792158776089e-07
11.583333880380025 3.9868467294318773e-07
11.687688239662725 2.7031371032627037e-07
11.792042598945429 8.762096239297262e-07
11.896396958228133 1.018106266463799e-06
12.000751317510835 3.3227163993917363e-07
12.105105676793537 2.0491902138889075e-07
12.20946003607624 7.871805323696128e-07
12.313814395358945 9.348735489709144e-07
12.418168754641647 2.1762933344186444e-07
12.522523113924349 5.6776598367750224e-08
12.626877473207053 5.642162501815125e-07
12.731231832489756 5.025743409255665e-07
12.835586191772459 1.4100294087509534e-07
12.93994055105516 1.6387325577634953e-07
13.044294910337864 2.1120057375398182e-07
13.148649269620568 1.0495700248357013e-07
13.253003628903269 5.918624346583549e-07
13.357357988185973 1.0402565954389878e-06
13.461712347468676 4.793797778618254e-07
13.566066706751378 5.035093171413097e-07
13.67042106603408 3.260230307217057e-06
13.774775425316783 5.252841528139001e-06
13.879129784599488 3.6422685652736086e-06
13.98348414388219 5.244489443119155e-06
14.087838503164894 1.3862033562076589e-05
14.192192862447596 2.0444778290613546e-05
14.296547221730298 1.8378235093246935e-05
14.400901581013002 2.458901782300557e-05
14.505255940295704 4.8767452499057635e-05
14.609610299578407 6.729629733461418e-05
14.71396465886111 7.052535200827121e-05
14.818319018143812 9.16075602131157e-05
14.922673377426518 0.00015468165099368189
15.02702773670922 0.00021210376412446902
15.131382095991922 0.00023589785840226924
15.235736455274626 0.0002964418937498045
15.340090814557328 0.0004389543625458937
15.44444517384003 0.0005827736795888431
15.548799533122734 0.0006504420180210609
15.653153892405436 0.0007637897628526982
15.757508251688138 0.0010315484673533843
15.861862610970842 0.0013191620095515891
15.966216970253544 0.0014865334601026883
16.07057132953625 0.0017039600231549797
16.174925688818952 0.002219550280207692
16.279280048101654 0.002837664447017148
16.38363440738436 0.0032686394736972635
16.48798876666706 0.0037174945673725313
16.59234312594976 0.004576334482852121
16.696697485232466 0.00560259843500719
16.801051844515168 0.006176276600633018
16.90540620379787 0.006481357658542585
17.009760563080576 0.007165705332639925
17.114114922363278 0.008101598297475582
17.21846928164598 0.008473542184834213
17.322823640928682 0.00844965774227349
17.427178000211384 0.009187501773108812
17.53153235949409 0.010770644916500063
17.635886718776792 0.012107605959180834
17.740241078059494 0.01305397352116826
17.8445954373422 0.014953215650183161
17.948949796624902 0.017805673470476884
18.053304155907604 0.019435995643929494
18.157658515190306 0.018815982426414725
18.262012874473008 0.01754683736811619
18.366367233755714 0.016778244349544506
18.470721593038416 0.01505264441276546
18.575075952321118 0.012220435868328322
18.679430311603824 0.011420266018570142
18.783784670886522 0.014294730116319916
18.888139030169224 0.0178703797641252
18.99249338945193 0.019810607117031868
19.096847748734632 0.023173126104519964
19.201202108017338 0.030170804605047015
19.30555646730004 0.03629858727368015
19.409910826582742 0.03717726339477901
19.514265185865444 0.03640247831993609
19.618619545148146 0.03850903657620715
19.722973904430848 0.03771950260259185
19.827328263713554 0.027967925204664547
19.931682622996256 0.01944403760322075
20.036036982278958 0.02925084668888135
20.140391341561664 0.05241230456762117
20.244745700844366 0.061264510925495126
20.349100060127068 0.04543577033056978
20.45345441940977 0.0306921719999151
20.557808778692472 0.043908170428189765
20.662163137975178 0.07465542658174171
20.76651749725788 0.09122612051618491
20.87087185654058 0.08861925083011296
20.975226215823287 0.09445056900215348
21.079580575105986 0.12525413665532062
21.18393493438869 0.1645311297650003
21.288289293671394 0.18937684648762917
21.392643652954096 0.20057315620624563
21.4969980122368 0.21245597657117493
21.601352371519503 0.22528457898821241
21.705706730802206 0.22561658845886495
21.810061090084908 0.20953762042037352
21.91441544936761 0.18973991471049645
22.018769808650312 0.17885913662613562
22.123124167933018 0.1750026725285114
22.22747852721572 0.16697338670319228
22.331832886498425 0.15092234670424626
22.436187245781127 0.13557619723576983
22.54054160506383 0.1314665979006261
22.64489596434653 0.13595942384060603
22.749250323629234 0.1336838249777563
22.853604682911936 0.11554759818561873
22.95795904219464 0.09152476687908812
23.062313401477343 0.07912062156818296
23.16666776076005 0.0800817329649798
23.27102212004275 0.07878467504164091
23.37537647932545 0.06450487735330457
23.479730838608155 0.04474036132510672
23.584085197890857 0.032341902850578474
23.68843955717356 0.028174050425870675
23.792793916456265 0.024453251037023026
23.897148275738967 0.018381934342537747
24.00150263502167 0.013926129474463537
24.10585699430437 0.012756970028403338
24.210211353587074 0.011736727593900313
24.31456571286978 0.0092636438403943
24.41892007215248 0.007325423812854903
24.523274431435183 0.0069586955423733615
24.62762879071789 0.006414064994792284
24.73198315000059 0.004618931840767998
24.836337509283293 0.00278464881795304
24.940691868565995 0.001836778931930744
25.045046227848697 0.0013683000862753448
25.1494005871314 0.0013810395868049008
25.253754946414105 0.002523698301693269
25.358109305696807 0.004274514410352349
25.462463664979513 0.005093218816229308
25.566818024262215 0.004694509364572066
25.671172383544917 0.004206905213462798
25.77552674282762 0.004131219011845557
25.87988110211032 0.003988932982482615
25.984235461393023 0.003804309121841505
26.08858982067573 0.004219930320094467
26.19294417995843 0.0050398684942062144
26.297298539241137 0.005441711571537871
26.401652898523835 0.005601500504677796
26.506007257806537 0.006504304207616316
26.610361617089243 0.00817345934070247
26.714715976371945 0.0094198134319
26.819070335654647 0.009600701979528146
26.923424694937353 0.009149190636718948
27.027779054220055 0.008346512225846616
27.132133413502757 0.0069306288811664335
27.23648777278546 0.005148786202419623
27.34084213206816 0.004048403681434685
27.445196491350863 0.004122639926758635
27.549550850633565 0.004728427282317768
27.653905209916275 0.005101747367069484
27.758259569198977 0.005204794538887372
27.86261392848168 0.005208679385200537
27.96696828776438 0.0048712339771455025
28.07132264704708 0.004027135871685555
28.17567700632979 0.003035157736236737
28.28003136561249 0.0023752632390018655
28.384385724895193 0.002020918283860799
28.488740084177895 0.001654496799289174
28.593094443460597 0.0011973662017307773
28.6974488027433 0.0008168985553933368
28.801803162026005 0.0005928636242076837
28.906157521308707 0.0004321458893455864
29.01051188059141 0.00029655567098856397
29.11486623987411 0.00026480603013155044
29.219220599156813 0.00039443359561768345
29.323574958439522 0.0006152889529639751
29.42792931772222 0.0008023232074371775
29.532283677004923 0.0009084443803011489
29.636638036287625 0.0009629923250305837
29.740992395570327 0.0009818293165872796
29.845346754853036 0.0008963653270847288
29.94970111413574 0.0006578489263525008
30.05405547341844 0.000338788267558086
30.158409832701143 0.00010260315611575034
30.262764191983845 3.3023468389313065e-05
30.367118551266543 0.00010304763664301281
30.471472910549252 0.00027066826177427777
30.575827269831954 0.0005095813270737282
30.680181629114657 0.0007438314229950075
30.78453598839736 0.0008408323149725575
30.88889034768006 0.0007468894290650664
30.993244706962766 0.0005355465737326779
31.09759906624547 0.00032156663933830063
31.20195342552817 0.00015437960666467494
31.306307784810873 4.268194633105099e-05
31.410662144093575 1.332474481153814e-07
31.515016503376277 2.808056491887967e-05
31.619370862658986 8.643077161105448e-05
31.723725221941685 0.00012610521618437455
31.828079581224387 0.00013404203384834916
31.93243394050709 0.00012743793459042845
32.03678829978979 0.00011933191879765708
32.1411426590725 0.00010895740373230104
32.2454970183552 9.254725242037405e-05
32.349851377637904 6.984232425081499e-05
32.454205736920606 4.493778988911129e-05
32.55856009620331 2.507451802947388e-05
32.66291445548601 1.249832957044782e-05
32.76726881476872 4.42561465190231e-06
32.87162317405142 2.520604977575471e-06
32.97597753333412 1.3984053318238993e-05
33.08033189261682 3.714506190971345e-05
33.18468625189952 5.708306334380708e-05
33.28904061118223 6.36240048822416e-05
33.39339497046493 6.138779186982914e-05
33.497749329747634 5.768393292129844e-05
33.602103689030336 4.929996449674597e-05
33.70645804831304 3.4069289073260035e-05
33.81081240759574 1.8304241932073824e-05
33.91516676687845 1.1176172655282401e-05
34.01952112616115 1.145070262544687e-05
34.123875485443854 1.247394620567236e-05
34.228229844726556 1.2082420368728215e-05
34.33258420400926 1.2552612311505452e-05
34.43693856329196 1.4702133627670089e-05
34.54129292257466 1.5620480466789485e-05
34.645647281857364 1.4180846657802752e-05
34.75000164114007 1.1611399778861358e-05
34.85435600042277 1.0364327370872204e-05
34.95871035970548 1.063414660500467e-05
35.06306471898818 1.1136727428145143e-05
35.16741907827088 1.0467980643972349e-05
35.271773437553584 9.881772407215153e-06
35.376127796836286 1.1411526690580704e-05
35.48048215611899 1.4331851147068616e-05
35.5848365154017 1.6378757929932786e-05
35.6891908746844 1.687408883399835e-05
35.7935452339671 1.793981893285988e-05
35.897899593249804 1.9399154091234054e-05
36.002253952532506 1.9458537712510886e-05
36.10660831181521 1.75148432108844e-05
36.21096267109791 1.5527393693722183e-05
36.31531703038061 1.4559851114830966e-05
36.419671389663314 1.337388910950397e-05
36.524025748946016 1.1565497471746502e-05
36.62838010822872 9.739584839559527e-06
36.73273446751143 8.678916058624797e-06
36.83708882679413 7.620932198874213e-06
36.94144318607683 6.2112093807746265e-06
37.045797545359534 4.8256626165848815e-06
37.150151904642236 3.845337359271846e-06
37.254506263924945 3.1398736175400315e-06
37.35886062320765 2.37150851954923e-06
37.46321498249035 1.7866075770614095e-06
37.567569341773044 1.5102211764484145e-06
37.671923701055746 1.5485711432945812e-06
37.77627806033845 1.552101904937139e-06
37.88063241962116 1.499098093353501e-06
37.98498677890386 1.5348573628292908e-06
38.08934113818656 1.8662635218958648e-06
38.193695497469264 2.203520484040239e-06
38.298049856751966 2.176882251241916e-06
38.402404216034675 1.989586229371758e-06
38.50675857531738 2.046995414962353e-06
38.61111293460008 2.296790585549098e-06
38.71546729388278 2.0971437702668124e-06
38.819821653165484 1.566246165297243e-06
38.924176012448186 1.2238129585105813e-06
39.02853037173089 1.2258372714908746e-06
39.13288473101359 1.067421013145116e-06
39.23723909029629 6.149045207777632e-07
39.341593449578994 2.711339950920755e-07
39.445947808861696 1.8988861112848233e-07
39.550302168144405 1.923319225229964e-07
39.65465652742711 1.6088360110098632e-07
39.75901088670981 1.7376691201163828e-07
39.86336524599251 1.6020883008262255e-07
39.967719605275214 1.9904451873588461e-07
40.072073964557916 4.930825673615148e-07
40.176428323840625 9.406143773726517e-07
40.28078268312333 1.0349879015129546e-06
40.38513704240603 8.924448892642532e-07
40.48949140168873 1.0918152833849815e-06
40.59384576097143 1.6536780451607125e-06
40.698200120254135 1.8180331977728469e-06
40.80255447953684 1.4040830826358715e-06
40.90690883881954 1.242984919902032e-06
41.01126319810224 1.6141194727716145e-06
41.115617557384944 1.8238354312020257e-06
41.21997191666765 1.33968038957384e-06
41.324326275950355 8.493996049605252e-07
41.42868063523306 9.063910166924969e-07
41.53303499451576 1.0986761824497922e-06
41.63738935379846 8.695604373865525e-07
41.74174371308116 4.0812914808908184e-07
41.84609807236387 2.5713998372470464e-07
41.950452431646575 3.962202153167112e-07
42.05480679092928 4.877913311717245e-07
42.15916115021197 3.284954331322527e-07
42.263515509494674 1.278416367375195e-07
42.36786986877738 1.1410746806119848e-07
42.472224228060085 3.149512097198554e-07
42.57657858734279 4.543707050120448e-07
42.68093294662549 3.263588200543921e-07
42.78528730590819 1.3975870563874658e-07
42.889641665190894 2.2604826400778126e-07
42.9939960244736 4.655587191010433e-07
43.098350383756305 4.279168764555808e-07
43.20270474303901 1.7947313775256622e-07
43.30705910232171 1.063805210537108e-07
43.41141346160441 2.659281578184549e-07
43.51576782088712 2.758915515130105e-07
43.620122180169815 8.999740769640066e-08
43.72447653945252 7.68975717064929e-09
43.82883089873522 7.914172842728009e-08
43.93318525801792 7.285566192715876e-08
44.037539617300624 2.1595721149144888e-09
44.14189397658333 6.9173187770428e-08
44.246248335866035 1.6703154418739786e-07
44.35060269514874 9.547478559528901e-08
44.45495705443144 5.696562152232622e-08
44.55931141371414 2.61250550890695e-07
44.66366577299685 4.256493309138068e-07
44.76802013227955 3.077331920595889e-07
44.872374491562255 1.613278237867383e-07
44.97672885084496 3.3121909413654337e-07
45.08108321012766 5.379417398711253e-07
45.18543756941036 4.322763424946164e-07
45.28979192869306 1.8786404341135458e-07
45.394146287975765 2.0646527776642626e-07
45.49850064725847 3.792901356722287e-07
45.60285500654117 3.272012858410812e-07
45.70720936582387 1.21101921871393e-07
45.81156372510658 4.406444007438201e-08
45.91591808438928 1.285188875195395e-07
46.020272443671985 1.4258785864121685e-07
46.12462680295469 5.865493039069234e-08
46.22898116223739 2.077482486508725e-09
46.3333355215201 1.3033506529002624e-08
46.4376898808028 2.6646359851084122e-08
46.5420442400855 3.6328471636186205e-08
46.646398599368204 4.5028679698986675e-08
46.7507529586509 2.2295104660387105e-08
46.8551073179336 5.265301058334071e-10
46.95946167721631 3.0321441644996586e-08
47.06381603649901 6.59005183596231e-08
47.168170395781715 3.2466319886995274e-08
47.27252475506442 4.0288241074100896e-10
47.37687911434712 2.449442100963218e-08
47.48123347362983 4.316729518652125e-08
47.58558783291253 1.419058733512185e-08
47.68994219219523 4.275100259345621e-09
47.794296551477935 4.329421239864006e-08
47.89865091076064 5.10632691313306e-08
48.00300527004334 1.1306692362120694e-08
48.10735962932605 2.0755313347744457e-08
48.21171398860874 8.678729202414749e-08
48.316068347891445 9.962129899471268e-08
48.42042270717415 3.928372693670283e-08
48.52477706645685 4.0721051583745545e-08
48.62913142573956 1.1901736361824091e-07
48.73348578502226 1.3450664199441795e-07
48.83784014430496 6.665423475095308e-08
48.942194503587665 4.253796079447618e-08
49.04654886287037 1.0325234682626038e-07
49.15090322215307 1.1978185905557047e-07
49.25525758143578 5.8304091835496984e-08
49.35961194071848 2.4536933818149334e-08
49.46396630000118 5.719725240815984e-08
49.568320659283884 7.107343526736331e-08
49.672675018566586 2.954225574430532e-08
49.77702937784929 7.849777111570549e-09
49.88138373713199 2.963617399824214e-08
49.98573809641469 3.579954376823499e-08
50.090092455697395 1.2638463219446637e-08
50.1944468149801 1.919367864981267e-09
50.2988011742628 1.5451990428497697e-08
50.40315553354551 1.9346509202967703e-08
50.50750989282821 6.485163329855566e-09
50.61186425211091 6.074749014693432e-10
50.716218611393614 6.8775196872602146e-09
50.82057297067632 9.339970896514614e-09
50.924927329959026 2.1552779768313793e-09
51.02928168924173 3.6936796642048244e-10
51.13363604852443 1.4337767773093625e-09
51.23799040780713 3.9287447772033615e-10
51.342344767089834 2.1363274597463915e-09
51.446699126372536 6.903197017832972e-09
51.55105348565524 5.205262692405515e-09
51.65540784493794 3.737018591524066e-09
51.75976220422064 9.358519851445633e-09
51.864116563503345 1.4845800282454489e-08
51.96847092278605 1.3028168314578084e-08
52.072825282068756 1.1275477003309085e-08
52.17717964135146 1.7826097099005894e-08
52.28153400063416 2.0482801062838683e-08
52.38588835991686 1.864907930615453e-08
52.490242719199564 1.8654076105545338e-08
52.59459707848227 2.219435758385577e-08
52.698951437764975 2.2631567314756012e-08
52.80330579704767 1.9607244791134603e-08
52.90766015633037 2.1990959930041013e-08
53.012014515613075 2.2799316302075123e-08
53.11636887489578 2.0466082724142263e-08
53.220723234178486 1.9922761733479504e-08
53.32507759346119 2.3120270082828147e-08
53.42943195274389 2.3696676243566282e-08
53.53378631202659 1.710316875482699e-08
53.638140671309294 1.70287783956742e-08
53.742495030592 2.035554847788078e-08
53.846849389874706 1.6994398537338003e-08
53.95120374915741 9.01170907137979e-09
54.05555810844011 9.008774544158077e-09
54.15991246772281 1.4470971200166834e-08
54.264266827005514 9.639983382013517e-09
54.368621186288216 2.6687084452677224e-09
54.47297554557092 4.9549565215303795e-09
54.57732990485362 9.086141230215051e-09
54.68168426413632 4.762628302662938e-09
54.786038623419024 3.7254129215282523e-11
54.89039298270173 2.5771790852352633e-09
54.99474734198443 5.363433318649872e-09
55.09910170126713 2.194351972005672e-09
55.20345606054985 8.437990735726771e-10
55.30781041983255 3.2520477492191054e-09
55.41216477911525 2.7513180700231733e-09
55.51651913839795 9.186193507494072e-10
55.620873497680655 4.131887677787407e-09
55.72522785696336 8.113400864968102e-09
55.82958221624606 2.6277538914961666e-09
55.93393657552876 6.51219879625326e-10
56.03829093481146 1.0919404440275885e-08
56.14264529409416 1.672522053438677e-08
56.24699965337686 6.590818793875822e-09
56.35135401265958 2.1477605250094938e-09
56.45570837194228 1.698978078687058e-08
56.56006273122498 2.4078726103138635e-08
56.66441709050768 9.310032145037715e-09
56.768771449790385 3.2299032910530966e-09
56.87312580907309 2.0675864056855312e-08
56.97748016835579 2.69201247689363e-08
57.08183452763849 8.623007117149647e-09
57.186188886921194 2.514846610536811e-09
57.290543246203896 2.0456225094669233e-08
57.3948976054866 2.3596715111781133e-08
57.49925196476931 6.824720527167452e-09
57.60360632405201 1.2016722605940139e-09
57.70796068333471 1.5759452501544623e-08
57.81231504261741 2.2106182299643247e-08
57.916669401900116 7.409422479604192e-09
58.02102376118282 5.355038654063238e-10
58.12537812046552 1.3187165509007025e-08
58.22973247974822 2.0461671711090948e-08
58.334086839030924 7.00665559343672e-09
58.438441198313626 5.82426322102152e-10
58.54279555759633 9.79744380071103e-09
58.647149916879044 1.4759188519629604e-08
58.75150427616175 7.0743738910958146e-09
58.85585863544444 1.9856824259685806e-09
58.960212994727144 7.809086974975581e-09
59.064567354009846 8.647807464874936e-09
59.16892171329255 5.583844739483438e-09
59.27327607257525 6.422221805895526e-09
59.37763043185795 6.847017531527462e-09
59.481984791140654 3.814025372705148e-09
59.586339150423356 6.216711932414794e-09
59.69069350970607 1.189514491889427e-08
59.795047868988775 8.438746701602858e-09
59.89940222827148 1.1131573291967925e-09
60.00375658755418 7.621411873471705e-09
60.10811094683688 1.741287973661958e-08
60.21246530611958 9.911945867892108e-09
60.316819665402285 5.518688440539126e-10
60.42117402468499 7.3822626632889135e-09
60.52552838396769 2.163062953552052e-08
60.629882743250384 1.6129688585452553e-08
60.734237102533086 6.119279776903935e-10
60.8385914618158 9.904934390130113e-09
60.942945821098505 2.6409037016259033e-08
61.04730018038121 1.7807461593289064e-08
61.15165453966391 9.28280417474729e-10
61.25600889894661 9.34585774434511e-09
61.36036325822931 2.783581618849169e-08
61.464717617512015 1.934674372425117e-08
61.56907197679472 1.4411476213794913e-09
61.67342633607742 9.493347473130586e-09
61.77778069536012 2.5139540830552503e-08
61.88213505464282 1.68787740567522e-08
61.98648941392553 1.0108223009295954e-09
62.090843773208235 6.501021704407052e-09
62.19519813249094 1.9176354936565087e-08
62.29955249177364 1.3808445248777383e-08
62.40390685105634 1.2433127094816452e-09
62.50826121033904 3.204312519343395e-09
62.612615569621745 1.2821900077255687e-08
62.71696992890445 1.1413676946765445e-08
62.82132428818715 2.622738449361293e-09
62.92567864746985 1.5948376387673992e-09
63.030033006752554 8.279477947006946e-09
63.13438736603527 9.21709462309581e-09
63.23874172531797 3.5301681883773736e-09
63.343096084600674 1.208270726569324e-09
63.44745044388337 4.332545960662112e-09
63.55180480316607 6.552063228445291e-09
63.65615916244877 4.279180709718517e-09
63.760513521731475 2.022942697498184e-09
63.86486788101418 1.8278713813726983e-09
63.96922224029688 3.653732644363762e-09
64.07357659957958 5.843031753861254e-09
64.17793095886229 4.165201222902414e-09
64.282285318145 3.761257594011096e-10
64.3866396774277 2.773184987862582e-09
64.4909940367104 8.35294130916956e-09
64.5953483959931 5.65706666374246e-09
64.69970275527581 2.875968877149509e-10
64.8040571145585 2.7246128969274486e-09
64.90841147384121 7.960161809274349e-09
65.01276583312391 6.305574543088652e-09
65.11712019240662 9.137611206890186e-10
65.22147455168931 1.6268817759330782e-09
65.32582891097202 8.061448221530435e-09
65.43018327025473 9.12295206954883e-09
65.53453762953744 2.354137458258219e-09
65.63889198882013 2.216221619412231e-09
65.74324634810284 9.452357671475758e-09
65.84760070738554 9.554568647571053e-09
65.95195506666823 3.069440500331409e-09
66.05630942595094 2.3836200235268985e-09
66.16066378523364 8.565799626733302e-09
66.26501814451635 8.793732808602882e-09
66.36937250379904 2.8376204486451784e-09
66.47372686308175 2.236583400199717e-09
66.57808122236446 6.3104201823873675e-09
66.68243558164717 6.191862560600591e-09
66.78678994092986 1.7892013026848353e-09
66.89114430021257 1.2935538126684203e-09
66.99549865949527 3.867345945245648e-09
67.09985301877798 3.1304961120159472e-09
67.20420737806067 7.360524492114725e-10
67.30856173734338 4.2785106366730374e-10
67.41291609662608 1.3983300664934196e-09
67.51727045590879 1.2666957440115727e-09
67.62162481519148 3.3263408421883345e-10
67.72597917447419 2.4046708867612303e-10
67.8303335337569 7.976851976970812e-10
67.9346878930396 6.442255360319291e-10
68.0390422523223 1.4415123593854847e-10
68.143396611605 3.5171804083232615e-10
68.24775097088771 6.206904485555608e-10
68.3521053301704 3.902601025216062e-10
68.45645968945311 3.4478686677702735e-10
68.5608140487358 6.33125434142919e-10
68.66516840801852 9.132088203165634e-10
68.76952276730121 1.1674310931921893e-09
68.87387712658392 9.396623639274924e-10
68.97823148586663 9.214794852433862e-10
69.08258584514932 1.4527529030348449e-09
69.18694020443203 1.5756440895843165e-09
69.29129456371473 1.04722043043521e-09
69.39564892299744 5.567724276518833e-10
69.50000328228013 1.2120215205599887e-09
69.60435764156284 1.7905764281646521e-09
69.70871200084554 1.2033466449550171e-09
69.81306636012825 3.57864900007313e-10
69.91742071941096 8.1840114028246e-10
70.02177507869366 2.404729545245854e-09
70.12612943797636 2.2466511104745954e-09
70.23048379725907 7.073255279271399e-10
70.33483815654176 1.2587789824988008e-09
70.43919251582446 3.2504965121086855e-09
70.54354687510717 2.335877539762058e-09
70.64790123438986 1.903969182497272e-10
70.75225559367257 1.0399734668207148e-09
70.85660995295527 2.627944590871155e-09
70.96096431223798 1.9841556721620316e-09
71.06531867152069 2.2596711513003573e-10
71.1696730308034 4.5704697780418897e-10
71.27402739008609 2.6673988823098503e-09
71.3783817493688 3.057221608239895e-09
71.4827361086515 1.004355325798814e-09
71.5870904679342 1.344073493164037e-10
71.6914448272169 2.2630149624728777e-09
71.79579918649961 3.4628612690894837e-09
71.9001535457823 1.6894769357148999e-09
72.00450790506501 1.6553910091792672e-10
72.1088622643477 1.0675431663257484e-09
72.21321662363042 2.523574066925628e-09
72.31757098291313 2.3403674905380604e-09
72.42192534219582 1.2992534428715561e-09
72.52627970147853 5.196743505082525e-10
72.63063406076122 1.3091405132124745e-09
72.73498842004393 3.3449744195928093e-09
72.83934277932663 3.171507836749479e-09
72.94369713860934 3.890410842183072e-10
73.04805149789203 1.474988732823512e-09
73.15240585717474 6.011973436539171e-09
73.25676021645744 4.467406413302815e-09
73.36111457574015 1.5440975778575052e-10
73.46546893502286 2.99313959888538e-09
73.56982329430555 7.558308965253646e-09
73.67417765358826 4.713440635763224e-09
73.77853201287095 1.1699820933848182e-10
73.88288637215366 2.8389387378141482e-09
73.98724073143636 8.126415047948753e-09
74.09159509071907 6.243195892136833e-09
74.19594945000176 4.4131642124397475e-10
74.30030380928447 2.755711641793861e-09
74.40465816856717 9.553235271581034e-09
74.50901252784989 6.993556719299575e-09
74.61336688713259 4.550316035385566e-10
74.7177212464153 3.1458477976359802e-09
74.82207560569799 9.16046640303359e-09
74.9264299649807 5.992991368060106e-09
75.0307843242634 1.835913016993797e-10
75.13513868354609 3.1373221274181686e-09
75.2394930428288 7.651940632375426e-09
75.34384740211149 4.306529030478202e-09
75.4482017613942 2.032060991920404e-10
75.5525561206769 3.4979402644593807e-09
75.65691047995962 6.098216096431429e-09
75.76126483924232 2.257329762032966e-09
75.86561919852502 9.343385752624924e-10
75.96997355780772 3.8159449357896276e-09
76.07432791709043 3.715891937999249e-09
76.17868227637312 1.6370217496899015e-09
76.28303663565583 1.770281285812217e-09
76.38739099493853 3.262497892686071e-09
76.49174535422124 3.3229062709635444e-09
76.59609971350393 1.5144226227064453e-09
76.70045407278664 1.558066055154141e-09
76.80480843206935 4.356822805744087e-09
76.90916279135205 3.883590731554071e-09
77.01351715063475 5.099813016827154e-10
77.11787150991745 2.5095706668675373e-09
77.22222586920016 6.107194208706034e-09
77.32658022848285 3.0460673662535246e-09
77.43093458776556 2.532157500707305e-10
77.53528894704826 3.295667287713326e-09
77.63964330633097 5.298922361970201e-09
77.74399766561366 2.6704832543640017e-09
77.84835202489637 4.1372807422969905e-10
77.95270638417908 2.3523377024385874e-09
78.05706074346178 4.889951119914171e-09
78.16141510274448 3.473513395047995e-09
78.26576946202718 4.191585936026355e-10
78.37012382130989 1.637343513844161e-09
78.47447818059258 5.305518958059627e-09
78.5788325398753 4.280606481377339e-09
78.68318689915799 5.530286684728564e-10
78.7875412584407 1.305178101617385e-09
78.89189561772339 5.484550569456711e-09
78.9962499770061 5.217952244102581e-09
79.10060433628881 7.621053039586864e-10
79.20495869557152 1.2898371007634055e-09
79.30931305485421 5.941252511733045e-09
79.41366741413692 5.0902906067254875e-09
79.51802177341962 5.327240091789213e-10
79.62237613270231 1.0231339242224862e-09
79.72673049198502 4.367625160154488e-09
79.83108485126772 4.059061695629741e-09
79.93543921055043 9.71467418428445e-10
80.03979356983312 3.774954843743595e-10
80.14414792911583 3.762257768579392e-09
80.24850228839854 4.798098681297972e-09
80.35285664768125 1.2654619151766478e-09
80.45721100696395 5.982406350715185e-10
80.56156536624665 4.2315778179726574e-09
80.66591972552935 4.15081977876693e-09
80.77027408481206 4.683272659797829e-10
80.87462844409475 9.601702102895503e-10
80.97898280337746 3.178467282173617e-09
81.08333716266016 1.7357394911480759e-09
81.18769152194287 7.319027247679492e-11
81.29204588122558 7.93922397866521e-10
81.39640024050827 1.605695742493292e-09
81.50075459979098 9.265862860831831e-10
81.60510895907368 1.0377045828690395e-10
81.70946331835638 7.59917298271201e-10
81.81381767763908 1.3770604198109688e-09
81.91817203692179 5.112198062829407e-10
82.02252639620448 9.625682970924328e-11
82.12688075548719 1.1454525520356725e-09
82.23123511476989 1.4092579680250455e-09
82.3355894740526 2.4112108050122983e-10
82.4399438333353 3.0819334637086043e-10
82.544298192618 1.6808370649866909e-09
82.64865255190071 1.5676231171423704e-09
82.7530069111834 3.9735867461390446e-10
82.85736127046611 7.268319707645251e-10
82.96171562974881 2.248336852842552e-09
83.06606998903152 2.0970226130216748e-09
83.17042434831421 7.959044681324869e-10
83.27477870759692 1.32279295951642e-09
83.37913306687962 2.404445960613611e-09
83.48348742616233 1.7742843511310015e-09
83.58784178544504 6.652339532095739e-10
83.69219614472775 7.743419323503092e-10
83.79655050401044 1.2359145489479083e-09
83.90090486329315 9.369022213485028e-10
84.00525922257584 4.80063386151582e-10
84.10961358185855 4.008349050310841e-10
84.21396794114125 8.869798552844293e-10
84.31832230042394 1.292970695692709e-09
84.42267665970665 1.0154189316190811e-09
84.52703101898935 7.468625608429007e-10
84.63138537827206 1.001948825013729e-09
84.73573973755477 1.265932532375599e-09
84.84009409683748 7.797237807295499e-10
84.94444845612017 2.598763849840137e-10
85.04880281540288 4.0002915017274783e-10
85.15315717468557 4.199642206304062e-10
85.25751153396828 1.0735504123368303e-10
85.36186589325098 1.9097460235516746e-11
85.46622025253369 1.1452437830678174e-10
85.57057461181638 9.050183019291307e-11
85.67492897109909 8.623814080610404e-11
85.77928333038179 1.3837862489184825e-10
85.8836376896645 1.6816125140653967e-10
85.9879920489472 1.5620456419133301e-10
86.0923464082299 6.096245563349226e-11
86.19670076751261 2.0181292340963433e-10
86.3010551267953 5.718385869463776e-10
86.40540948607801 4.0436277130682896e-10
86.50976384536071 3.2538489552597258e-12
86.61411820464342 4.938542828458114e-10
86.71847256392611 1.107149343339463e-09
86.82282692320882 6.437666152739168e-10
86.92718128249152 1.4535350996544026e-12
87.03153564177424 7.383124543879689e-10
87.13589000105694 1.7963560222028651e-09
87.24024436033963 9.50504314894434e-10
87.34459871962234 1.6751806587853098e-11
87.44895307890503 1.245539659425207e-09
87.55330743818774 2.0978775178543484e-09
87.65766179747044 7.529492850159509e-10
87.76201615675315 6.735057467400048e-11
87.86637051603584 1.1135439582802315e-09
87.97072487531855 1.3691789219523454e-09
88.07507923460125 7.035085247927153e-10
88.17943359388397 2.8225637521704407e-10
88.28378795316667 4.5913088602015726e-10
88.38814231244938 1.5007754272742885e-09
88.49249667173207 1.53997883515677e-09
88.59685103101478 2.1927815353106583e-10
88.70120539029747 7.859146119232224e-10
88.80555974958018 2.1585257098984347e-09
88.90991410886288 1.0253367834568697e-09
89.01426846814557 2.8600603644434596e-10
89.11862282742828 1.4407124055450417e-09
89.22297718671098 1.114642480202061e-09
89.3273315459937 5.170669277219295e-10
89.4316859052764 1.4707224632457612e-09
89.5360402645591 1.161311955219761e-09
89.6403946238418 3.616890584068164e-10
89.74474898312451 1.497135038424e-09
89.8491033424072 1.763187823199847e-09
89.95345770168991 6.329424030752342e-10
90.05781206097261 8.117768263106412e-10
90.16216642025532 1.2571643914356701e-09
90.26652077953801 1.2552002630886309e-09
90.37087513882072 1.4548130720534805e-09
90.47522949810343 7.814641401040999e-10
90.57958385738613 6.501904370842748e-10
90.68393821666884 2.381403737020666e-09
90.78829257595153 2.2684477295455106e-09
90.89264693523424 3.199552351757616e-10
90.99700129451693 1.1361782501092674e-09
91.10135565379964 2.9619494514937686e-09
91.20571001308234 1.8832013997858503e-09
91.31006437236505 3.332064647667655e-10
91.41441873164774 1.1875005898633843e-09
91.51877309093047 2.3833542490995996e-09
91.62312745021316 1.7565053417016856e-09
91.72748180949586 6.193160459602156e-10
91.83183616877857 9.468042185535412e-10
91.93619052806126 2.083130566055018e-09
92.04054488734397 1.8508913022290783e-09
92.14489924662666 7.814588050845812e-10
92.24925360590937 8.809185992763557e-10
92.35360796519207 1.7514505158240831e-09
92.45796232447478 1.8234066144862947e-09
92.56231668375747 9.027385178657588e-10
92.6666710430402 7.461207757992238e-10
92.77102540232289 1.8426469334406474e-09
92.8753797616056 1.770102430361882e-09
92.9797341208883 6.479030251718572e-10
93.084088480171 1.1164669611130049e-09
93.1884428394537 1.767619341175347e-09
93.29279719873641 9.238607221046824e-10
93.3971515580191 1.0385383116349681e-09
93.5015059173018 1.6715990858820178e-09
93.60586027658451 7.704170992207438e-10
93.7102146358672 8.469979393788081e-10
93.81456899514993 2.0261410694892704e-09
93.91892335443262 1.2241347267728725e-09
94.02327771371533 4.682251287101776e-10
94.12763207299803 1.3484566119234047e-09
94.23198643228073 1.258794112205127e-09
94.33634079156343 9.616702965579842e-10
94.44069515084614 1.2261762177209784e-09
94.54504951012883 4.950839837693008e-10
94.64940386941154 9.59432464205739e-10
94.75375822869424 2.549297803522451e-09
94.85811258797695 1.2453120306064992e-09
94.96246694725966 1.1827798932435709e-10
95.06682130654235 2.3840648197686745e-09
95.17117566582506 2.5500347413720517e-09
95.27553002510776 2.7776166340027096e-10
95.37988438439046 7.303894406169845e-10
95.48423874367316 1.694547588990565e-09
95.58859310295587 8.501896106445221e-10
95.69294746223856 6.580914356531239e-10
95.79730182152127 5.819450229562063e-10
95.90165618080397 3.762269024981635e-10
96.00601054008668 1.6013955402400743e-09
96.11036489936939 1.5237886873904713e-09
96.2147192586521 3.650045824904092e-11
96.31907361793479 1.1702588242562117e-09
96.42342797721749 2.2622708606782914e-09
96.5277823365002 5.824733299809072e-10
96.63213669578289 2.4325778576188096e-10
96.7364910550656 1.3320513726100457e-09
96.8408454143483 6.50351288200609e-10
96.945199773631 1.9080213145405466e-10
97.0495541329137 7.901892666834565e-10
97.15390849219641 3.4644938654978246e-10
97.25826285147912 2.411320678204601e-10
97.36261721076183 9.082263460012447e-10
97.46697157004452 4.0175440108850185e-10
97.57132592932723 1.056635161845117e-10
97.67568028860993 7.748546094213118e-10
97.78003464789263 4.445295658878109e-10
97.88438900717533 6.157916819821498e-11
97.98874336645804 6.381432908610584e-10
98.09309772574073 4.0578882712817565e-10
98.19745208502343 3.015824016829756e-11
98.30180644430614 7.441104142470121e-10
98.40616080358885 7.423376958004169e-10
98.51051516287156 4.356118434340479e-11
98.61486952215425 4.3133753765645095e-10
98.71922388143696 7.937003900646489e-10
98.82357824071966 2.0591582223304043e-10
98.92793260000236 2.2977962420438535e-11
99.03228695928506 2.035133627440033e-10
99.13664131856777 1.2871369571130047e-10
99.24099567785046 2.085340188888538e-10
99.34535003713317 2.0402954586507214e-10
99.44970439641587 2.7140831869212788e-11
99.55405875569858 3.614357583190924e-10
99.65841311498129 7.360237976457536e-10
99.76276747426398 3.7901161555389407e-10
99.86712183354669 1.7467706123531922e-10
99.97147619282939 5.077194010837732e-10
100.0758305521121 4.81593030344926e-10
100.18018491139479 1.2516405888965644e-10
100.2845392706775 3.2966956657579136e-11
100.3888936299602 1.0592598205269819e-10
100.4932479892429 9.084068927581514e-11
100.5976023485256 9.732606147824755e-11
100.70195670780832 6.922693407734235e-11
100.80631106709102 6.355953756878609e-12
100.91066542637373 1.9155001622040575e-10
101.01501978565642 3.4507010938674463e-10
101.11937414493912 1.3982134582091403e-10
101.22372850422182 3.341958211283181e-11
101.32808286350452 2.4182170436940216e-10
101.43243722278723 2.154022124488344e-10
101.53679158206992 1.3560744870066306e-11
101.64114594135263 1.085243466264651e-10
101.74550030063534 1.5270671351996637e-10
101.84985465991805 3.247381185580822e-11
101.95420901920075 1.6075572135175796e-10
102.05856337848346 2.498573780588028e-10
102.16291773776615 6.676896483445646e-11
102.26727209704886 9.179089741838328e-11
102.37162645633155 2.4284541359389293e-10
102.47598081561426 2.006397701637183e-10
102.58033517489696 1.7558661175852242e-10
102.68468953417967 1.315812872083994e-10
102.78904389346236 1.2637238400272122e-10
102.89339825274507 4.261105431474742e-10
102.99775261202778 4.790491165544285e-10
103.10210697131048 6.710135897669852e-11
103.20646133059319 2.242059742049461e-10
103.31081568987588 7.840389972582493e-10
103.41517004915859 5.307933789561202e-10
103.51952440844128 5.3323367036578704e-11
103.623878767724 3.367266448628152e-10
103.72823312700669 7.42994900403755e-10
103.8325874862894 5.57806941422281e-10
103.9369418455721 1.7272610769847737e-10
104.0412962048548 2.366768065200828e-10
104.14565056413751 7.279317248951535e-10
104.2500049234202 8.297741259330582e-10
104.35435928270292 2.6015227947969124e-10
104.45871364198561 2.1546148495172455e-10
104.56306800126832 8.93592061420838e-10
104.66742236055102 8.809276259621261e-10
104.77177671983372 2.6931756542774033e-10
104.87613107911642 3.4005680526273986e-10
104.98048543839913 8.21279001763209e-10
105.08483979768182 7.424306434166053e-10
105.18919415696455 4.044460869421361e-10
105.29354851624724 4.216247861751254e-10
105.39790287552995 6.681664068527662e-10
105.50225723481265 7.403479905207316e-10
105.60661159409534 5.398621560978113e-10
105.71096595337805 4.718582229604317e-10
105.81532031266075 6.739171490711907e-10
105.91967467194345 7.11280284661984e-10
106.02402903122615 5.817146601335926e-10
106.12838339050886 6.402133896696274e-10
106.23273774979155 6.787303880607043e-10
106.33709210907428 5.749238708880021e-10
106.44144646835697 6.983779831391007e-10
106.54580082763968 8.568089292761471e-10
106.65015518692238 6.365435906178184e-10
106.75450954620509 4.936562911504437e-10
106.85886390548778 8.335443446650953e-10
106.96321826477049 1.0162165570738703e-09
107.06757262405318 6.465746200200369e-10
107.1719269833359 4.4339635323478684e-10
107.27628134261859 8.717940377535648e-10
107.38063570190128 1.1708813277564334e-09
107.484990061184 7.157894623156668e-10
107.5893444204667 3.7671023066747197e-10
107.69369877974941 8.900971835075093e-10
107.7980531390321 1.3085352225507739e-09
107.90240749831482 7.916377437452369e-10
108.00676185759751 3.3868801644954985e-10
108.11111621688022 8.834194568552433e-10
108.21547057616291 1.353287437153669e-09
108.31982493544562 8.245325447252417e-10
108.42417929472832 3.365063944714078e-10
108.52853365401103 8.186338883997213e-10
108.63288801329374 1.2913657152599147e-09
108.73724237257643 8.305898546527635e-10
108.84159673185914 3.6690180447873163e-10
108.94595109114184 7.387762317354129e-10
109.05030545042455 1.1557304441261915e-09
109.15465980970724 8.264338695187449e-10
109.25901416898995 4.1444087232972386e-10
109.36336852827264 6.638779497026279e-10
109.46772288755535 9.968987361317479e-10
109.57207724683805 7.712129708407801e-10
109.67643160612076 4.692621209936866e-10
109.78078596540345 6.241228407934688e-10
109.88514032468616 8.163980590067299e-10
109.98949468396886 6.754995582703436e-10
110.09384904325157 5.534706970600652e-10
110.19820340253426 6.152392460986984e-10
110.30255776181698 6.258191314890995e-10
110.4069121210997 5.922959082216777e-10
110.51126648038239 6.348188815888928e-10
110.6156208396651 6.100410993649729e-10
110.7199751989478 4.872371037650565e-10
110.8243295582305 5.07813233516287e-10
110.9286839175132 6.749110466621797e-10
111.0330382767959 6.381619699547269e-10
111.1373926360786 3.8635220963007623e-10
111.24174699536131 4.0835168213877694e-10
111.346101354644 7.088436967544496e-10
111.45045571392671 6.734435628579591e-10
111.55481007320941 2.959055155317265e-10
111.65916443249212 3.2446498639803115e-10
111.76351879177481 7.193317774598941e-10
111.86787315105752 6.700823119029479e-10
111.97222751034022 2.5030267582717335e-10
112.07658186962291 2.518798766386505e-10
112.18093622890562 6.550641878923659e-10
112.28529058818832 6.573595800267528e-10
112.38964494747103 2.3267121292331349e-10
112.49399930675372 1.748174627207604e-10
112.59835366603646 5.556865758821899e-10
112.70270802531915 6.094092728938201e-10
112.80706238460186 2.114908921407162e-10
112.91141674388456 1.2293135190920272e-10
113.01577110316725 4.4527172026512407e-10
113.12012546244996 4.97900620627267e-10
113.22447982173266 1.9877980732890959e-10
113.32883418101537 1.0129717261918427e-10
113.43318854029806 3.1593969802925977e-10
113.53754289958077 3.781195934777015e-10
113.64189725886347 1.8078023320754155e-10
113.74625161814618 8.856317606031214e-11
113.85060597742887 2.1089791718651607e-10
113.95496033671158 2.6199580147938355e-10
114.05931469599427 1.4513075116246755e-10
114.16366905527698 9.371244030547647e-11
114.26802341455968 1.4580247753364643e-10
114.37237777384239 1.499318873595973e-10
114.47673213312508 1.1294263218069549e-10
114.58108649240779 1.0962353952354016e-10
114.68544085169049 1.0246142344273538e-10
114.7897952109732 7.604785727739092e-11
114.89414957025592 8.55003819968327e-11
114.99850392953861 1.1693400772230695e-10
115.10285828882132 9.344301910747315e-11
115.20721264810402 3.397396125302008e-11
115.31156700738673 5.527481738336466e-11
115.41592136666942 1.2782605077951926e-10
115.52027572595213 1.0707435605086143e-10
115.62463008523483 1.691402352785448e-11
115.72898444451754 3.078751478795668e-11
115.83333880380023 1.3296478578837347e-10
115.93769316308294 1.3022212171070078e-10
116.04204752236564 3.280614744688355e-11
116.14640188164834 1.2913787716084157e-11
116.25075624093104 1.163384491463618e-10
116.35511060021375 1.659894762392507e-10
116.45946495949644 6.419847309027028e-11
116.56381931877915 1.2894406614826906e-12
116.66817367806185 9.392600722027655e-11
116.77252803734454 1.8314642090242022e-10
116.87688239662725 1.040455853781754e-10
116.98123675590995 2.8360595490877067e-12
117.08559111519266 6.691801920360571e-11
117.18994547447538 1.790196607092933e-10
117.29429983375809 1.420047041945854e-10
117.39865419304078 1.6276904991338234e-11
117.5030085523235 4.36171843735112e-11
117.60736291160619 1.7209518721427876e-10
117.71171727088888 1.5738455340622795e-10
117.81607163017159 4.361994054266765e-11
117.92042598945429 4.811533871965754e-11
118.024780348737 1.5352707077519775e-10
118.12913470801969 1.618953357510515e-10
118.2334890673024 8.310213090998947e-11
118.3378434265851 7.568012227600923e-11
118.4421977858678 1.4404394774216812e-10
118.5465521451505 1.6260970082085442e-10
118.65090650443321 1.253597207813415e-10
118.7552608637159 1.320853913044935e-10
118.85961522299861 1.562721182372204e-10
118.96396958228131 1.496838644086272e-10
119.06832394156402 1.7855842226376994e-10
119.17267830084671 2.2393739188764848e-10
119.27703266012942 1.778548381644211e-10
119.38138701941214 1.3829626964463303e-10
119.48574137869484 2.4093515221140006e-10
119.59009573797755 3.2809475080103185e-10
119.69445009726024 2.2806148726580746e-10
119.79880445654295 1.3339258103123713e-10
119.90315881582565 2.8360643803870056e-10
120.00751317510836 4.4314254707654526e-10
120.11186753439105 3.0476562343726084e-10
120.21622189367376 1.2920930911076124e-10
120.32057625295646 3.0932650227515725e-10
120.42493061223917 5.455273983674397e-10
120.52928497152186 3.751982661312705e-10
120.63363933080457 1.461974792535962e-10
120.73799369008727 3.320542419238469e-10
120.84234804936997 5.954007118406196e-10
120.94670240865267 4.417813431393336e-10
121.05105676793538 1.841329039936212e-10
121.15541112721807 3.420047644754389e-10
121.25976548650077 6.195011259478564e-10
121.36411984578348 4.897938239716923e-10
121.46847420506617 2.2086426348948432e-10
121.57282856434888 3.598847874402207e-10
121.6771829236316 6.325699835084357e-10
121.78153728291431 5.057679817948165e-10
121.88589164219701 2.6831113906054765e-10
121.99024600147972 3.8588701642367677e-10
122.09460036076241 6.061546203228664e-10
122.19895472004512 5.204979082414517e-10
122.30330907932782 3.347080068426027e-10
122.40766343861051 4.0156178448803625e-10
122.51201779789322 5.62933565341136e-10
122.61637215717592 5.252256974245136e-10
122.72072651645863 4.0419807396637456e-10
122.82508087574132 4.3918252506627304e-10
122.92943523502403 5.182717681608273e-10
123.03378959430673 4.975218362494216e-10
123.13814395358943 4.878141496945467e-10
123.24249831287213 5.080675663755513e-10
123.34685267215484 4.6160621122418294e-10
123.45120703143753 4.606943188853678e-10
123.55556139072024 5.724536953972969e-10
123.65991575000294 5.756026621786815e-10
123.76427010928565 4.27520580119886e-10
123.86862446856834 4.229565246101294e-10
123.97297882785107 6.202546718986378e-10
124.07733318713377 6.495229915281836e-10
124.18168754641647 4.174053031231813e-10
124.28604190569918 3.708231565548333e-10
124.39039626498187 6.449106258561696e-10
124.49475062426458 7.153596248575774e-10
124.59910498354728 4.0830322258328495e-10
124.70345934282999 3.285581538258031e-10
124.80781370211268 6.483219462020576e-10
124.91216806139539 7.33754972743975e-10
125.01652242067809 4.142219611818168e-10
125.1208767799608 3.044150460542134e-10
125.22523113924349 6.07212765668585e-10
125.3295854985262 7.213780441973658e-10
125.4339398578089 4.2275392657493935e-10
125.5382942170916 2.819943954231026e-10
125.6426485763743 5.51301727888958e-10
125.74700293565701 6.823442621947169e-10
125.8513572949397 4.11485003235466e-10
125.9557116542224 2.757601462017425e-10
126.06006601350511 4.973393165522056e-10
126.1644203727878 6.010951564971656e-10
126.26877473207054 4.0130908919560306e-10
126.37312909135323 2.905486835836744e-10
126.47748345063594 4.3159547634114633e-10
126.58183780991864 5.102187266742908e-10
126.68619216920135 3.8790642152716534e-10
126.79054652848404 3.0458016229358255e-10
126.89490088776674 3.785549155801583e-10
126.99925524704945 4.2146317431650727e-10
127.10360960633214 3.5634710422129837e-10
127.20796396561485 3.2818418402647224e-10
127.31231832489755 3.448164935202216e-10
127.41667268418026 3.216201246166297e-10
127.52102704346295 3.201375300370165e-10
127.62538140274566 3.567095725748542e-10
127.72973576202835 3.14023255028202e-10
127.83409012131106 2.3889565248392e-10
127.93844448059376 2.8251850413167204e-10
128.04279883987647 3.636444706385079e-10
128.14715319915916 2.983143952196683e-10
128.25150755844186 1.776581735396979e-10
128.35586191772458 2.3177166040485615e-10
128.4602162770073 3.60576309795928e-10
128.56457063629 2.925216760934491e-10
128.6689249955727 1.2609391213412807e-10
128.7732793548554 1.8020898070716229e-10
128.8776337141381 3.4346945021413456e-10
128.9819880734208 2.746947977887757e-10
129.0863424327035 9.709942356943986e-11
129.1906967919862 1.3633916378507451e-10
129.29505115126892 2.9543262615991214e-10
129.39940551055162 2.5383556168077527e-10
129.5037598698343 8.296484004020605e-11
129.608114229117 9.364968427970796e-11
129.71246858839973 2.3787987600872367e-10
129.81682294768243 2.2406465990418418e-10
129.92117730696512 7.169340652781046e-11
130.02553166624782 6.341644493097626e-11
130.12988602553054 1.8119374380398088e-10
130.23424038481323 1.766591788915202e-10
130.33859474409593 6.747845347403812e-11
130.44294910337862 4.8435462049520764e-11
130.54730346266132 1.2241287239811388e-10
130.65165782194404 1.31085327816781e-10
130.75601218122677 6.200311504725289e-11
130.86036654050946 3.92641621194178e-11
130.96472089979216 8.077324181926977e-11
131.06907525907488 9.09319147182267e-11
131.17342961835757 5.2108768290345333e-11
131.27778397764027 4.0226671525259996e-11
131.38213833692296 5.597129150462131e-11
131.4864926962057 5.330280786857537e-11
131.59084705548838 4.4692988728857e-11
131.69520141477108 4.8765358419971215e-11
131.79955577405377 4.481048938487431e-11
131.90391013333647 3.1582232096890584e-11
132.0082644926192 3.641391804883143e-11
132.11261885190189 5.783319196107067e-11
132.21697321118458 5.5329799080788984e-11
132.32132757046728 2.2175789919538753e-11
132.42568192975 2.461037796347564e-11
132.5300362890327 7.201610020521529e-11
132.6343906483154 7.928559799155377e-11
132.73874500759808 2.7449505649760318e-11
132.8430993668808 1.664029238527927e-11
132.9474537261635 8.11158245346423e-11
133.05180808544623 1.0834867709196417e-10
133.15616244472892 4.899874339846816e-11
133.26051680401162 1.2081334885214943e-11
133.36487116329434 8.250525111179929e-11
133.46922552257703 1.4311192622981977e-10
133.57357988185973 7.59595025487383e-11
133.67793424114242 1.3551493291879796e-11
133.78228860042515 8.479547168701386e-11
133.88664295970784 1.6539599500346693e-10
133.99099731899054 1.0711171193942667e-10
134.09535167827323 2.6378405636083296e-11
134.19970603755596 8.465238733631902e-11
134.30406039683865 1.7850371885363867e-10
134.40841475612135 1.4001242727334452e-10
134.51276911540404 4.7314821582541675e-11
134.61712347468676 8.753438350370688e-11
134.72147783396946 1.8707609797097594e-10
134.82583219325215 1.6115677462466333e-10
134.93018655253485 8.081837707510205e-11
135.03454091181757 1.0640709811105462e-10
135.13889527110027 1.829399177386632e-10
135.24324963038296 1.7716832036991585e-10
135.34760398966569 1.2888887123374545e-10
135.45195834894838 1.364623949000406e-10
135.5563127082311 1.7857405698508588e-10
135.6606670675138 1.8862386765161823e-10
135.7650214267965 1.788065664498541e-10
135.8693757860792 1.8535129080728252e-10
135.9737301453619 1.851007037293847e-10
136.0780845046446 1.870270866553071e-10
136.1824388639273 2.3203887619764098e-10
136.28679322321 2.538950481925804e-10
136.3911475824927 1.9389174633517568e-10
136.49550194177542 1.8236725923999755e-10
136.5998563010581 2.8539375990380374e-10
136.7042106603408 3.2226079030264614e-10
136.8085650196235 2.1783462926350313e-10
136.91291937890622 1.8196233363355971e-10
137.01727373818892 3.1879731808811117e-10
137.1216280974716 3.8857681917208363e-10
137.2259824567543 2.5475837189720246e-10
137.33033681603703 1.7889785722560534e-10
137.43469117531973 3.386907450470842e-10
137.53904553460242 4.453741856037189e-10
137.64339989388515 2.873611265651423e-10
137.74775425316784 1.84792131103149e-10
137.85210861245056 3.5143533202900224e-10
137.95646297173326 4.691299621655227e-10
138.06081733101595 3.208266486592686e-10
138.16517169029865 2.0585203285672205e-10
138.26952604958137 3.4897742378026317e-10
138.37388040886407 4.729422630434454e-10
138.47823476814676 3.507015920162396e-10
138.58258912742946 2.3115660058217143e-10
138.68694348671218 3.477281716386365e-10
138.79129784599488 4.647566025096316e-10
138.89565220527757 3.6167702465664836e-10
139.00000656456027 2.670622530719077e-10
139.104360923843 3.5798730656164153e-10
139.20871528312568 4.3466513825815855e-10
139.31306964240838 3.653507504116585e-10
139.41742400169107 3.1163340045959425e-10
139.5217783609738 3.6535743675335475e-10
139.6261327202565 4.028124116959378e-10
139.7304870795392 3.6525183705070767e-10
139.8348414388219 3.467780046152424e-10
139.9391957981046 3.7859905354452137e-10
140.04355015738733 3.771307591675196e-10
140.14790451667002 3.5199425998941746e-10
140.25225887595272 3.794684769100923e-10
140.35661323523541 3.972857834476553e-10
140.46096759451814 3.444437656286009e-10
140.56532195380083 3.3856473118369385e-10
140.66967631308353 4.1042842054484375e-10
140.77403067236622 4.0164697925514624e-10
140.87838503164892 3.1415421808341076e-10
140.98273939093164 3.27727706093148e-10
141.08709375021434 4.237282082447336e-10
141.19144810949703 4.017810987404815e-10
141.29580246877973 2.867592251218538e-10
141.40015682806245 3.047466923278503e-10
141.50451118734514 4.297966027207319e-10
141.60886554662784 4.0279739119777655e-10
141.71321990591053 2.532279620427018e-10
141.81757426519326 2.7911039607471114e-10
141.92192862447595 4.3177604985217684e-10
142.02628298375865 3.9246840280374233e-10
142.13063734304137 2.2853198868755754e-10
142.23499170232407 2.557035083127863e-10
142.3393460616068 4.118074213697473e-10
142.44370042088948 3.8187786126350283e-10
142.54805478017218 2.154028327607211e-10
142.65240913945487 2.2415352007719925e-10
142.7567634987376 3.7765854396911856e-10
142.8611178580203 3.677072498610033e-10
142.965472217303 2.0364899507751076e-10
143.06982657658568 1.953794603738797e-10
143.1741809358684 3.342846997067662e-10
143.2785352951511 3.3459474681015984e-10
143.3828896544338 2.0197981592249556e-10
143.4872440137165 1.781056856851418e-10
143.59159837299921 2.7360685496645245e-10
143.6959527322819 2.9238444413558946e-10
143.8003070915646 2.082114441256891e-10
143.9046614508473 1.6714553662573416e-10
144.00901581013002 2.1271183168173557e-10
144.11337016941272 2.4143714709859314e-10
144.2177245286954 2.068967199481494e-10
144.3220788879781 1.717061160553753e-10
144.42643324726083 1.6432233191095448e-10
144.53078760654356 1.7468007044523148e-10
144.63514196582625 1.976725861182315e-10
144.73949632510895 1.9019025508506616e-10
144.84385068439164 1.3013533978160741e-10
144.94820504367436 1.1092231352931202e-10
145.05255940295706 1.7643274043378123e-10
145.15691376223975 2.0350205970258945e-10
145.26126812152245 1.230661525407149e-10
145.36562248080517 6.471421679830016e-11
145.46997684008787 1.3613720092370928e-10
145.57433119937056 2.059972466328829e-10
145.67868555865326 1.3438369702122777e-10
145.78303991793595 3.8202710216889136e-11
145.88739427721868 9.008729512762795e-11
145.99174863650137 1.8738246505959208e-10
146.09610299578407 1.4003811848761705e-10
146.20045735506676 3.531598938233059e-11
146.30481171434948 5.1845464731095364e-11
146.40916607363218 1.4057099468637597e-10
146.51352043291487 1.322061831897302e-10
146.61787479219757 4.42279009481567e-11
146.7222291514803 2.7258724043246888e-11
146.82658351076302 8.874068497906442e-11
146.9309378700457 1.0486606760168291e-10
147.0352922293284 4.9306118477420355e-11
147.1396465886111 2.4154936817366313e-11
147.24400094789382 5.2395753998162243e-11
147.34835530717652 6.529945285694901e-11
147.4527096664592 4.698342540074708e-11
147.5570640257419 3.5714838960652014e-11
147.66141838502463 3.9325672016621216e-11
147.76577274430733 3.7754747956613536e-11
147.87012710359002 3.4626295456468416e-11
147.97448146287272 4.487212806913606e-11
148.07883582215544 5.146973469768061e-11
148.18319018143814 3.2136050286979094e-11
148.28754454072083 1.9635987195953322e-11
148.39189890000353 4.4731689477135474e-11
148.49625325928625 6.709346594606818e-11
148.60060761856894 4.4429055414990735e-11
148.70496197785164 1.8269452128755935e-11
148.80931633713433 3.595880213528759e-11
148.91367069641706 6.74604936526381e-11
149.01802505569978 6.201226253261338e-11
149.12237941498248 3.2137474825742114e-11
149.22673377426517 3.346310473986513e-11
149.33108813354787 5.967822986277148e-11
149.4354424928306 6.422705486506987e-11
149.53979685211328 5.354938831280922e-11
149.64415121139598 5.698797646668289e-11
149.74850557067867 5.795670511838242e-11
149.8528599299614 5.156382386098129e-11
149.9572142892441 7.095240132287303e-11
150.0615686485268 1.0098444902293197e-10
150.16592300780948 8.371644808100042e-11
150.27027736709218 4.21133113101924e-11
150.3746317263749 6.98015107075015e-11
150.4789860856576 1.490057346291201e-10
150.5833404449403 1.4512602960611305e-10
150.68769480422299 5.088137839517326e-11
150.7920491635057 5.2536276293497274e-11
150.8964035227884 1.8117201913925763e-10
151.0007578820711 2.1858645072862535e-10
151.1051122413538 9.512382037300261e-11
151.20946660063652 3.7292942999507815e-11
151.31382095991924 1.6887940589609706e-10
151.41817531920194 2.7004171650434496e-10
151.52252967848463 1.7110240877107492e-10
151.62688403776733 4.798557449278817e-11
151.73123839705005 1.2183100100639652e-10
151.83559275633274 2.6488274567222585e-10
151.93994711561544 2.3741297628302287e-10
152.04430147489813 1.0878322082068649e-10
152.14865583418086 9.570595591204069e-11
152.25301019346355 2.030959375314781e-10
152.35736455274625 2.612393763151748e-10
152.46171891202894 2.0669036688865846e-10
152.56607327131167 1.300715734761015e-10
152.67042763059436 1.440280218770994e-10
152.77478198987706 2.375964521961648e-10
152.87913634915975 2.870592908831047e-10
152.98349070844247 2.213165107848323e-10
153.08784506772517 1.3761255954004344e-10
153.19219942700786 1.8426664405340035e-10
153.29655378629056 3.118653475509085e-10
153.40090814557328 3.1406039221215463e-10
153.505262504856 1.7638356477018855e-10
153.6096168641387 1.493227207684796e-10
153.7139712234214 2.934280076183918e-10
153.8183255827041 3.528565737823215e-10
153.92267994198681 2.3005120003854268e-10
154.0270343012695 1.5990781376676256e-10
154.1313886605522 2.6900121161103466e-10
154.2357430198349 3.5264336221038067e-10
154.34009737911762 2.727774829995864e-10
154.44445173840032 1.9706173127346181e-10
154.548806097683 2.6724578253368927e-10
154.6531604569657 3.3512204916295966e-10
154.7575148162484 2.769131187290337e-10
154.86186917553113 2.3259559101249952e-10
154.96622353481382 2.8478939888279267e-10
155.07057789409652 3.018596430361207e-10
155.1749322533792 2.4651582263038853e-10
155.27928661266193 2.4764383904639784e-10
155.38364097194463 3.087841225607821e-10
155.48799533122732 2.994377820363017e-10
155.59234969051002 2.3753481502070397e-10
155.69670404979274 2.651033162272389e-10
155.80105840907547 3.5364774615119424e-10
155.90541276835816 3.3825609287336683e-10
156.00976712764086 2.441143649753223e-10
156.11412148692355 2.5752730895669596e-10
156.21847584620627 3.500930686149164e-10
156.32283020548897 3.326461426597691e-10
156.42718456477166 2.3589133851908756e-10
156.53153892405436 2.3328766365396096e-10
156.63589328333708 3.082938323248738e-10
156.74024764261978 3.152788781161173e-10
156.84460200190247 2.5676041782080396e-10
156.94895636118517 2.4377997413595066e-10
157.0533107204679 2.883749742362293e-10
157.1576650797506 3.0910162456819776e-10
157.26201943903328 2.8732380713839045e-10
157.36637379831598 2.7133465259771736e-10
157.4707281575987 2.6478385279840534e-10
157.5750825168814 2.610526993987057e-10
157.6794368761641 2.8202617013361144e-10
157.78379123544678 2.892331230889063e-10
157.8881455947295 2.3424443116602434e-10
157.9924999540122 2.0104008673760377e-10
158.09685431329493 2.597694117920634e-10
158.20120867257762 2.9940541620876156e-10
158.30556303186032 2.271067585880688e-10
158.40991739114304 1.6473885698222867e-10
158.51427175042573 2.3409925918766393e-10
158.61862610970843 3.1013055531697353e-10
158.72298046899112 2.403928724677676e-10
158.82733482827385 1.4183353306336618e-10
158.93168918755654 1.9893616507028237e-10
159.03604354683924 2.986996695110735e-10
159.14039790612193 2.3917427588215595e-10
159.24475226540463 1.2699399360814892e-10
159.34910662468735 1.6053747075416936e-10
159.45346098397005 2.5521656364410144e-10
159.55781534325274 2.2143848034390552e-10
159.66216970253544 1.2125426109374432e-10
159.76652406181816 1.2986837667123823e-10
159.87087842110085 2.0886449286761767e-10
159.97523278038355 1.995947173485101e-10
160.07958713966624 1.2055107828634723e-10
160.18394149894897 1.1644371550267189e-10
160.28829585823166 1.7355231517673035e-10
160.3926502175144 1.7180316792998897e-10
160.49700457679708 1.2303437720544685e-10
160.60135893607978 1.1508613218604736e-10
160.7057132953625 1.3976367509657455e-10
160.8100676546452 1.4045207661690685e-10
160.9144220139279 1.2163344592163e-10
161.01877637321059 1.1218067338774707e-10
161.1231307324933 1.1130939597243236e-10
161.227485091776 1.0866977655512472e-10
161.3318394510587 1.0952977846967886e-10
161.4361938103414 1.096100790685301e-10
161.54054816962412 9.205049158241501e-11
161.6449025289068 7.613143597229457e-11
161.7492568881895 9.194220590511037e-11
161.8536112474722 1.0519264134354521e-10
161.95796560675493 7.574436121628795e-11
162.06231996603762 5.069269874483981e-11
162.16667432532032 7.26277044784246e-11
162.271028684603 9.238125540282276e-11
162.37538304388573 6.443458681305149e-11
162.47973740316843 3.425174325419718e-11
162.58409176245115 5.374344232698418e-11
162.68844612173385 8.041482169710112e-11
162.79280048101654 5.786465563789025e-11
162.89715484029927 2.4424757472801463e-11
163.00150919958196 4.215996876253168e-11
163.10586355886466 7.36907071912925e-11
163.21021791814735 5.458499426264453e-11
163.31457227743007 2.1986762302323232e-11
163.41892663671277 3.5430566697662357e-11
163.52328099599546 6.617619016962364e-11
163.62763535527816 5.600041862206657e-11
163.73198971456088 2.3140889526636376e-11
163.83634407384358 2.7332650370159352e-11
163.94069843312627 5.7687097937327066e-11
164.04505279240897 5.549879555026747e-11
164.14940715169166 2.4548097666668136e-11
164.25376151097439 2.2434426786743888e-11
164.35811587025708 4.837783613755796e-11
164.46247022953978 5.086724246948458e-11
164.56682458882247 2.8647944112816855e-11
164.6711789481052 2.297793812321675e-11
164.7755333073879 4.195106994438886e-11
164.8798876666706 5.021112398827945e-11
164.9842420259533 3.57137431902208e-11
165.088596385236 3.048689671987497e-11
165.19295074451873 4.531621016292034e-11
165.29730510380142 5.2742988932806494e-11
165.40165946308412 4.650064356497775e-11
165.5060138223668 4.7870118209191594e-11
165.61036818164953 5.4496695545735683e-11
165.71472254093223 5.463409154638073e-11
165.81907690021492 5.834212277289434e-11
165.92343125949762 6.821231582584552e-11
166.02778561878034 6.702066610115425e-11
166.13213997806304 5.6171595696395675e-11
166.23649433734573 6.241695779530374e-11
166.34084869662843 8.548087701218806e-11
166.44520305591115 8.476873779145209e-11
166.54955741519385 5.765896613177785e-11
166.65391177447654 6.442441986300396e-11
166.75826613375924 1.0653180077810714e-10
166.86262049304196 1.0709875424138012e-10
166.96697485232465 6.607775549638926e-11
167.07132921160735 7.223464875542858e-11
167.17568357089007 1.2893899474385635e-10
167.28003793017277 1.368149857634917e-10
167.3843922894555 8.572217090081772e-11
167.48874664873819 8.090094289340997e-11
167.59310100802088 1.4558479315376003e-10
167.69745536730358 1.660882632811141e-10
167.8018097265863 1.0567443914217063e-10
167.906164085869 8.834318342640262e-11
168.0105184451517 1.5458085001469348e-10
168.11487280443438 1.8063797942904272e-10
168.2192271637171 1.2425151019505422e-10
168.3235815229998 1.0174529365421713e-10
168.4279358822825 1.5806266443787228e-10
168.5322902415652 1.8857696437402102e-10
168.6366446008479 1.4730016095271984e-10
168.7409989601306 1.2358976618045412e-10
168.8453533194133 1.674228029871752e-10
168.949707678696 1.9948053076609423e-10
169.0540620379787 1.712225699666427e-10
169.15841639726142 1.5380468672034872e-10
169.2627707565441 1.832747703160985e-10
169.3671251158268 2.0152093919412812e-10
169.47147947510953 1.8896391457240592e-10
169.57583383439223 1.8547585462314722e-10
169.68018819367495 1.933320187557845e-10
169.78454255295765 1.937919971992654e-10
169.88889691224034 1.9836672010748044e-10
169.99325127152304 2.0903573585456033e-10
170.09760563080576 2.0300059619056394e-10
170.20195999008845 1.8799853902770826e-10
170.30631434937115 2.0254617155124483e-10
170.41066870865384 2.335760702045035e-10
170.51502306793657 2.215115448861523e-10
170.61937742721926 1.852484557404275e-10
170.72373178650196 2.0901645776362588e-10
170.82808614578465 2.6214959463815116e-10
170.93244050506738 2.3946179095315167e-10
171.03679486435007 1.8401169046399332e-10
171.14114922363277 2.1266294508457705e-10
171.24550358291546 2.773680706897293e-10
171.34985794219818 2.5185250685177947e-10
171.45421230148088 1.8224384844750092e-10
171.55856666076357 2.0391785167341106e-10
171.6629210200463 2.783925772238943e-10
171.767275379329 2.606637031789568e-10
171.87162973861172 1.8077341613509265e-10
171.9759840978944 1.9563075583474379e-10
172.0803384571771 2.762153783358514e-10
172.1846928164598 2.641557395223197e-10
172.28904717574252 1.8892895009497245e-10
172.39340153502522 1.986290349156692e-10
172.49775589430791 2.6786621080126515e-10
172.6021102535906 2.6248265242510354e-10
172.70646461287333 2.0156392364662872e-10
172.81081897215603 2.0198158541060482e-10
172.91517333143872 2.5307160383018965e-10
173.01952769072142 2.509575509543627e-10
173.1238820500041 2.020197397619744e-10
173.22823640928684 2.0101188338841997e-10
173.33259076856953 2.3635666684189535e-10
173.43694512785223 2.2830129554350438e-10
173.54129948713492 1.966070214837113e-10
173.64565384641764 2.0065489099014366e-10
173.75000820570034 2.1700123665855983e-10
173.85436256498303 2.0838718692225087e-10
173.95871692426576 1.969602220677295e-10
174.06307128354848 1.9985381342878544e-10
174.16742564283118 1.9913122109167156e-10
174.27178000211387 1.921283257336733e-10
174.37613436139657 1.9561389207721584e-10
174.48048872067926 1.99572346588045e-10
174.58484307996198 1.811005453804928e-10
174.68919743924468 1.6602277110339364e-10
174.79355179852737 1.8705451078333492e-10
174.89790615781007 1.986823566241911e-10
175.0022605170928 1.5933846761456274e-10
175.1066148763755 1.3558023565791374e-10
175.21096923565818 1.731538497845331e-10
175.31532359494088 1.9277932984653323e-10
175.4196779542236 1.4474047726989494e-10
175.5240323135063 1.127437973230878e-10
175.628386672789 1.5436325680873985e-10
175.7327410320717 1.8566387427714457e-10
175.8370953913544 1.3993608349340024e-10
175.9414497506371 9.66395543979674e-11
176.0458041099198 1.3389841305444108e-10
176.1501584692025 1.736481627251445e-10
176.25451282848522 1.3202276886934449e-10
176.35886718776794 8.567607345329248e-11
176.46322154705064 1.1386660529747501e-10
176.56757590633333 1.488728495442644e-10
176.67193026561603 1.1797529659741278e-10
176.77628462489875 7.765637858960591e-11
176.88063898418145 9.379708543897086e-11
176.98499334346414 1.218834488976974e-10
177.08934770274684 1.0234879950314788e-10
177.19370206202956 6.954726880410572e-11
177.29805642131225 7.919138453125022e-11
177.40241078059495 1.0075150721270456e-10
177.50676513987764 8.649202460467938e-11
177.61111949916037 6.450830046635192e-11
177.71547385844306 6.984669643423323e-11
177.81982821772576 8.00974242118043e-11
177.92418257700845 7.209796182810096e-11
178.02853693629115 6.121354444017203e-11
178.13289129557387 6.023575724777187e-11
178.23724565485657 6.056512559320031e-11
178.34160001413926 5.6837680374714245e-11
178.44595437342196 5.49854945381179e-11
178.5503087327047 5.390763397344914e-11
178.6546630919874 4.573485487045881e-11
178.7590174512701 4.025759503800841e-11
178.8633718105528 4.8867168756142763e-11
178.9677261698355 5.263737117589966e-11
179.0720805291182 3.6732769370342345e-11
179.1764348884009 2.8479800704669525e-11
179.2807892476836 4.403015299104162e-11
179.3851436069663 5.2852656783735696e-11
179.48949796624902 3.5810671123432805e-11
179.5938523255317 2.192077814351975e-11
179.6982066848144 3.7445163080984843e-11
179.8025610440971 5.4298549899714095e-11
179.90691540337983 3.9244510256769494e-11
180.01126976266252 1.833657507165461e-11
180.11562412194522 3.133237830013031e-11
180.2199784812279 5.423513035274465e-11
180.32433284051064 4.304184850753598e-11
180.42868719979333 1.9591106794257673e-11
180.53304155907603 2.7255644793940092e-11
180.63739591835872 5.183362130938519e-11
180.74175027764144 4.9064034460007125e-11
180.84610463692417 2.4845992233268497e-11
180.95045899620686 2.618404272817824e-11
181.05481335548956 5.196106459598877e-11
181.15916771477225 5.541813662743108e-11
181.26352207405498 3.3592440683297886e-11
181.36787643333767 3.157369170139468e-11
181.47223079262037 5.3764474507098765e-11
181.57658515190306 6.034470802011627e-11
181.68093951118578 4.588101894693828e-11
181.78529387046848 4.1645823056681316e-11
181.88964822975117 5.637019731593098e-11
181.99400258903387 6.467197980826454e-11
182.0983569483166 5.688872974355688e-11
182.2027113075993 5.442089486771082e-11
182.30706566688198 6.326165936241903e-11
182.41142002616468 6.666536694400186e-11
182.51577438544737 6.624029401940306e-11
182.6201287447301 7.215272445931605e-11
182.7244831040128 7.357551018664567e-11
182.82883746329549 6.928984659077339e-11
182.93319182257818 7.771490856541314e-11
183.03754618186093 9.237945304593505e-11
183.14190054114363 8.823388402956567e-11
183.24625490042632 7.593139664697229e-11
183.35060925970902 8.791964729749513e-11
183.4549636189917 1.1281325391847327e-10
183.55931797827444 1.0745172933263185e-10
183.66367233755713 8.243938030138003e-11
183.76802669683983 9.527925045223094e-11
183.87238105612252 1.3249241243493428e-10
183.97673541540524 1.248923368670221e-10
184.08108977468794 8.977895052202241e-11
184.18544413397063 1.0331327703475966e-10
184.28979849325333 1.4765738062371954e-10
184.39415285253605 1.4189324162269507e-10
184.49850721181875 1.0219279407180566e-10
184.60286157110144 1.1191792200866232e-10
184.70721593038414 1.6082887602363627e-10
184.81157028966686 1.6130285303673105e-10
184.91592464894956 1.1717932878340836e-10
185.02027900823225 1.2226870676720234e-10
185.12463336751495 1.7336491551746481e-10
185.22898772679767 1.75703717360573e-10
185.3333420860804 1.3324451497346772e-10
185.4376964453631 1.35364301287609e-10
185.54205080464578 1.7864163403325485e-10
185.64640516392848 1.831228740897586e-10
185.7507595232112 1.5000590807469722e-10
185.8551138824939 1.4755160493842492e-10
185.9594682417766 1.7980064478878054e-10
186.0638226010593 1.874955668643275e-10
186.168176960342 1.6416553945386659e-10
186.2725313196247 1.6209205955396253e-10
186.3768856789074 1.835216891590316e-10
186.4812400381901 1.8699290583265113e-10
186.58559439747282 1.7762149190633357e-10
186.6899487567555 1.812548713729586e-10
186.7943031160382 1.8545643762435177e-10
186.8986574753209 1.8272494773467314e-10
187.0030118346036 1.895925351897004e-10
187.10736619388632 1.9691038370107868e-10
187.21172055316902 1.8556789280753446e-10
187.3160749124517 1.7631773946176676e-10
187.4204292717344 1.937204862612175e-10
187.52478363101713 2.087543007232293e-10
187.62913799029985 1.8739614959381977e-10
187.73349234958255 1.6666158618232536e-10
187.83784670886524 1.9391209551587512e-10
187.94220106814797 2.20978213441271e-10
188.04655542743066 1.8916130238124644e-10
188.15090978671336 1.5890468410867647e-10
188.25526414599605 1.9456788422541936e-10
188.35961850527875 2.2842672498045147e-10
188.46397286456147 1.922192571691848e-10
188.56832722384416 1.552347178249016e-10
188.67268158312686 1.8940952785500054e-10
188.77703594240955 2.285715691642497e-10
188.88139030169228 1.952516584266276e-10
188.98574466097497 1.5028541969590752e-10
189.09009902025767 1.7916591340310445e-10
189.19445337954036 2.2255886652605645e-10
189.2988077388231 1.9211976166780195e-10
189.40316209810578 1.4673479524420561e-10
189.50751645738848 1.7008458150259695e-10
189.61187081667117 2.08509994400047e-10
189.7162251759539 1.8607719671280847e-10
189.8205795352366 1.4806881319536e-10
189.9249338945193 1.6089804055000696e-10
190.029288253802 1.9055939712174402e-10
190.1336426130847 1.7852524679386598e-10
190.23799697236743 1.4854684469406495e-10
190.34235133165012 1.5257306524095115e-10
190.44670569093282 1.7116748043633075e-10
190.5510600502155 1.6313519830239712e-10
190.65541440949823 1.4627192367045585e-10
190.75976876878093 1.4651487121045294e-10
190.86412312806362 1.4825878170145573e-10
190.96847748734632 1.4300113034192965e-10
191.07283184662904 1.424764268017285e-10
191.17718620591174 1.3972394545655893e-10
191.28154056519443 1.2765991359136667e-10
191.38589492447713 1.242413825056126e-10
191.49024928375985 1.351271525583788e-10
191.59460364304255 1.341958672027015e-10
191.69895800232524 1.1304057916163644e-10
191.80331236160794 1.0545915870356672e-10
191.90766672089063 1.2545833963856273e-10
192.01202108017335 1.298613350363934e-10
192.11637543945605 9.962865277540559e-11
192.22072979873877 8.769304543619491e-11
192.32508415802147 1.1401657958433135e-10
192.4294385173042 1.208423297226753e-10
192.5337928765869 8.795841884834339e-11
192.63814723586958 7.305876259850859e-11
192.74250159515228 9.859420765748549e-11
192.84685595443497 1.0918455290713494e-10
192.9512103137177 7.927114634148794e-11
193.0555646730004 6.054611987515725e-11
193.15991903228309 8.334848728878106e-11
193.26427339156578 9.761231754540616e-11
193.3686277508485 7.073048191807673e-11
193.4729821101312 5.177703371707419e-11
193.5773364694139 7.078832943759018e-11
193.6816908286966 8.350960847401375e-11
193.7860451879793 6.285788370457152e-11
193.890399547262 4.6168980076258795e-11
193.9947539065447 5.8192971789690665e-11
194.0991082658274 6.88753826217313e-11
194.20346262511012 5.5149077459269296e-11
194.30781698439282 4.0609991866142516e-11
194.41217134367554 4.763894367957211e-11
194.51652570295823 5.5923386338998366e-11
194.62088006224093 4.620490246844863e-11
194.72523442152365 3.6814109746089125e-11
194.82958878080635 4.1003320380672406e-11
194.93394314008904 4.4238742314236374e-11
195.03829749937174 3.905751863776179e-11
195.14265185865446 3.546629079946474e-11
195.24700621793716 3.6668168825799e-11
195.35136057721985 3.6321815361617234e-11
195.45571493650255 3.388619230461895e-11
195.56006929578527 3.4490815709294387e-11
195.66442365506796 3.5963147092258095e-11
195.76877801435066 3.181893442130643e-11
195.87313237363335 2.869638539785572e-11
195.97748673291608 3.491270228263839e-11
196.08184109219877 3.837566036258249e-11
196.18619545148147 2.938130267173265e-11
196.29054981076416 2.5161061268460743e-11
196.39490417004686 3.619315051549411e-11
196.49925852932958 4.262682785428527e-11
196.60361288861228 3.159730144037111e-11
196.707967247895 2.339976195611298e-11
196.8123216071777 3.694158505362054e-11
196.91667596646042 5.049013989185589e-11
197.0210303257431 3.832856532509318e-11
197.1253846850258 2.360914126219201e-11
197.2297390443085 3.8366283362629116e-11
197.3340934035912 5.921718553016778e-11
197.43844776287392 4.8504949280145175e-11
197.54280212215662 2.8517441106512695e-11
197.6471564814393 3.9486927615360273e-11
197.751510840722 6.484812989105187e-11
197.85586520000473 6.143287053378901e-11
197.96021955928742 3.787333472035969e-11
198.06457391857012 4.112553739509218e-11
198.1689282778528 6.810305810396488e-11
198.27328263713554 7.190990085230538e-11
198.37763699641823 5.090490332333908e-11
198.48199135570093 4.848809989828405e-11
198.58634571498362 6.923279278395765e-11
198.69070007426635 7.775535491663915e-11
198.79505443354904 6.740489295770822e-11
198.89940879283174 6.228659701177337e-11
199.00376315211446 7.171169685509033e-11
199.10811751139715 8.111719311045676e-11
199.21247187067988 8.20649598529939e-11
199.31682622996257 8.104934228682416e-11
199.42118058924527 8.076854033016444e-11
199.52553494852796 8.185926222994554e-11
199.62988930781069 9.175480802481184e-11
199.73424366709338 1.022164896888546e-10
199.83859802637608 9.427251148948613e-11
199.94295238565877 8.381057148366382e-11
