0.0 0.0
0.10435435928270291 3.5704219930929615e-07
0.20870871856540582 8.916232096843e-07
0.3130630778481087 1.0993400377747654e-06
0.41741743713081164 2.6248570277094004e-06
0.5217717964135146 1.5432172718131317e-06
0.6261261556962174 0.00035695184491682
0.7304805149789203 0.003422427716363547
0.8348348742616233 0.008385866909625221
0.9391892335443263 0.006408937722164863
1.0435435928270291 0.0010914062377622212
1.1478979521097321 3.1435964954529966e-06
1.2522523113924349 1.4229940056014953e-05
1.3566066706751378 4.274130065916576e-06
1.4609610299578406 8.76770837558964e-08
1.5653153892405436 1.6170040278853316e-06
1.6696697485232466 1.365832889207021e-07
1.7740241078059495 2.753430832772648e-09
1.8783784670886525 6.502013773875903e-07
1.9827328263713553 4.024384673858218e-08
2.0870871856540583 3.732316331323292e-07
2.1914415449367612 2.5226197310679764e-07
2.2957959042194642 2.5574723831367606e-06
2.400150263502167 5.3500978903829525e-06
2.5045046227848697 3.7528327735064284e-06
2.6088589820675727 3.4282256514960496e-06
2.7132133413502757 2.2815399627467222e-06
2.8175677006329787 2.9331232874919635e-07
2.921922059915681 6.88541832920261e-08
3.026276419198384 1.172319981117418e-07
3.130630778481087 4.33027262866227e-09
3.23498513776379 4.75319412266543e-09
3.339339497046493 3.245561900603047e-08
3.4436938563291957 1.8936606808736388e-09
3.548048215611899 6.315727956794503e-09
3.6524025748946016 3.6220754329940586e-08
3.756756934177305 4.172681671393356e-09
3.8611112934600076 2.9897436843018288e-09
3.9654656527427106 3.395682788109026e-08
4.0698200120254135 1.4896727352273846e-08
4.1741743713081165 2.1706136747111987e-09
4.2785287305908195 2.0706987411982668e-08
4.3828830898735225 9.296514159502112e-09
4.4872374491562255 7.1412285577212505e-09
4.5915918084389284 3.9708334449068887e-10
4.6959461677216305 1.76462237197509e-09
4.800300527004334 1.6054916915224473e-08
4.9046548862870365 1.8653125514601943e-09
5.0090092455697395 2.1036122153280664e-09
5.1133636048524425 1.2368492479409298e-08
5.217717964135145 4.3600974856271854e-09
5.322072323417848 1.913739589498484e-09
5.426426682700551 8.542337038431123e-09
5.530781041983254 7.4784333635199e-09
5.635135401265957 1.338274087539968e-09
5.73948976054866 6.501178636655525e-09
5.843844119831362 1.23515223281257e-08
5.948198479114066 6.079005037747695e-10
6.052552838396768 6.080292069189937e-09
6.156907197679472 1.7436936660414144e-08
6.261261556962174 8.38538811531852e-10
6.365615916244878 5.937109270370199e-09
6.46997027552758 1.8884365795881765e-08
6.574324634810284 2.282535599529971e-09
6.678678994092986 5.9442259236532e-09
6.783033353375689 1.534157524120009e-08
6.887387712658391 4.536921849748128e-09
6.991742071941095 7.1545866652621606e-09
7.096096431223798 8.498668750069453e-09
7.200450790506501 7.094659964186494e-09
7.304805149789203 1.0298496935240014e-08
7.409159509071906 3.171047633452163e-09
7.51351386835461 7.89520202161131e-09
7.617868227637313 1.192039613740527e-08
7.722222586920015 5.86787370656297e-10
7.826576946202718 4.794222210177105e-09
7.930931305485421 8.868277148261424e-09
8.035285664768125 4.700711486533842e-10
8.139640024050827 1.1015262346654045e-09
8.24399438333353 4.870229865149448e-09
8.348348742616233 1.5504594312324755e-09
8.452703101898935 1.205955255262015e-10
8.557057461181639 1.0223189331835585e-09
8.661411820464341 6.385624892151916e-10
8.765766179747045 3.903463781352864e-09
8.870120539029747 4.3382758363413775e-10
8.974474898312451 1.0604095737870045e-09
9.078829257595153 1.4281006218618005e-08
9.183183616877857 8.12462270665753e-09
9.287537976160559 1.599242453459657e-08
9.391892335443261 3.255887391602883e-08
9.496246694725965 2.680056061449257e-08
9.600601054008669 5.6164363666591304e-08
9.704955413291371 5.235370936645571e-08
9.809309772574073 6.268155901931204e-08
9.913664131856777 1.3406288249961005e-07
10.018018491139479 8.674751394333602e-08
10.122372850422183 1.334496107770672e-07
10.226727209704885 2.472134556914847e-07
10.331081568987589 1.6126294710190706e-07
10.43543592827029 2.688800954443909e-07
10.539790287552993 3.9499657382651187e-07
10.644144646835697 3.0790239616620264e-07
10.7484990061184 4.5832920762689494e-07
10.852853365401103 5.224401892252784e-07
10.957207724683805 5.138746881403853e-07
11.061562083966509 6.896412752048788e-07
11.165916443249213 6.744375136915982e-07
11.270270802531915 8.251162482927522e-07
11.374625161814617 9.652990065705782e-07
11.47897952109732 8.76743310381e-07
11.583333880380025 1.1726167677136745e-06
11.687688239662725 1.2535052562118905e-06
11.792042598945429 1.208327061431887e-06
11.896396958228133 1.5531388001285215e-06
12.000751317510835 1.50853763755486e-06
12.105105676793537 1.4832554827541316e-06
12.20946003607624 1.6378895130548517e-06
12.313814395358945 1.5096422455757945e-06
12.418168754641647 1.628176890433907e-06
12.522523113924349 1.6343615603839036e-06
12.626877473207053 1.5565928396535836e-06
12.731231832489756 1.8144841799735253e-06
12.835586191772459 1.7263218438259279e-06
12.93994055105516 1.8483386159870688e-06
13.044294910337864 2.6464172325599824e-06
13.148649269620568 3.0535074066295187e-06
13.253003628903269 4.270456401287949e-06
13.357357988185973 6.9783557275660475e-06
13.461712347468676 8.811898049388627e-06
13.566066706751378 1.2502267643697096e-05
13.67042106603408 1.873844110674082e-05
13.774775425316783 2.3241412480517553e-05
13.879129784599488 3.305881806826609e-05
13.98348414388219 4.70549628556017e-05
14.087838503164894 5.8188074868186445e-05
14.192192862447596 7.835298853752928e-05
14.296547221730298 0.00010013923556242083
14.400901581013002 0.00012008315152623677
14.505255940295704 0.0001581798616256767
14.609610299578407 0.00020039169553386373
14.71396465886111 0.0002533823715110308
14.818319018143812 0.0003293695249077953
14.922673377426518 0.000401259426968903
15.02702773670922 0.0004940531727477152
15.131382095991922 0.0006053530286347036
15.235736455274626 0.0007187596598103314
15.340090814557328 0.000881937925839006
15.44444517384003 0.0010456210769491975
15.548799533122734 0.001198703262095631
15.653153892405436 0.0013828022300903158
15.757508251688138 0.0015301509587049135
15.861862610970842 0.0017196511073760581
15.966216970253544 0.0019895480268047484
16.07057132953625 0.002253091196066732
16.174925688818952 0.0025948393633277163
16.279280048101654 0.002930920143581228
16.38363440738436 0.003232041157710433
16.48798876666706 0.0036544318106281498
16.59234312594976 0.004071293528794551
16.696697485232466 0.00458075955514358
16.801051844515168 0.005176599376076633
16.90540620379787 0.005520845375743076
17.009760563080576 0.00582900920275979
17.114114922363278 0.0061009895346968894
17.21846928164598 0.0063472597800624374
17.322823640928682 0.006986982314659088
17.427178000211384 0.007507828827679582
17.53153235949409 0.0077809998704065665
17.635886718776792 0.008227411164899754
17.740241078059494 0.008637512096402285
17.8445954373422 0.00946512524257094
17.948949796624902 0.010430854473943518
18.053304155907604 0.010988907728547393
18.157658515190306 0.012069258850975512
18.262012874473008 0.013017325969892985
18.366367233755714 0.013334031569669802
18.470721593038416 0.013777154650785621
18.575075952321118 0.01393918975179586
18.679430311603824 0.015123775808099012
18.783784670886522 0.017092101963785734
18.888139030169224 0.017098959101751902
18.99249338945193 0.01635237889835965
19.096847748734632 0.016303104096030592
19.201202108017338 0.01853076693579823
19.30555646730004 0.022988999009821702
19.409910826582742 0.023447921715439253
19.514265185865444 0.022044104159051867
19.618619545148146 0.024475372737208293
19.722973904430848 0.027666151366100233
19.827328263713554 0.032214130432593545
19.931682622996256 0.03385381932745337
20.036036982278958 0.03126581911872999
20.140391341561664 0.038626263031204956
20.244745700844366 0.04401731809822534
20.349100060127068 0.03642835533966827
20.45345441940977 0.043486821769471065
20.557808778692472 0.05667120350053245
20.662163137975178 0.04980089722473874
20.76651749725788 0.04800684463189943
20.87087185654058 0.059935195912982936
20.975226215823287 0.06479703484745095
21.079580575105986 0.06707935665814801
21.18393493438869 0.07063275177879332
21.288289293671394 0.0746468238217637
21.392643652954096 0.08310247290577003
21.4969980122368 0.08971323221574828
21.601352371519503 0.09603379694326143
21.705706730802206 0.10481780684387032
21.810061090084908 0.11104588770630633
21.91441544936761 0.1171636146942912
22.018769808650312 0.12313287576459685
22.123124167933018 0.13406123182616692
22.22747852721572 0.1472183695911449
22.331832886498425 0.14339495993404536
22.436187245781127 0.14176011674460365
22.54054160506383 0.15352339123190759
22.64489596434653 0.14422091434726894
22.749250323629234 0.1347939866113052
22.853604682911936 0.1499047111294736
22.95795904219464 0.14237193144624385
23.062313401477343 0.11971567137730683
23.16666776076005 0.12362908532365481
23.27102212004275 0.12252745513326048
23.37537647932545 0.10565743046462076
23.479730838608155 0.10298264591309397
23.584085197890857 0.1008028935351093
23.68843955717356 0.08863272618800289
23.792793916456265 0.0828198525707988
23.897148275738967 0.07753265319397734
24.00150263502167 0.06467181415773544
24.10585699430437 0.05359807616341798
24.210211353587074 0.04952134558862767
24.31456571286978 0.048067806576272507
24.41892007215248 0.04115620332285597
24.523274431435183 0.029046216764872276
24.62762879071789 0.021922347199994564
24.73198315000059 0.021048633006009055
24.836337509283293 0.01908126249324635
24.940691868565995 0.014945929432548218
25.045046227848697 0.011563654913035036
25.1494005871314 0.009140108561827924
25.253754946414105 0.00691162375788582
25.358109305696807 0.005176238395389648
25.462463664979513 0.004102737852451874
25.566818024262215 0.0030737206265883028
25.671172383544917 0.002087833494282408
25.77552674282762 0.0014965503103948066
25.87988110211032 0.000853422736817617
25.984235461393023 0.0001980822307019067
26.08858982067573 0.00022662171713729427
26.19294417995843 0.0005280251791600226
26.297298539241137 0.00030598602165731186
26.401652898523835 0.00010244250860611017
26.506007257806537 0.0005891261898020359
26.610361617089243 0.0009758309636337253
26.714715976371945 0.0006645394551763373
26.819070335654647 0.0006260150579328442
26.923424694937353 0.0012641281617583446
27.027779054220055 0.001389787547712637
27.132133413502757 0.0007942657285051778
27.23648777278546 0.0009487694484003924
27.34084213206816 0.002040813111442748
27.445196491350863 0.0023373289651353207
27.549550850633565 0.0014219545480034014
27.653905209916275 0.0010818562532582412
27.758259569198977 0.0020381844642927273
27.86261392848168 0.002743684880696807
27.96696828776438 0.00225321104618535
28.07132264704708 0.0016028516721509763
28.17567700632979 0.0016166230621437222
28.28003136561249 0.0017181185607214806
28.384385724895193 0.0015181007366302651
28.488740084177895 0.0015406689581807117
28.593094443460597 0.001842803175097369
28.6974488027433 0.001670698976898866
28.801803162026005 0.0009471355094258582
28.906157521308707 0.0006360236770364766
29.01051188059141 0.001182835529156987
29.11486623987411 0.0017620206449361472
29.219220599156813 0.0015639180078989242
29.323574958439522 0.0009008099426827651
29.42792931772222 0.0005273703516940143
29.532283677004923 0.0005904940326170675
29.636638036287625 0.0007343848817288683
29.740992395570327 0.0007372036804477163
29.845346754853036 0.0006459768649193042
29.94970111413574 0.0005197983717092022
30.05405547341844 0.00035377165518726914
30.158409832701143 0.00020354495519805192
30.262764191983845 0.00017770200212550893
30.367118551266543 0.00027643618102555655
30.471472910549252 0.00036753299278271357
30.575827269831954 0.0003442771885571112
30.680181629114657 0.0002463409889916949
30.78453598839736 0.00020079092172778967
30.88889034768006 0.00026795869135989007
30.993244706962766 0.0003827566370228482
31.09759906624547 0.00044571308779906986
31.20195342552817 0.00041674590274075866
31.306307784810873 0.0003305395194302595
31.410662144093575 0.00026412000929094406
31.515016503376277 0.00027207773512420404
31.619370862658986 0.00033625377556123075
31.723725221941685 0.00037719603405322665
31.828079581224387 0.0003292044243713025
31.93243394050709 0.0002211328362245631
32.03678829978979 0.00014828197688099087
32.1411426590725 0.0001565515641022447
32.2454970183552 0.00020984040974436833
32.349851377637904 0.0002476959692204718
32.454205736920606 0.00024391430706376067
32.55856009620331 0.00021189119474821126
32.66291445548601 0.00017085082286312994
32.76726881476872 0.00013779046974222704
32.87162317405142 0.00012938845541198647
32.97597753333412 0.0001377933510304084
33.08033189261682 0.0001373525294718316
33.18468625189952 0.00011595588141424987
33.28904061118223 8.163041241446418e-05
33.39339497046493 5.4394681576228536e-05
33.497749329747634 4.285362956337434e-05
33.602103689030336 3.596949442308204e-05
33.70645804831304 2.739974130442302e-05
33.81081240759574 2.2907942978132143e-05
33.91516676687845 2.6651020633318746e-05
34.01952112616115 3.761188302546426e-05
34.123875485443854 4.908723295520566e-05
34.228229844726556 5.3323632268584064e-05
34.33258420400926 5.1402697295661546e-05
34.43693856329196 4.7389661681526136e-05
34.54129292257466 4.2128494313599744e-05
34.645647281857364 3.941623372430551e-05
34.75000164114007 4.192080843858204e-05
34.85435600042277 4.728758576591923e-05
34.95871035970548 5.08025414294845e-05
35.06306471898818 4.579117212499579e-05
35.16741907827088 3.2300337626115703e-05
35.271773437553584 1.9526255364475966e-05
35.376127796836286 1.436218596816967e-05
35.48048215611899 1.8595741644438615e-05
35.5848365154017 2.8625579950212777e-05
35.6891908746844 3.7801772886597536e-05
35.7935452339671 4.4228269876958946e-05
35.897899593249804 4.545952834683015e-05
36.002253952532506 3.977285760663337e-05
36.10660831181521 3.183036491774809e-05
36.21096267109791 2.4459165467111432e-05
36.31531703038061 1.9180152486794573e-05
36.419671389663314 1.7677578985512278e-05
36.524025748946016 1.6788574699909585e-05
36.62838010822872 1.4250369455709875e-05
36.73273446751143 1.0843609380592702e-05
36.83708882679413 6.350154869884067e-06
36.94144318607683 2.3338918099698502e-06
37.045797545359534 8.603952714120737e-07
37.150151904642236 1.7977102444788883e-06
37.254506263924945 5.090214506212726e-06
37.35886062320765 9.40134251041261e-06
37.46321498249035 1.2733375202007616e-05
37.567569341773044 1.4786367158053793e-05
37.671923701055746 1.497420320268348e-05
37.77627806033845 1.2689126286349572e-05
37.88063241962116 9.476661046833131e-06
37.98498677890386 6.861719917845843e-06
38.08934113818656 5.194619908041622e-06
38.193695497469264 5.3611058146366845e-06
38.298049856751966 6.487864963068571e-06
38.402404216034675 6.738248917409136e-06
38.50675857531738 5.886459684163075e-06
38.61111293460008 3.7219319663726225e-06
38.71546729388278 1.3435880172564636e-06
38.819821653165484 7.993747822619655e-07
38.924176012448186 2.568897798114774e-06
39.02853037173089 6.51343629491269e-06
39.13288473101359 1.1074708199599234e-05
39.23723909029629 1.3571006751894248e-05
39.341593449578994 1.349951704451881e-05
39.445947808861696 1.1125783925666697e-05
39.550302168144405 6.974951830714975e-06
39.65465652742711 3.321420898199234e-06
39.75901088670981 1.1915295398579131e-06
39.86336524599251 2.1543364656526612e-07
39.967719605275214 1.6940816714322806e-07
40.072073964557916 3.75278809423376e-07
40.176428323840625 4.2005734631083406e-07
40.28078268312333 3.811279969905159e-07
40.38513704240603 2.862155345968409e-07
40.48949140168873 1.376000707170204e-07
40.59384576097143 1.6022082862861147e-07
40.698200120254135 5.693802455801181e-07
40.80255447953684 1.7415248874372904e-06
40.90690883881954 3.77390574769079e-06
41.01126319810224 5.871065148361659e-06
41.115617557384944 7.520784229731305e-06
41.21997191666765 8.298451476969744e-06
41.324326275950355 7.4047585088970296e-06
41.42868063523306 5.178189655741178e-06
41.53303499451576 2.8723104348978083e-06
41.63738935379846 1.0433842904780398e-06
41.74174371308116 1.0059453754225033e-07
41.84609807236387 1.951026394796112e-07
41.950452431646575 6.761995127453965e-07
42.05480679092928 1.115972678768535e-06
42.15916115021197 1.1015345602955317e-06
42.263515509494674 6.102861235764145e-07
42.36786986877738 3.4276021412978473e-07
42.472224228060085 6.154324475275256e-07
42.57657858734279 1.5576505271241027e-06
42.68093294662549 3.031367053654087e-06
42.78528730590819 4.350874749644879e-06
42.889641665190894 5.1526832260536466e-06
42.9939960244736 5.551165340622951e-06
43.098350383756305 5.239740398072152e-06
43.20270474303901 4.1704323817870515e-06
43.30705910232171 2.9343874731809076e-06
43.41141346160441 1.701777916366616e-06
43.51576782088712 7.013784210296606e-07
43.620122180169815 3.523747996690734e-07
43.72447653945252 7.252050404748968e-07
43.82883089873522 1.631249416742187e-06
43.93318525801792 2.4576285652382307e-06
44.037539617300624 2.584958215162347e-06
44.14189397658333 2.120667691438229e-06
44.246248335866035 1.4907544835023932e-06
44.35060269514874 1.1805094566193494e-06
44.45495705443144 1.8079820978488054e-06
44.55931141371414 3.0345319466976574e-06
44.66366577299685 4.043179106091646e-06
44.76802013227955 4.417471077310008e-06
44.872374491562255 3.7503443119385886e-06
44.97672885084496 2.311625686924686e-06
45.08108321012766 9.966936710363582e-07
45.18543756941036 4.724525331815029e-07
45.28979192869306 9.238962627655656e-07
45.394146287975765 2.0331494806992367e-06
45.49850064725847 3.202955469693021e-06
45.60285500654117 3.976659090102623e-06
45.70720936582387 4.101432987974404e-06
45.81156372510658 3.491137416564722e-06
45.91591808438928 2.5351887684001005e-06
46.020272443671985 1.6035275121642978e-06
46.12462680295469 7.941400155541434e-07
46.22898116223739 2.7258543613247706e-07
46.3333355215201 6.531083767984496e-08
46.4376898808028 8.256435485305208e-08
46.5420442400855 2.4897833603531036e-07
46.646398599368204 4.527306834088903e-07
46.7507529586509 5.264075849639603e-07
46.8551073179336 4.549969171274325e-07
46.95946167721631 3.653417975734335e-07
47.06381603649901 4.618491765997918e-07
47.168170395781715 9.618307071047095e-07
47.27252475506442 1.8462313260815537e-06
47.37687911434712 2.962055426298566e-06
47.48123347362983 3.898984276490119e-06
47.58558783291253 4.257329203829662e-06
47.68994219219523 3.979497399578177e-06
47.794296551477935 3.2133986944219386e-06
47.89865091076064 2.2839131158119375e-06
48.00300527004334 1.4783235981907084e-06
48.10735962932605 1.0041218884552726e-06
48.21171398860874 8.379954156558475e-07
48.316068347891445 7.659116165824353e-07
48.42042270717415 6.398398281745809e-07
48.52477706645685 4.0832000048088643e-07
48.62913142573956 1.802393944869222e-07
48.73348578502226 4.014780269705373e-08
48.83784014430496 6.31103087284602e-09
48.942194503587665 5.034070779767249e-08
49.04654886287037 1.532311195940127e-07
49.15090322215307 3.466569328796619e-07
49.25525758143578 7.085474609602028e-07
49.35961194071848 1.2863918578805563e-06
49.46396630000118 1.959419140657428e-06
49.568320659283884 2.5377437391992033e-06
49.672675018566586 2.839938520353816e-06
49.77702937784929 2.812305397321048e-06
49.88138373713199 2.4478278558830217e-06
49.98573809641469 1.8854869366581976e-06
50.090092455697395 1.4766055643392045e-06
50.1944468149801 1.3863638933890735e-06
50.2988011742628 1.5990408432269787e-06
50.40315553354551 1.898463143222039e-06
50.50750989282821 2.0536283167644594e-06
50.61186425211091 1.980478681898485e-06
50.716218611393614 1.6032587780377945e-06
50.82057297067632 1.0658859472708322e-06
50.924927329959026 5.798895458746597e-07
51.02928168924173 2.3213606658680985e-07
51.13363604852443 4.6143399647717634e-08
51.23799040780713 3.292535098473041e-08
51.342344767089834 1.5382606862035033e-07
51.446699126372536 3.442546379527528e-07
51.55105348565524 5.746994940728642e-07
51.65540784493794 7.523079720627822e-07
51.75976220422064 8.06557625623349e-07
51.864116563503345 7.727877350099435e-07
51.96847092278605 7.969497727242603e-07
52.072825282068756 1.006493692699858e-06
52.17717964135146 1.445369155228568e-06
52.28153400063416 2.0980968646332307e-06
52.38588835991686 2.8178688242617782e-06
52.490242719199564 3.32988178146148e-06
52.59459707848227 3.3434613136064836e-06
52.698951437764975 2.941544765472415e-06
52.80330579704767 2.347897951015185e-06
52.90766015633037 1.6526467542494582e-06
53.012014515613075 1.1094793566452068e-06
53.11636887489578 8.674282216193557e-07
53.220723234178486 8.51567251884013e-07
53.32507759346119 8.600072845384307e-07
53.42943195274389 7.227639647372467e-07
53.53378631202659 5.082650907707584e-07
53.638140671309294 2.845667969990909e-07
53.742495030592 9.080722427997935e-08
53.846849389874706 3.560513530643151e-09
53.95120374915741 2.9059546848296807e-08
54.05555810844011 1.1010335317029861e-07
54.15991246772281 2.5358023889991627e-07
54.264266827005514 4.7289807073021974e-07
54.368621186288216 7.340586298814881e-07
54.47297554557092 1.0423354129534892e-06
54.57732990485362 1.3974603118331269e-06
54.68168426413632 1.7066750643205675e-06
54.786038623419024 1.8205924393418601e-06
54.89039298270173 1.8196233345874246e-06
54.99474734198443 1.8619850856586273e-06
55.09910170126713 1.9268986948687033e-06
55.20345606054985 2.0051622329075806e-06
55.30781041983255 2.109013831740545e-06
55.41216477911525 2.233958723444573e-06
55.51651913839795 2.2274239883611467e-06
55.620873497680655 2.0007204502595004e-06
55.72522785696336 1.7254114908864763e-06
55.82958221624606 1.464157502694818e-06
55.93393657552876 1.1851653292976993e-06
56.03829093481146 9.070325382254129e-07
56.14264529409416 6.789681442345712e-07
56.24699965337686 4.824488246448542e-07
56.35135401265958 2.5520035718977237e-07
56.45570837194228 7.656430329109024e-08
56.56006273122498 7.169107090853826e-09
56.66441709050768 1.8627718419300085e-08
56.768771449790385 7.641841517040247e-08
56.87312580907309 1.3187031657474344e-07
56.97748016835579 1.5844100600405832e-07
57.08183452763849 2.1484692484819318e-07
57.186188886921194 3.96149654669659e-07
57.290543246203896 7.404420039368104e-07
57.3948976054866 1.180964494652679e-06
57.49925196476931 1.6163763521286457e-06
57.60360632405201 2.0187080322091394e-06
57.70796068333471 2.224955621216063e-06
57.81231504261741 2.138703691431447e-06
57.916669401900116 1.9714997298810628e-06
58.02102376118282 1.8736775406707713e-06
58.12537812046552 1.8629814770711675e-06
58.22973247974822 1.9011103235489923e-06
58.334086839030924 1.9915856311852755e-06
58.438441198313626 2.104603576635349e-06
58.54279555759633 2.0683273209735036e-06
58.647149916879044 1.8630861297533092e-06
58.75150427616175 1.6060419471060093e-06
58.85585863544444 1.3557524867907523e-06
58.960212994727144 1.086085899270844e-06
59.064567354009846 8.069971868853134e-07
59.16892171329255 5.848764435832565e-07
59.27327607257525 3.9102027441131073e-07
59.37763043185795 2.077203726625594e-07
59.481984791140654 7.88163772543286e-08
59.586339150423356 2.133970085595512e-08
59.69069350970607 1.3667914514298988e-08
59.795047868988775 3.3259604742356405e-08
59.89940222827148 7.124149924261741e-08
60.00375658755418 1.285246762231884e-07
60.10811094683688 2.38209187748808e-07
60.21246530611958 4.281969223008782e-07
60.316819665402285 6.839274322153364e-07
60.42117402468499 9.304940458721154e-07
60.52552838396769 1.1561367623597669e-06
60.629882743250384 1.376886913386236e-06
60.734237102533086 1.5364646378481355e-06
60.8385914618158 1.660257926809734e-06
60.942945821098505 1.8247422243316307e-06
61.04730018038121 2.0586587829546697e-06
61.15165453966391 2.259190410132487e-06
61.25600889894661 2.318322733900849e-06
61.36036325822931 2.2804259773799124e-06
61.464717617512015 2.155329913403511e-06
61.56907197679472 1.9551626652672037e-06
61.67342633607742 1.7556492643051544e-06
61.77778069536012 1.6449750857782044e-06
61.88213505464282 1.637745023607122e-06
61.98648941392553 1.6231241354449296e-06
62.090843773208235 1.5377802646110552e-06
62.19519813249094 1.3655222556091457e-06
62.29955249177364 1.104143394140662e-06
62.40390685105634 7.914373229238601e-07
62.50826121033904 4.957259577623381e-07
62.612615569621745 2.8649938382295817e-07
62.71696992890445 1.587220551707316e-07
62.82132428818715 8.57590671321449e-08
62.92567864746985 4.3852521801563886e-08
63.030033006752554 1.7687183195465813e-08
63.13438736603527 1.0594682755023139e-08
63.23874172531797 3.2252477142726395e-08
63.343096084600674 9.10397718972323e-08
63.44745044388337 1.8056299329510972e-07
63.55180480316607 3.047758505393952e-07
63.65615916244877 4.617112095749161e-07
63.760513521731475 6.545685301809324e-07
63.86486788101418 8.773874189967339e-07
63.96922224029688 1.1233392323221081e-06
64.07357659957958 1.3764628019251308e-06
64.17793095886229 1.574092150948206e-06
64.282285318145 1.6978579434588897e-06
64.3866396774277 1.7596672550749586e-06
64.4909940367104 1.8054022440059256e-06
64.5953483959931 1.8823282469693959e-06
64.69970275527581 1.992010840047874e-06
64.8040571145585 2.1409480668596772e-06
64.90841147384121 2.278985100875845e-06
65.01276583312391 2.3506499971838443e-06
65.11712019240662 2.3158450668192957e-06
65.22147455168931 2.1776122564689578e-06
65.32582891097202 2.0146935851741083e-06
65.43018327025473 1.861698314672707e-06
65.53453762953744 1.7397362488161078e-06
65.63889198882013 1.6425490024073985e-06
65.74324634810284 1.5397103477237056e-06
65.84760070738554 1.398523996464649e-06
65.95195506666823 1.1741956414132306e-06
66.05630942595094 9.099713823353588e-07
66.16066378523364 6.691190642977692e-07
66.26501814451635 4.786655301484857e-07
66.36937250379904 3.4615729358434706e-07
66.47372686308175 2.572878590527981e-07
66.57808122236446 1.9952406213174617e-07
66.68243558164717 1.4295869577469812e-07
66.78678994092986 7.532505524267145e-08
66.89114430021257 1.9285407802928595e-08
66.99549865949527 2.431070202142189e-10
67.09985301877798 2.535650091717234e-08
67.20420737806067 9.391585320046062e-08
67.30856173734338 1.896488935803374e-07
67.41291609662608 2.850745306535058e-07
67.51727045590879 3.897887606254803e-07
67.62162481519148 5.150243061492955e-07
67.72597917447419 6.556326059934931e-07
67.8303335337569 7.961526188788754e-07
67.9346878930396 9.484042732305585e-07
68.0390422523223 1.123704222459551e-06
68.143396611605 1.2782035421686843e-06
68.24775097088771 1.4206318608235207e-06
68.3521053301704 1.6009947558138997e-06
68.45645968945311 1.8311030979197785e-06
68.5608140487358 2.04746476881779e-06
68.66516840801852 2.1946074519502458e-06
68.76952276730121 2.315786791345575e-06
68.87387712658392 2.387323942271213e-06
68.97823148586663 2.3611089470433953e-06
69.08258584514932 2.2949348189738373e-06
69.18694020443203 2.2852828652635695e-06
69.29129456371473 2.3453988669004413e-06
69.39564892299744 2.3777639831030134e-06
69.50000328228013 2.3698460524141707e-06
69.60435764156284 2.3517452664622538e-06
69.70871200084554 2.2644249402886423e-06
69.81306636012825 2.07390885524551e-06
69.91742071941096 1.855250865058589e-06
70.02177507869366 1.7160992660157972e-06
70.12612943797636 1.630774260885393e-06
70.23048379725907 1.5317898038634225e-06
70.33483815654176 1.4324559943197415e-06
70.43919251582446 1.3341177019699345e-06
70.54354687510717 1.1887127484498025e-06
70.64790123438986 9.713780958588558e-07
70.75225559367257 7.579398049987111e-07
70.85660995295527 6.019771843931503e-07
70.96096431223798 4.748510122194936e-07
71.06531867152069 3.691041679481044e-07
71.1696730308034 2.903171975396725e-07
71.27402739008609 2.2940181103785055e-07
71.3783817493688 1.5943335051552328e-07
71.4827361086515 8.369920843772302e-08
71.5870904679342 3.3023123025067305e-08
71.6914448272169 7.446982892592609e-09
71.79579918649961 2.960963915279506e-09
71.9001535457823 2.0015719535178314e-08
72.00450790506501 5.057698044292767e-08
72.1088622643477 9.17407001141939e-08
72.21321662363042 1.6099452081995476e-07
72.31757098291313 2.536851482208026e-07
72.42192534219582 3.419218015633023e-07
72.52627970147853 4.3337390794673366e-07
72.63063406076122 5.470855873620455e-07
72.73498842004393 6.694545245966647e-07
72.83934277932663 7.758140549347727e-07
72.94369713860934 9.068494309804818e-07
73.04805149789203 1.1020111615379281e-06
73.15240585717474 1.3048700145940315e-06
73.25676021645744 1.4627146760875246e-06
73.36111457574015 1.5985229141888101e-06
73.46546893502286 1.7494584905799456e-06
73.56982329430555 1.870864326928435e-06
73.67417765358826 1.9517236163369705e-06
73.77853201287095 2.0923153586792157e-06
73.88288637215366 2.3181881041363623e-06
73.98724073143636 2.548022647927505e-06
74.09159509071907 2.7131308249103558e-06
74.19594945000176 2.8456924760582525e-06
74.30030380928447 2.958542457212333e-06
74.40465816856717 2.9785190608129806e-06
74.50901252784989 2.953303315625488e-06
74.61336688713259 2.992654972419094e-06
74.7177212464153 3.110240819964899e-06
74.82207560569799 3.2365515434576842e-06
74.9264299649807 3.336467015711108e-06
75.0307843242634 3.4507526777708464e-06
75.13513868354609 3.5211766480948874e-06
75.2394930428288 3.4835009795833097e-06
75.34384740211149 3.4058134623588675e-06
75.4482017613942 3.368755209229713e-06
75.5525561206769 3.366643134989939e-06
75.65691047995962 3.3407766785957426e-06
75.76126483924232 3.325018171490831e-06
75.86561919852502 3.3449664855722153e-06
75.96997355780772 3.3268060525580596e-06
76.07432791709043 3.2479120370873183e-06
76.17868227637312 3.1664106608134e-06
76.28303663565583 3.13299551609199e-06
76.38739099493853 3.0935030889435167e-06
76.49174535422124 3.0109681757867936e-06
76.59609971350393 2.942905798312898e-06
76.70045407278664 2.886051330817089e-06
76.80480843206935 2.790725616855825e-06
76.90916279135205 2.6542826860468877e-06
77.01351715063475 2.5463342593746985e-06
77.11787150991745 2.4934277209284564e-06
77.22222586920016 2.4292513436379784e-06
77.32658022848285 2.3398047743284165e-06
77.43093458776556 2.2482634531928944e-06
77.53528894704826 2.150713771728118e-06
77.63964330633097 2.022834293888877e-06
77.74399766561366 1.880282015507293e-06
77.84835202489637 1.786896220690843e-06
77.95270638417908 1.740965717103063e-06
78.05706074346178 1.7076817973906193e-06
78.16141510274448 1.6716219685978251e-06
78.26576946202718 1.6246704307615118e-06
78.37012382130989 1.5521813440836966e-06
78.47447818059258 1.4303610741869213e-06
78.5788325398753 1.2939187016762044e-06
78.68318689915799 1.1862902009037403e-06
78.7875412584407 1.1117322644080675e-06
78.89189561772339 1.0655162459249851e-06
78.9962499770061 1.0345711771209446e-06
79.10060433628881 1.0119056659063942e-06
79.20495869557152 9.714086846218178e-07
79.30931305485421 8.979139538611274e-07
79.41366741413692 8.133840022203387e-07
79.51802177341962 7.338385131714078e-07
79.62237613270231 6.700548985449085e-07
79.72673049198502 6.206395879697734e-07
79.83108485126772 5.87143458233778e-07
79.93543921055043 5.681338625863708e-07
80.03979356983312 5.449201518933416e-07
80.14414792911583 5.121868305737098e-07
80.24850228839854 4.734821453617404e-07
80.35285664768125 4.3963298404055594e-07
80.45721100696395 4.1266024763340937e-07
80.56156536624665 3.84001470280173e-07
80.66591972552935 3.5653426287778885e-07
80.77027408481206 3.2894661784017013e-07
80.87462844409475 2.996443481450412e-07
80.97898280337746 2.6720190852498895e-07
81.08333716266016 2.3599124919117726e-07
81.18769152194287 2.168814270465677e-07
81.29204588122558 2.058371843810154e-07
81.39640024050827 1.9658979456108305e-07
81.50075459979098 1.858513851834875e-07
81.60510895907368 1.7378539069376475e-07
81.70946331835638 1.591161043652045e-07
81.81381767763908 1.370358388449792e-07
81.91817203692179 1.1704264962184696e-07
82.02252639620448 1.0714444329929728e-07
82.12688075548719 1.0491349936797726e-07
82.23123511476989 1.0361601484645518e-07
82.3355894740526 9.887850317963808e-08
82.4399438333353 9.432817097662502e-08
82.544298192618 8.507211571696286e-08
82.64865255190071 6.866339907214658e-08
82.7530069111834 5.444235167119851e-08
82.85736127046611 4.790836616629231e-08
82.96171562974881 4.781048161867809e-08
83.06606998903152 4.8197403353837106e-08
83.17042434831421 4.8712207920718e-08
83.27477870759692 5.065047211017072e-08
83.37913306687962 4.728737499395214e-08
83.48348742616233 3.680421889690772e-08
83.58784178544504 2.6234688143852932e-08
83.69219614472775 2.0467142097954582e-08
83.79655050401044 1.734628997268458e-08
83.90090486329315 1.5316281755806202e-08
84.00525922257584 1.6003435464144056e-08
84.10961358185855 1.868222089579034e-08
84.21396794114125 1.9673090785108634e-08
84.31832230042394 1.7113105059306e-08
84.42267665970665 1.5015822680746562e-08
84.52703101898935 1.4840078090962578e-08
84.63138537827206 1.301387843344854e-08
84.73573973755477 1.0352370367071068e-08
84.84009409683748 9.4953960980909e-09
84.94444845612017 9.349968843901939e-09
85.04880281540288 7.205681615143459e-09
85.15315717468557 4.4762513107424885e-09
85.25751153396828 4.034065931750853e-09
85.36186589325098 4.6186375110154055e-09
85.46622025253369 4.496932500195702e-09
85.57057461181638 3.963723445245029e-09
85.67492897109909 4.563366389744364e-09
85.77928333038179 4.949670982588047e-09
85.8836376896645 2.899570059040092e-09
85.9879920489472 1.210183851417956e-09
86.0923464082299 1.1366349718732819e-09
86.19670076751261 1.7801890575527485e-09
86.3010551267953 2.351650422130592e-09
86.40540948607801 2.233812673410122e-09
86.50976384536071 3.336922509177948e-09
86.61411820464342 3.810305608967187e-09
86.71847256392611 2.0263989909970858e-09
86.82282692320882 1.0780569510070446e-09
86.92718128249152 6.764203736539831e-10
87.03153564177424 3.9170021031788407e-10
87.13589000105694 5.785242315117975e-10
87.24024436033963 7.256024723690026e-10
87.34459871962234 1.8004148492987182e-09
87.44895307890503 2.0027599033127188e-09
87.55330743818774 9.459172776433594e-10
87.65766179747044 9.288525452024002e-10
87.76201615675315 6.031450593157644e-10
87.86637051603584 9.24385045551969e-12
87.97072487531855 1.5933416591619535e-10
88.07507923460125 1.2957952921075165e-10
88.17943359388397 6.688243650553769e-10
88.28378795316667 1.1247881116765738e-09
88.38814231244938 5.752506504836468e-10
88.49249667173207 5.662088878884983e-10
88.59685103101478 7.434910691501556e-10
88.70120539029747 2.981876204767173e-10
88.80555974958018 7.022443395950538e-11
88.90991410886288 2.88833984462742e-10
89.01426846814557 3.5319750371916705e-10
89.11862282742828 9.317229477277953e-11
89.22297718671098 1.1167875779942416e-10
89.3273315459937 1.5143450271474525e-10
89.4316859052764 1.55364399548389e-11
89.5360402645591 1.0169098818629978e-10
89.6403946238418 2.686262943933366e-11
89.74474898312451 7.595108296580658e-11
89.8491033424072 2.0919619805986492e-10
89.95345770168991 2.6069953376951545e-11
90.05781206097261 4.4420744681618005e-11
90.16216642025532 1.106459853257966e-11
90.26652077953801 1.4403858853339515e-10
90.37087513882072 3.355524857724205e-10
90.47522949810343 1.7148085244529742e-10
90.57958385738613 6.196553017375634e-10
90.68393821666884 7.53773341065284e-10
90.78829257595153 3.681421538118566e-10
90.89264693523424 6.627149095033155e-10
90.99700129451693 4.801130980999974e-10
91.10135565379964 2.579098713951016e-10
91.20571001308234 5.143426666218896e-10
91.31006437236505 2.3239019524211602e-10
91.41441873164774 2.8819958518267664e-10
91.51877309093047 3.826375600146252e-10
91.62312745021316 1.0896244688607756e-10
91.72748180949586 2.775270408864112e-10
91.83183616877857 1.7305666496008396e-10
91.93619052806126 5.5678760900006954e-11
92.04054488734397 2.164619480831109e-10
92.14489924662666 6.97356172100972e-11
92.24925360590937 1.8819892767709915e-10
92.35360796519207 2.616774790706478e-10
92.45796232447478 7.377755200785917e-11
92.56231668375747 1.8573918072395585e-10
92.6666710430402 1.4767488978303589e-10
92.77102540232289 1.5735422189227413e-11
92.8753797616056 5.7100684680891914e-11
92.9797341208883 3.683067981473124e-11
93.084088480171 9.563274239065944e-12
93.1884428394537 4.467756375952088e-13
93.29279719873641 5.627566865711322e-11
93.3971515580191 5.1164477856595614e-11
93.5015059173018 2.0104665651511683e-11
93.60586027658451 1.2965194144983825e-10
93.7102146358672 7.700869709207579e-11
93.81456899514993 2.9207088660220546e-11
93.91892335443262 1.0924127249110164e-10
94.02327771371533 4.01302408010122e-11
94.12763207299803 3.5023579577258567e-13
94.23198643228073 1.1740598234959237e-11
94.33634079156343 4.136734073523338e-11
94.44069515084614 8.624724688188204e-11
94.54504951012883 8.769995812184315e-11
94.64940386941154 2.6338428482102917e-10
94.75375822869424 3.8172360785350814e-10
94.85811258797695 4.059047928071604e-10
94.96246694725966 6.316209230611258e-10
95.06682130654235 6.988662189693141e-10
95.17117566582506 7.027963362903897e-10
95.27553002510776 8.554000068775793e-10
95.37988438439046 7.764162364749313e-10
95.48423874367316 6.846336630723786e-10
95.58859310295587 6.990185416724125e-10
95.69294746223856 5.242851337620962e-10
95.79730182152127 3.8278210302974265e-10
95.90165618080397 3.129803273902331e-10
96.00601054008668 1.5910083189757861e-10
96.11036489936939 6.826511897013768e-11
96.2147192586521 4.091401884555636e-11
96.31907361793479 3.0365085460529595e-11
96.42342797721749 2.8348837227138754e-11
96.5277823365002 5.7720665886375193e-11
96.63213669578289 1.8440235078670602e-10
96.7364910550656 2.098593952293642e-10
96.8408454143483 2.0500354839386882e-10
96.945199773631 3.503248604696296e-10
97.0495541329137 3.321618781949999e-10
97.15390849219641 2.603108082177157e-10
97.25826285147912 3.402687733407979e-10
97.36261721076183 2.6151706099921115e-10
97.46697157004452 1.723554831685788e-10
97.57132592932723 2.201653001940322e-10
97.67568028860993 1.4896388975702723e-10
97.78003464789263 7.860036864862792e-11
97.88438900717533 1.6268046035180869e-10
97.98874336645804 1.9142760280690425e-10
98.09309772574073 1.0666096642740766e-10
98.19745208502343 2.0709064090490999e-10
98.30180644430614 3.2424594715973934e-10
98.40616080358885 1.833924123404641e-10
98.51051516287156 2.5490518950085526e-10
98.61486952215425 3.469948708245738e-10
98.71922388143696 1.5912074620961066e-10
98.82357824071966 2.119124120341518e-10
98.92793260000236 2.0191630745648118e-10
99.03228695928506 4.6294499018617117e-11
99.13664131856777 1.0723722887477166e-10
99.24099567785046 3.7330914824785356e-11
99.34535003713317 2.4581774009352767e-11
99.44970439641587 6.631151144052814e-11
99.55405875569858 2.318724789890586e-11
99.65841311498129 1.8434049766795225e-10
99.76276747426398 1.3842298913634132e-10
99.86712183354669 1.7674982712834622e-10
99.97147619282939 4.077525252381274e-10
100.0758305521121 2.2350792803307001e-10
100.18018491139479 3.420107204920401e-10
100.2845392706775 5.034960436166404e-10
100.3888936299602 2.107407315069001e-10
100.4932479892429 3.551931681643679e-10
100.5976023485256 3.944096067952391e-10
100.70195670780832 1.1142846203777512e-10
100.80631106709102 2.2264971374676804e-10
100.91066542637373 1.9093528930272174e-10
101.01501978565642 2.2563538822598065e-11
101.11937414493912 8.50748991648156e-11
101.22372850422182 7.62940491956982e-11
101.32808286350452 3.5684194141739154e-12
101.43243722278723 3.374253891175627e-11
101.53679158206992 1.0846129151774888e-10
101.64114594135263 3.132357473729797e-11
101.74550030063534 4.3411415323058915e-11
101.84985465991805 1.73919802966076e-10
101.95420901920075 4.269545246021035e-11
102.05856337848346 5.3979468087959194e-11
102.16291773776615 1.5335433728324255e-10
102.26727209704886 1.6877891819792667e-11
102.37162645633155 4.2852294745292703e-11
102.47598081561426 6.591526895836493e-11
102.58033517489696 8.79646528606579e-12
102.68468953417967 2.3376612290281232e-11
102.78904389346236 1.638570858828652e-11
102.89339825274507 7.04796964055383e-11
102.99775261202778 1.4708069478197083e-11
103.10210697131048 5.972678769911732e-11
103.20646133059319 1.6445065735561758e-10
103.31081568987588 2.265575920257645e-11
103.41517004915859 1.6233750723375674e-10
103.51952440844128 2.0367942196177945e-10
103.623878767724 4.5268293042569925e-11
103.72823312700669 2.531551667445148e-10
103.8325874862894 1.5810400614923163e-10
103.9369418455721 8.405833296139276e-11
104.0412962048548 2.7672263020122645e-10
104.14565056413751 7.857726239548022e-11
104.2500049234202 1.361776717430804e-10
104.35435928270292 2.2375432658559851e-10
104.45871364198561 3.281325051211419e-11
104.56306800126832 1.8017659818103158e-10
104.66742236055102 1.3179983528227119e-10
104.77177671983372 4.662633904709622e-11
104.87613107911642 1.8950745144412507e-10
104.98048543839913 5.1562695856252514e-11
105.08483979768182 8.453998206763614e-11
105.18919415696455 1.5249291999366079e-10
105.29354851624724 9.185285842513547e-12
105.39790287552995 9.182251593290564e-11
105.50225723481265 8.883389494090054e-11
105.60661159409534 4.0108714489421407e-13
105.71096595337805 5.717816495682873e-11
105.81532031266075 4.0652539037771666e-11
105.91967467194345 5.765774099185849e-12
106.02402903122615 2.3939832401657402e-11
106.12838339050886 4.2498374753710004e-11
106.23273774979155 9.617665432099798e-12
106.33709210907428 3.1850493886538336e-11
106.44144646835697 8.125602207208237e-11
106.54580082763968 7.530098664082538e-12
106.65015518692238 7.268498143273754e-11
106.75450954620509 1.0297506165532828e-10
106.85886390548778 5.071541813250859e-12
106.96321826477049 1.089330963193685e-10
107.06757262405318 7.747626896371858e-11
107.1719269833359 1.7205007077161428e-11
107.27628134261859 1.1638899510904547e-10
107.38063570190128 3.272076068676113e-11
107.484990061184 5.308370430921293e-11
107.5893444204667 9.402944382342015e-11
107.69369877974941 1.454616240624059e-11
107.7980531390321 9.784808220131275e-11
107.90240749831482 5.701223139220192e-11
108.00676185759751 3.84593094884217e-11
108.11111621688022 1.2294947329693008e-10
108.21547057616291 3.0256658323563035e-11
108.31982493544562 8.507281004986657e-11
108.42417929472832 1.1360881717695665e-10
108.52853365401103 2.837201232449662e-11
108.63288801329374 1.1914807786087074e-10
108.73724237257643 7.886127262328001e-11
108.84159673185914 4.426292076789147e-11
108.94595109114184 1.1672163802099055e-10
109.05030545042455 4.155436384270292e-11
109.15465980970724 5.883222849045522e-11
109.25901416898995 8.04235702779299e-11
109.36336852827264 1.7529999683030606e-11
109.46772288755535 5.871521558691083e-11
109.57207724683805 3.668028200684429e-11
109.67643160612076 9.671415739940302e-12
109.78078596540345 4.422966494832217e-11
109.88514032468616 9.333713737977618e-12
109.98949468396886 9.085172382866924e-12
110.09384904325157 2.3155754111570792e-11
110.19820340253426 2.3790978823421373e-12
110.30255776181698 6.296715723578176e-12
110.4069121210997 6.6107705490316284e-12
110.51126648038239 6.1961206743696416e-12
110.6156208396651 2.133961467905749e-12
110.7199751989478 5.580114418700711e-12
110.8243295582305 1.2870528793310766e-11
110.9286839175132 3.8368079607943626e-12
111.0330382767959 2.2195456089569636e-11
111.1373926360786 2.002734605252696e-11
111.24174699536131 1.3949669585440393e-11
111.346101354644 4.654144337530881e-11
111.45045571392671 2.791833471680444e-11
111.55481007320941 2.988129710769082e-11
111.65916443249212 6.591777713951279e-11
111.76351879177481 3.6258617915262865e-11
111.86787315105752 4.851830659728075e-11
111.97222751034022 7.341379543315087e-11
112.07658186962291 4.304122095059441e-11
112.18093622890562 6.707320295857499e-11
112.28529058818832 6.838872409444266e-11
112.38964494747103 4.743263191138056e-11
112.49399930675372 8.129817852536121e-11
112.59835366603646 5.524368922004825e-11
112.70270802531915 5.071111341457047e-11
112.80706238460186 8.241930779322555e-11
112.91141674388456 3.8252588380094815e-11
113.01577110316725 5.332648132899403e-11
113.12012546244996 6.580431909743412e-11
113.22447982173266 2.3359353057405057e-11
113.32883418101537 5.3416132746670365e-11
113.43318854029806 3.80340716738763e-11
113.53754289958077 1.548584467022171e-11
113.64189725886347 4.6774494079902384e-11
113.74625161814618 1.3402671171645159e-11
113.85060597742887 1.435552231341896e-11
113.95496033671158 3.124923831130278e-11
114.05931469599427 1.3098695442117824e-12
114.16366905527698 1.2833312712136226e-11
114.26802341455968 1.25476602908403e-11
114.37237777384239 1.848082412359073e-12
114.47673213312508 7.453563982511119e-12
114.58108649240779 6.514813999402897e-12
114.68544085169049 9.11246367768096e-12
114.7897952109732 3.373167981252844e-12
114.89414957025592 2.177560893510263e-11
114.99850392953861 1.312033860617139e-11
115.10285828882132 7.557629184177632e-12
115.20721264810402 4.439823919290077e-11
115.31156700738673 7.666877635270805e-12
115.41592136666942 2.383507131034142e-11
115.52027572595213 5.2122255652497677e-11
115.62463008523483 3.286536223710859e-12
115.72898444451754 5.278121124148774e-11
115.83333880380023 3.973819788030257e-11
115.93769316308294 1.9761192741740818e-11
116.04204752236564 8.445064104193243e-11
116.14640188164834 2.0373065039245247e-11
116.25075624093104 5.8015584896952173e-11
116.35511060021375 9.522433957333749e-11
116.45946495949644 8.781080884440076e-12
116.56381931877915 9.417414768032635e-11
116.66817367806185 7.177539610531289e-11
116.77252803734454 1.657820649008753e-11
116.87688239662725 1.0674500001829199e-10
116.98123675590995 3.2168267239326905e-11
117.08559111519266 4.5169325723963415e-11
117.18994547447538 9.171298703247733e-11
117.29429983375809 7.176284762076765e-12
117.39865419304078 7.553986812978984e-11
117.5030085523235 5.7140995970024935e-11
117.60736291160619 7.894218905094394e-12
117.71171727088888 8.121549767193599e-11
117.81607163017159 2.021579601647677e-11
117.92042598945429 2.311031649588896e-11
118.024780348737 5.900436679067419e-11
118.12913470801969 2.621803033628071e-12
118.2334890673024 3.507179602525656e-11
118.3378434265851 2.9726893121834334e-11
118.4421977858678 8.658216880209788e-12
118.5465521451505 3.119526717597925e-11
118.65090650443321 1.4329981341618091e-11
118.7552608637159 2.0068384019863566e-11
118.85961522299861 1.6524283304202164e-11
118.96396958228131 2.009775717257893e-11
119.06832394156402 2.0305877817470782e-11
119.17267830084671 1.216432167621919e-11
119.27703266012942 3.830288465971927e-11
119.38138701941214 9.842335598738224e-12
119.48574137869484 2.937407411951896e-11
119.59009573797755 4.729019696470793e-11
119.69445009726024 1.5909043288192414e-12
119.79880445654295 5.536871266533264e-11
119.90315881582565 3.298502157457352e-11
120.00751317510836 1.3162858079483008e-11
120.11186753439105 7.127957974744859e-11
120.21622189367376 9.886517928343063e-12
120.32057625295646 5.297273269818087e-11
120.42493061223917 6.969120218095676e-11
120.52928497152186 3.5030764319239513e-12
120.63363933080457 9.957955317022795e-11
120.73799369008727 5.036087843157254e-11
120.84234804936997 1.9860926991065692e-11
120.94670240865267 1.1465235263403252e-10
121.05105676793538 2.2283364708723046e-11
121.15541112721807 4.7877782014801763e-11
121.25976548650077 8.758258982690214e-11
121.36411984578348 6.619797927212364e-12
121.46847420506617 7.432790588760533e-11
121.57282856434888 4.520131845775829e-11
121.6771829236316 1.5280768520070334e-11
121.78153728291431 8.38129697887534e-11
121.88589164219701 1.415612860944388e-11
121.99024600147972 3.297109906413443e-11
122.09460036076241 6.551342622289659e-11
122.19895472004512 1.1751692006540045e-12
122.30330907932782 3.8357967748503516e-11
122.40766343861051 3.2099975976142176e-11
122.51201779789322 2.528604698319443e-12
122.61637215717592 2.9475639861579636e-11
122.72072651645863 1.0374240107273934e-11
122.82508087574132 9.345587661772494e-12
122.92943523502403 1.778181565478384e-11
123.03378959430673 1.0132954695251706e-11
123.13814395358943 9.912509494613725e-12
123.24249831287213 1.2579079292271959e-11
123.34685267215484 1.8710014877256115e-11
123.45120703143753 3.1970415991885693e-12
123.55556139072024 1.904932673306293e-11
123.65991575000294 2.1693754373109063e-11
123.76427010928565 1.1863550450749107e-12
123.86862446856834 3.446802856210784e-11
123.97297882785107 1.6625010962194622e-11
124.07733318713377 1.272588977711262e-11
124.18168754641647 4.607279233485409e-11
124.28604190569918 9.319244303820687e-12
124.39039626498187 3.387991956458882e-11
124.49475062426458 4.356732664277149e-11
124.59910498354728 8.277554963063014e-12
124.70345934282999 5.413531271384979e-11
124.80781370211268 3.048857917217873e-11
124.91216806139539 1.6938385062042982e-11
125.01652242067809 6.201963005707165e-11
125.1208767799608 1.7340061478312838e-11
125.22523113924349 2.855172506424094e-11
125.3295854985262 5.123370850736414e-11
125.4339398578089 1.048101979350701e-11
125.5382942170916 3.4549591443816716e-11
125.6426485763743 2.8860914189044053e-11
125.74700293565701 1.1093957755661955e-11
125.8513572949397 3.341926758440892e-11
125.9557116542224 9.828538426964982e-12
126.06006601350511 1.4754004048812547e-11
126.1644203727878 2.6545035281492818e-11
126.26877473207054 1.4188524331894473e-12
126.37312909135323 1.511231226042836e-11
126.47748345063594 1.561004666033927e-11
126.58183780991864 2.461221358358437e-13
126.68619216920135 1.0145591189520048e-11
126.79054652848404 4.653378466579365e-12
126.89490088776674 1.521519567783664e-12
126.99925524704945 4.002362696541908e-12
127.10360960633214 1.8361749283024588e-14
127.20796396561485 3.5050229004889433e-12
127.31231832489755 7.238583017727161e-13
127.41667268418026 2.940331735019194e-12
127.52102704346295 4.6140522908098e-12
127.62538140274566 2.4643407890618043e-13
127.72973576202835 7.992866910070181e-12
127.83409012131106 3.2426337496960095e-12
127.93844448059376 1.6564546215785386e-12
128.04279883987647 1.0094184004053268e-11
128.14715319915916 1.171571190184479e-12
128.25150755844186 6.203522660981089e-12
128.35586191772458 8.72329128624388e-12
128.4602162770073 3.3688121899332823e-12
128.56457063629 1.516890468307868e-11
128.6689249955727 6.062196444529385e-12
128.7732793548554 1.2776856846356531e-11
128.8776337141381 2.5396411087783215e-11
128.9819880734208 4.998738939393262e-12
129.0863424327035 2.7625667200086013e-11
129.1906967919862 3.0314879783075726e-11
129.29505115126892 9.765383113218893e-12
129.39940551055162 4.344756913794001e-11
129.5037598698343 2.70198059078029e-11
129.608114229117 2.303956943836817e-11
129.71246858839973 5.3815687548065465e-11
129.81682294768243 1.9154475193780915e-11
129.92117730696512 4.086366595385901e-11
130.02553166624782 5.2202858630635216e-11
130.12988602553054 1.3195459232639755e-11
130.23424038481323 5.4434758419900156e-11
130.33859474409593 3.756695086063432e-11
130.44294910337862 1.2429748376518954e-11
130.54730346266132 5.751140203490424e-11
130.65165782194404 1.9293970856398105e-11
130.75601218122677 1.4770964411715293e-11
130.86036654050946 4.860706691169409e-11
130.96472089979216 7.205102054056391e-12
131.06907525907488 1.4160644235535632e-11
131.17342961835757 3.198554046686101e-11
131.27778397764027 2.5876811840255147e-12
131.38213833692296 1.0451099920185635e-11
131.4864926962057 2.2900309763272855e-11
131.59084705548838 2.7928199247354756e-12
131.69520141477108 1.0975337133020635e-11
131.79955577405377 3.378632764276162e-11
131.90391013333647 4.64333373562951e-12
132.0082644926192 1.9804358253192096e-11
132.11261885190189 5.325843328127027e-11
132.21697321118458 5.01341367941727e-12
132.32132757046728 3.6105519647105775e-11
132.42568192975 5.887558375041207e-11
132.5300362890327 7.0767210070457455e-12
132.6343906483154 6.12882176736947e-11
132.73874500759808 4.6598611960521926e-11
132.8430993668808 1.7315166018683473e-11
132.9474537261635 8.790489424307875e-11
133.05180808544623 2.868390609917471e-11
133.15616244472892 3.2299793824437776e-11
133.26051680401162 9.151587703495682e-11
133.36487116329434 1.2048394705066291e-11
133.46922552257703 4.135313005031828e-11
133.57357988185973 6.269192771582796e-11
133.67793424114242 1.6518992777804663e-12
133.78228860042515 4.177873044148433e-11
133.88664295970784 2.734476323075756e-11
133.99099731899054 3.803185115187045e-12
134.09535167827323 3.4981375132584855e-11
134.19970603755596 1.3296232258315149e-11
134.30406039683865 1.2637727665567088e-11
134.40841475612135 2.0571169967532696e-11
134.51276911540404 1.894432589376956e-11
134.61712347468676 1.4073885272595468e-11
134.72147783396946 9.750497345510059e-12
134.82583219325215 3.205799785523282e-11
134.93018655253485 6.866930401035879e-12
135.03454091181757 1.983902578657126e-11
135.13889527110027 4.624783988441488e-11
135.24324963038296 7.73559370110377e-13
135.34760398966569 4.640169773388927e-11
135.45195834894838 5.161078269628228e-11
135.5563127082311 1.3291305241119262e-12
135.6606670675138 6.587367638950785e-11
135.7650214267965 4.0497703788869104e-11
135.8693757860792 7.906095281829827e-12
135.9737301453619 6.695175245888018e-11
136.0780845046446 2.2089964708632648e-11
136.1824388639273 1.5462272476561977e-11
136.28679322321 5.597108409326455e-11
136.3911475824927 1.049685205729832e-11
136.49550194177542 1.7085823285363564e-11
136.5998563010581 4.47575895809898e-11
136.7042106603408 8.349400727512598e-12
136.8085650196235 1.5188991563699564e-11
136.91291937890622 4.820614466794133e-11
137.01727373818892 1.1422891903071438e-11
137.1216280974716 2.164469801889582e-11
137.2259824567543 7.181963051868899e-11
137.33033681603703 1.6821208532991862e-11
137.43469117531973 4.5357824424757364e-11
137.53904553460242 1.0062853330762188e-10
137.64339989388515 2.512284715587939e-11
137.74775425316784 9.079212902376848e-11
137.85210861245056 1.181839233316388e-10
137.95646297173326 4.0105961032029854e-11
138.06081733101595 1.5302208352866488e-10
138.16517169029865 1.2409883708367057e-10
138.26952604958137 6.151534182482876e-11
138.37388040886407 2.0353973484506838e-10
138.47823476814676 1.2147255204152875e-10
138.58258912742946 8.53679398140865e-11
138.68694348671218 2.11974991799255e-10
138.79129784599488 1.0632669857642518e-10
138.89565220527757 1.1105639975954638e-10
139.00000656456027 1.885369249968402e-10
139.104360923843 8.138400451019637e-11
139.20871528312568 1.335628583948975e-10
139.31306964240838 1.6913668386724177e-10
139.41742400169107 6.153271161817742e-11
139.5217783609738 1.3901075503095067e-10
139.6261327202565 1.629831478048049e-10
139.7304870795392 6.273540314375927e-11
139.8348414388219 1.3757323819445656e-10
139.9391957981046 1.5991116911602598e-10
140.04355015738733 8.939360435574694e-11
140.14790451667002 1.692717824537454e-10
140.25225887595272 1.702240247364828e-10
140.35661323523541 1.316933587927428e-10
140.46096759451814 2.4729547118068586e-10
140.56532195380083 2.1449102553139255e-10
140.66967631308353 1.8468591185852027e-10
140.77403067236622 3.3364894312157373e-10
140.87838503164892 2.831341524800983e-10
140.98273939093164 2.6038554733115407e-10
141.08709375021434 3.9766184003225966e-10
141.19144810949703 3.390469308209576e-10
141.29580246877973 3.5547524366898943e-10
141.40015682806245 4.517122397838267e-10
141.50451118734514 3.651202212519975e-10
141.60886554662784 4.300252816969372e-10
141.71321990591053 5.046457002937017e-10
141.81757426519326 3.839569910083154e-10
141.92192862447595 4.6086837136714195e-10
142.02628298375865 5.393276761119314e-10
142.13063734304137 4.2209184305591875e-10
142.23499170232407 4.887383912127759e-10
142.3393460616068 5.678352474133193e-10
142.44370042088948 4.866485052839567e-10
142.54805478017218 5.713874523843026e-10
142.65240913945487 6.534078069399334e-10
142.7567634987376 5.965343790847858e-10
142.8611178580203 7.301203757768549e-10
142.965472217303 8.468112307900577e-10
143.06982657658568 7.959511682242394e-10
143.1741809358684 9.72907072336883e-10
143.2785352951511 1.1421934993144634e-09
143.3828896544338 1.0988611998204047e-09
143.4872440137165 1.307276049042389e-09
143.59159837299921 1.5124854857435494e-09
143.6959527322819 1.4702138888556047e-09
143.8003070915646 1.706194449694985e-09
143.9046614508473 1.924876187908957e-09
144.00901581013002 1.8716700206912034e-09
144.11337016941272 2.1301727072747718e-09
144.2177245286954 2.3400597903146678e-09
144.3220788879781 2.2807063674162114e-09
144.42643324726083 2.5839267611712698e-09
144.53078760654356 2.7680756154877808e-09
144.63514196582625 2.6957285869370866e-09
144.73949632510895 3.0960341948775147e-09
144.84385068439164 3.2967351593160125e-09
144.94820504367436 3.2016258419310762e-09
145.05255940295706 3.7037126812045786e-09
145.15691376223975 3.9843308973873665e-09
145.26126812152245 3.940199553560615e-09
145.36562248080517 4.5314262013285864e-09
145.46997684008787 4.838833151357769e-09
145.57433119937056 4.935072415605354e-09
145.67868555865326 5.710314594326522e-09
145.78303991793595 5.929751032193866e-09
145.88739427721868 6.088922832099565e-09
145.99174863650137 7.136694542059667e-09
146.09610299578407 7.292106139816627e-09
146.20045735506676 7.393642025192895e-09
146.30481171434948 8.5677338490268e-09
146.40916607363218 8.709166603063007e-09
146.51352043291487 8.871370083177755e-09
146.61787479219757 9.98386454472681e-09
146.7222291514803 9.931762579396276e-09
146.82658351076302 1.0328933916598886e-08
146.9309378700457 1.1503717617529498e-08
147.0352922293284 1.1098383409616108e-08
147.1396465886111 1.1608036068896994e-08
147.24400094789382 1.3025969433056403e-08
147.34835530717652 1.250091488052241e-08
147.4527096664592 1.3006685720101502e-08
147.5570640257419 1.4494636792426224e-08
147.66141838502463 1.4102205805820311e-08
147.76577274430733 1.4898170416403596e-08
147.87012710359002 1.62809106886069e-08
147.97448146287272 1.581534691875442e-08
148.07883582215544 1.7136981941116394e-08
148.18319018143814 1.862881037313025e-08
148.28754454072083 1.7871445634372873e-08
148.39189890000353 1.9423496268835735e-08
148.49625325928625 2.1099829633568388e-08
148.60060761856894 2.0289929066845334e-08
148.70496197785164 2.183302804633508e-08
148.80931633713433 2.3248521602874123e-08
148.91367069641706 2.2527636200915376e-08
149.01802505569978 2.4322618779851564e-08
149.12237941498248 2.521317727636031e-08
149.22673377426517 2.427040140922916e-08
149.33108813354787 2.6432771493764598e-08
149.4354424928306 2.7105327736768897e-08
149.53979685211328 2.5886921523716878e-08
149.64415121139598 2.809889642692747e-08
149.74850557067867 2.8704143484011027e-08
149.8528599299614 2.7642882343804595e-08
149.9572142892441 2.9859428726956796e-08
150.0615686485268 3.012876505856643e-08
150.16592300780948 2.9360033570988467e-08
150.27027736709218 3.188811899868048e-08
150.3746317263749 3.1762701785460275e-08
150.4789860856576 3.09852027687467e-08
150.5833404449403 3.375421311379766e-08
150.68769480422299 3.340520805071301e-08
150.7920491635057 3.2533713971046614e-08
150.8964035227884 3.5120991844963825e-08
151.0007578820711 3.441959089762059e-08
151.1051122413538 3.359404834728549e-08
151.20946660063652 3.5826090007418257e-08
151.31382095991924 3.4518905132473365e-08
151.41817531920194 3.370101662669264e-08
151.52252967848463 3.561728191435783e-08
151.62688403776733 3.376273775666566e-08
151.73123839705005 3.288164877950689e-08
151.83559275633274 3.447132283896768e-08
151.93994711561544 3.230733634760019e-08
152.04430147489813 3.1455031632564793e-08
152.14865583418086 3.272873020735581e-08
152.25301019346355 3.045640411929884e-08
152.35736455274625 2.9755005286802824e-08
152.46171891202894 3.073284998074388e-08
152.56607327131167 2.84595701457488e-08
152.67042763059436 2.8007676456346644e-08
152.77478198987706 2.868647441834305e-08
152.87913634915975 2.6346416349483667e-08
152.98349070844247 2.612574909158582e-08
153.08784506772517 2.6575738758219907e-08
153.19219942700786 2.41218786930494e-08
153.29655378629056 2.3910513639032948e-08
153.40090814557328 2.4111604798877374e-08
153.505262504856 2.1726154962542468e-08
153.6096168641387 2.144690189172614e-08
153.7139712234214 2.1214243700291026e-08
153.8183255827041 1.899062042184812e-08
153.92267994198681 1.8866393028185833e-08
154.0270343012695 1.828303381587317e-08
154.1313886605522 1.6097848524821185e-08
154.2357430198349 1.6157006749606985e-08
154.34009737911762 1.559337670689649e-08
154.44445173840032 1.3564998458108403e-08
154.548806097683 1.3587707270609002e-08
154.6531604569657 1.3104470087869589e-08
154.7575148162484 1.1527024391299679e-08
154.86186917553113 1.1579040059654947e-08
154.96622353481382 1.0968701308158695e-08
155.07057789409652 9.73579632556312e-09
155.1749322533792 1.00198564925829e-08
155.27928661266193 9.367365621902389e-09
155.38364097194463 8.188056429187425e-09
155.48799533122732 8.51974887996583e-09
155.59234969051002 8.006698491749477e-09
155.69670404979274 6.9628969034041785e-09
155.80105840907547 7.086626661670329e-09
155.90541276835816 6.557425391386976e-09
156.00976712764086 5.817120825114772e-09
156.11412148692355 5.872443413271816e-09
156.21847584620627 5.185830162815585e-09
156.32283020548897 4.589235282294365e-09
156.42718456477166 4.737453934268618e-09
156.53153892405436 4.100235155556053e-09
156.63589328333708 3.5182833184719847e-09
156.74024764261978 3.6245667004267063e-09
156.84460200190247 3.188253932761719e-09
156.94895636118517 2.7695281536029223e-09
157.0533107204679 2.7639713414757515e-09
157.1576650797506 2.3922749317785325e-09
157.26201943903328 2.189931909595522e-09
157.36637379831598 2.223220769485193e-09
157.4707281575987 1.8403700214145175e-09
157.5750825168814 1.6820352306094129e-09
157.6794368761641 1.7900295881058372e-09
157.78379123544678 1.4974515423611735e-09
157.8881455947295 1.3160142121644186e-09
157.9924999540122 1.3688396981538027e-09
158.09685431329493 1.1732115180312157e-09
158.20120867257762 1.0569026052780436e-09
158.30556303186032 1.0345155333657096e-09
158.40991739114304 8.32795511722713e-10
158.51427175042573 7.837653116070022e-10
158.61862610970843 7.775656197854476e-10
158.72298046899112 5.674806542102077e-10
158.82733482827385 5.087455750064508e-10
158.93168918755654 5.296577197765763e-10
159.03604354683924 3.8177179465913696e-10
159.14039790612193 3.163885266398064e-10
159.24475226540463 3.196452101198272e-10
159.34910662468735 2.3159042532343318e-10
159.45346098397005 2.0535757918728603e-10
159.55781534325274 2.016647023311512e-10
159.66216970253544 1.2854835552119216e-10
159.76652406181816 1.302903909780654e-10
159.87087842110085 1.4948741091446475e-10
159.97523278038355 8.589535365504625e-11
160.07958713966624 8.369218749377166e-11
160.18394149894897 1.1402573042167223e-10
160.28829585823166 6.933588804263527e-11
160.3926502175144 6.736541653218854e-11
160.49700457679708 8.72913198567025e-11
160.60135893607978 4.9805340343915105e-11
160.7057132953625 6.265053659243234e-11
160.8100676546452 7.140475067806051e-11
160.9144220139279 3.0058828186774525e-11
161.01877637321059 5.35276132501397e-11
161.1231307324933 5.477480627431098e-11
161.227485091776 1.6745476827001528e-11
161.3318394510587 4.105908558120606e-11
161.4361938103414 3.30571299231384e-11
161.54054816962412 8.87166183290194e-12
161.6449025289068 3.066252854344736e-11
161.7492568881895 1.5099499541879146e-11
161.8536112474722 5.204202684977806e-12
161.95796560675493 2.3114493823217445e-11
162.06231996603762 6.412241592937628e-12
162.16667432532032 4.108074644179831e-12
162.271028684603 1.833627646057345e-11
162.37538304388573 4.520346101930215e-12
162.47973740316843 3.708657397320476e-12
162.58409176245115 1.842296370466429e-11
162.68844612173385 5.127445015420468e-12
162.79280048101654 4.900391092691554e-12
162.89715484029927 2.3617408536185208e-11
163.00150919958196 4.785030387176858e-12
163.10586355886466 1.1784150417399302e-11
163.21021791814735 3.205668575001791e-11
163.31457227743007 3.3201983102924134e-12
163.41892663671277 2.6702893984231675e-11
163.52328099599546 4.028417404422411e-11
163.62763535527816 3.150478666832305e-12
163.73198971456088 4.2753871228601715e-11
163.83634407384358 4.03505361434518e-11
163.94069843312627 6.640575873771347e-12
164.04505279240897 5.174837774183604e-11
164.14940715169166 2.830783948803863e-11
164.25376151097439 1.4928413512771542e-11
164.35811587025708 5.6185918022833995e-11
164.46247022953978 1.4294009496947393e-11
164.56682458882247 2.306769922340712e-11
164.6711789481052 5.523396037554175e-11
164.7755333073879 6.858236274582107e-12
164.8798876666706 2.3225387351860344e-11
164.9842420259533 4.1561693705306915e-11
165.088596385236 2.6596428683256967e-12
165.19295074451873 2.0818705726045825e-11
165.29730510380142 2.6873738449920227e-11
165.40165946308412 1.727812297865858e-13
165.5060138223668 2.5520559620111704e-11
165.61036818164953 2.8389922171790025e-11
165.71472254093223 1.2701431261079583e-13
165.81907690021492 2.9729340329242025e-11
165.92343125949762 3.32144467855232e-11
166.02778561878034 1.4258797825745176e-13
166.13213997806304 3.0608909367410126e-11
166.23649433734573 2.5948851080337627e-11
166.34084869662843 3.5064318614089002e-12
166.44520305591115 4.222912488539705e-11
166.54955741519385 1.7713657655720092e-11
166.65391177447654 1.1405057413726173e-11
166.75826613375924 5.533446868292269e-11
166.86262049304196 1.3292439823007056e-11
166.96697485232465 1.5891407901488203e-11
167.07132921160735 4.515606820191792e-11
167.17568357089007 4.745504198385678e-12
167.28003793017277 1.9308876072301566e-11
167.3843922894555 2.4130556116817525e-11
167.48874664873819 1.490096020530962e-13
167.59310100802088 2.6883566538825327e-11
167.69745536730358 1.571532562704745e-11
167.8018097265863 5.030406562587977e-12
167.906164085869 2.4873212773764697e-11
168.0105184451517 1.0617092982435991e-11
168.11487280443438 6.8408280027210055e-12
168.2192271637171 1.0447714901122923e-11
168.3235815229998 4.8860152597563125e-12
168.4279358822825 5.3172246870160195e-12
168.5322902415652 5.6333074850576775e-12
168.6366446008479 1.1583919199204033e-11
168.7409989601306 6.995754211613585e-12
168.8453533194133 1.153831613814018e-11
168.949707678696 1.896161643262594e-11
169.0540620379787 4.518087553613192e-12
169.15841639726142 1.1248106914091121e-11
169.2627707565441 1.1743096744770208e-11
169.3671251158268 4.301524400345313e-13
169.47147947510953 1.1753113844213934e-11
169.57583383439223 4.8227216341735404e-12
169.68018819367495 5.2217863233411785e-12
169.78454255295765 1.832463793155558e-11
169.88889691224034 5.847971345911807e-12
169.99325127152304 8.874566279368881e-12
170.09760563080576 1.433505042801083e-11
170.20195999008845 3.812661745400303e-12
170.30631434937115 4.4371439045574764e-12
170.41066870865384 4.5858475051657454e-12
170.51502306793657 2.583649311967729e-12
170.61937742721926 3.1325393996768648e-12
170.72373178650196 8.444562435268013e-12
170.82808614578465 7.928475229965332e-12
170.93244050506738 3.81635877518606e-12
171.03679486435007 1.5570920770902277e-11
171.14114922363277 8.881863601373584e-12
171.24550358291546 1.3120027465668824e-12
171.34985794219818 1.3616787526540207e-11
171.45421230148088 3.2520052525622667e-12
171.55856666076357 6.5637226771186945e-12
171.6629210200463 1.467657668335413e-11
171.767275379329 2.415636095313431e-13
171.87162973861172 1.7572483153925874e-11
171.9759840978944 1.9051103459250752e-11
172.0803384571771 1.0326331756734356e-13
172.1846928164598 1.77470631977638e-11
172.28904717574252 1.3388725238104035e-11
172.39340153502522 1.6573672642967595e-12
172.49775589430791 1.1538762714342617e-11
172.6021102535906 3.3113362963911138e-12
172.70646461287333 6.339337928421125e-12
172.81081897215603 1.1235178589660734e-11
172.91517333143872 2.9108854628005317e-13
173.01952769072142 7.903676828790604e-12
173.1238820500041 9.896521731050495e-12
173.22823640928684 5.076943603888215e-13
173.33259076856953 3.587265860355776e-12
173.43694512785223 3.2110046816302434e-12
173.54129948713492 9.988285980377261e-15
173.64565384641764 1.1299119216330337e-12
173.75000820570034 7.646553379537629e-13
173.85436256498303 9.883957369148152e-13
173.95871692426576 2.4373358930911055e-12
174.06307128354848 3.766651128776256e-12
174.16742564283118 1.7229255740388982e-12
174.27178000211387 2.0468514977314656e-12
174.37613436139657 4.14572461328806e-12
174.48048872067926 5.058347272714935e-13
174.58484307996198 1.180413805619366e-12
174.68919743924468 1.863106558433576e-12
174.79355179852737 5.803092425787435e-13
174.89790615781007 4.499169057543917e-12
175.0022605170928 1.575409960920115e-12
175.1066148763755 2.362857476029338e-12
175.21096923565818 8.763887465566932e-12
175.31532359494088 2.0884295685033852e-12
175.4196779542236 2.8216667450500197e-12
175.5240323135063 7.724871879498871e-12
175.628386672789 1.1367148000436167e-12
175.7327410320717 4.040825047170018e-12
175.8370953913544 3.804206737954398e-12
175.9414497506371 1.3217093250179421e-12
176.0458041099198 8.952004334361342e-12
176.1501584692025 2.5655581561760923e-12
176.25451282848522 3.234694984490693e-12
176.35886718776794 1.1525155394653529e-11
176.46322154705064 1.894299055804631e-12
176.56757590633333 3.760563946304514e-12
176.67193026561603 6.889107012140615e-12
176.77628462489875 1.514738466364965e-13
176.88063898418145 4.887475451487301e-12
176.98499334346414 2.2648300845410617e-12
177.08934770274684 1.718338316008782e-12
177.19370206202956 8.156138995911312e-12
177.29805642131225 2.008512353940864e-12
177.40241078059495 4.59613403686723e-12
177.50676513987764 7.1696036995175204e-12
177.61111949916037 1.343987757172874e-12
177.71547385844306 3.860792173368262e-12
177.81982821772576 2.3593687165261663e-12
177.92418257700845 1.621798867099408e-12
178.02853693629115 3.5330267039056145e-12
178.13289129557387 2.6758635049908846e-12
178.23724565485657 5.423075247866328e-12
178.34160001413926 4.814066584268186e-12
178.44595437342196 5.758595148368089e-12
178.5503087327047 5.624095690235595e-12
178.6546630919874 3.293001241235011e-12
178.7590174512701 5.420448397904624e-12
178.8633718105528 2.0391061062228615e-12
178.9677261698355 4.271020205898985e-12
179.0720805291182 5.708812990851027e-12
179.1764348884009 2.7237023548995745e-12
179.2807892476836 1.1220859549280235e-11
179.3851436069663 6.259087277985999e-12
179.48949796624902 5.478915341035132e-12
179.5938523255317 1.3874317285125707e-11
179.6982066848144 2.3493286497490166e-12
179.8025610440971 8.086095150050979e-12
179.90691540337983 1.0040006759533175e-11
180.01126976266252 8.583116977719173e-13
180.11562412194522 1.5489934451890317e-11
180.2199784812279 7.226798766953922e-12
180.32433284051064 5.73367335083221e-12
180.42868719979333 2.096118245193578e-11
180.53304155907603 4.023619104169033e-12
180.63739591835872 9.94958027159562e-12
180.74175027764144 1.5787975865947332e-11
180.84610463692417 5.528716153777757e-13
180.95045899620686 1.3755831102564997e-11
181.05481335548956 8.543762873823323e-12
181.15916771477225 3.3801604141078948e-12
181.26352207405498 1.8213635550402547e-11
181.36787643333767 5.691880217860547e-12
181.47223079262037 8.196261291922352e-12
181.57658515190306 1.549800659575043e-11
181.68093951118578 3.326957580626028e-12
181.78529387046848 8.789274668686654e-12
181.88964822975117 8.422121547460717e-12
181.99400258903387 3.739348346916733e-12
182.0983569483166 9.228663368173616e-12
182.2027113075993 7.497459467382383e-12
182.30706566688198 7.59839565332016e-12
182.41142002616468 9.271377188053104e-12
182.51577438544737 9.422211441002115e-12
182.6201287447301 7.32350718213679e-12
182.7244831040128 6.840288977463928e-12
182.82883746329549 9.159525684556762e-12
182.93319182257818 4.143490424986005e-12
183.03754618186093 8.481674396609895e-12
183.14190054114363 9.600835589935605e-12
183.24625490042632 4.3919671001594135e-12
183.35060925970902 1.4251880250292146e-11
183.4549636189917 8.301029193885225e-12
183.55931797827444 6.157705016794416e-12
183.66367233755713 1.5216870289952085e-11
183.76802669683983 3.3434746721262437e-12
183.87238105612252 9.35722054205446e-12
183.97673541540524 1.1742563464746913e-11
184.08108977468794 1.8006401995397693e-12
184.18544413397063 1.5461922036172403e-11
184.28979849325333 8.152146182609381e-12
184.39415285253605 5.260770069645134e-12
184.49850721181875 1.754814364227388e-11
184.60286157110144 3.568350485515522e-12
184.70721593038414 8.882001829849263e-12
184.81157028966686 1.2398564145547538e-11
184.91592464894956 9.53785821549545e-13
185.02027900823225 1.2485657648955433e-11
185.12463336751495 6.730745417803072e-12
185.22898772679767 3.6778847443877564e-12
185.3333420860804 1.4272139816502084e-11
185.4376964453631 3.3724729132417416e-12
185.54205080464578 7.0498641075319164e-12
185.64640516392848 1.0480532231623395e-11
185.7507595232112 1.5467939516618581e-12
185.8551138824939 7.929469032175065e-12
185.9594682417766 5.284771363728816e-12
186.0638226010593 2.850151097258455e-12
186.168176960342 7.910300604705653e-12
186.2725313196247 3.6551368334960495e-12
186.3768856789074 5.049642978823197e-12
186.4812400381901 6.2121142776932495e-12
186.58559439747282 3.6723490853664254e-12
186.6899487567555 4.418896589985006e-12
186.7943031160382 3.757252950181532e-12
186.8986574753209 3.841729109252581e-12
187.0030118346036 2.7600584139110822e-12
187.10736619388632 4.180916003282254e-12
187.21172055316902 4.270106879668967e-12
187.3160749124517 2.3032775224028238e-12
187.4204292717344 6.2559189249028e-12
187.52478363101713 3.086360953317345e-12
187.62913799029985 2.6452314463640966e-12
187.73349234958255 6.570145155298631e-12
187.83784670886524 8.234776418946677e-13
187.94220106814797 4.520694947833457e-12
188.04655542743066 5.358481593156149e-12
188.15090978671336 2.8640257292435973e-13
188.25526414599605 7.414318178861803e-12
188.35961850527875 3.607506875130861e-12
188.46397286456147 1.5758324928642677e-12
188.56832722384416 8.210017131886658e-12
188.67268158312686 1.411066260251216e-12
188.77703594240955 3.4790288613624794e-12
188.88139030169228 6.3466630543826594e-12
188.98574466097497 1.049949238946445e-13
189.09009902025767 5.537654227917075e-12
189.19445337954036 3.933917795579382e-12
189.2988077388231 4.2045437593051235e-13
189.40316209810578 6.346304642572482e-12
189.50751645738848 1.913050986214477e-12
189.61187081667117 1.2902979881368597e-12
189.7162251759539 4.949996239641289e-12
189.8205795352366 4.3305358688248883e-13
189.9249338945193 1.980079577453573e-12
190.029288253802 2.8166547159293757e-12
190.1336426130847 3.073911721531256e-14
190.23799697236743 2.3241131143068804e-12
190.34235133165012 1.4574353393538958e-12
190.44670569093282 4.893594667500387e-13
190.5510600502155 1.9351914859695717e-12
190.65541440949823 8.881149107656301e-13
190.75976876878093 9.117603890340333e-13
190.86412312806362 1.0286025823159046e-12
190.96847748734632 1.015669789262662e-12
191.07283184662904 9.685834937396472e-13
191.17718620591174 6.851190058680771e-13
191.28154056519443 1.9433471771278278e-12
191.38589492447713 7.665391644148753e-13
191.49024928375985 1.3442693303945637e-12
191.59460364304255 2.7551986307050536e-12
191.69895800232524 3.509921362984491e-13
191.80331236160794 2.5855782461102787e-12
191.90766672089063 2.4374932426750853e-12
192.01202108017335 3.3782053569221215e-13
192.11637543945605 4.043309625366429e-12
192.22072979873877 1.3061206547705112e-12
192.32508415802147 1.6957355388237564e-12
192.4294385173042 5.102147172845554e-12
192.5337928765869 3.490218571874183e-13
192.63814723586958 4.1498179135655534e-12
192.74250159515228 4.540484375610043e-12
192.84685595443497 3.9794091972022545e-13
192.9512103137177 6.430279402503086e-12
193.0555646730004 2.459840316965505e-12
193.15991903228309 2.3267859854270964e-12
193.26427339156578 7.54189859580929e-12
193.3686277508485 5.725658753288254e-13
193.4729821101312 5.777110093201264e-12
193.5773364694139 6.826715327521794e-12
193.6816908286966 2.824307190394962e-13
193.7860451879793 8.579512040165174e-12
193.890399547262 4.2772781235798806e-12
193.9947539065447 1.8251651498411757e-12
194.0991082658274 9.319233441916575e-12
194.20346262511012 1.7643541858842477e-12
194.30781698439282 4.483380457217544e-12
194.41217134367554 8.240983165164296e-12
194.51652570295823 9.784059944150752e-13
194.62088006224093 6.387694735698825e-12
194.72523442152365 6.347753177686895e-12
194.82958878080635 1.6336981649152759e-12
194.93394314008904 6.400526176212569e-12
195.03829749937174 5.260028778526965e-12
195.14265185865446 2.523414811570952e-12
195.24700621793716 5.903703445758575e-12
195.35136057721985 6.2673767669971545e-12
195.45571493650255 2.6486175316959175e-12
195.56006929578527 6.670433843951196e-12
195.66442365506796 8.034165692143832e-12
195.76877801435066 1.8039033424312458e-12
195.87313237363335 9.364445285418145e-12
195.97748673291608 8.334952454397804e-12
196.08184109219877 1.4810887721720115e-12
196.18619545148147 1.3281578713621815e-11
196.29054981076416 6.529756603743959e-12
196.39490417004686 3.3116601018131247e-12
196.49925852932958 1.598517974916702e-11
196.60361288861228 3.618406356235291e-12
196.707967247895 6.810386070773573e-12
196.8123216071777 1.497088862384431e-11
196.91667596646042 1.5513446799015258e-12
197.0210303257431 1.0064215948620406e-11
197.1253846850258 1.0883946341465464e-11
197.2297390443085 2.0864189228634584e-12
197.3340934035912 1.0992528190372189e-11
197.43844776287392 6.717750702925724e-12
197.54280212215662 4.8020778886170905e-12
197.6471564814393 8.81283116007168e-12
197.751510840722 5.225603821312995e-12
197.85586520000473 7.350981437244869e-12
197.96021955928742 5.23169232281832e-12
198.06457391857012 7.420693581359081e-12
198.1689282778528 7.926166389797292e-12
198.27328263713554 3.249065322742677e-12
198.37763699641823 1.1635036311152112e-11
198.48199135570093 6.241542277744765e-12
198.58634571498362 4.176027897622337e-12
198.69070007426635 1.4626544940255033e-11
198.79505443354904 3.639441872594508e-12
198.89940879283174 6.900925311584454e-12
199.00376315211446 1.4493528273969377e-11
199.10811751139715 1.94349174067591e-12
199.21247187067988 9.271081636007085e-12
199.31682622996257 1.23808655625758e-11
199.42118058924527 1.8657511408293774e-12
199.52553494852796 9.55173352970289e-12
199.62988930781069 1.0484738083952215e-11
199.73424366709338 2.3954589038816134e-12
199.83859802637608 8.365768174471306e-12
199.94295238565877 1.0557489004414703e-11
