0.0 0.0
0.10435435928270291 7.371573187203713e-09
0.20870871856540582 1.060210088161078e-08
0.3130630778481087 1.8750088113258556e-07
0.41741743713081164 6.039762529242362e-07
0.5217717964135146 2.207828121891372e-06
0.6261261556962174 0.0003672402546708507
0.7304805149789203 0.003213760961301616
0.8348348742616233 0.007676157206407292
0.9391892335443263 0.006181469058592212
1.0435435928270291 0.001256610411606904
1.1478979521097321 7.132999094351636e-06
1.2522523113924349 3.4934450614918576e-05
1.3566066706751378 1.331309892310018e-05
1.4609610299578406 1.0866386337789028e-05
1.5653153892405436 1.1026857995801516e-05
1.6696697485232466 6.249675457912323e-06
1.7740241078059495 8.895397978007061e-06
1.8783784670886525 5.2203159089380936e-06
1.9827328263713553 7.3059146739265244e-06
2.0870871856540583 3.920135004547716e-06
2.1914415449367612 4.867104811979076e-06
2.2957959042194642 1.2102153774992643e-05
2.400150263502167 1.455081589298877e-05
2.5045046227848697 2.1985808188339176e-06
2.6088589820675727 1.3160476298481608e-06
2.7132133413502757 8.705438849881904e-06
2.8175677006329787 7.1631988686701056e-06
2.921922059915681 4.31165884788823e-06
3.026276419198384 4.159923620599145e-06
3.130630778481087 4.177652011352043e-06
3.23498513776379 4.323838325458065e-06
3.339339497046493 3.7907801919267023e-06
3.4436938563291957 4.132622921965565e-06
3.548048215611899 3.6316608178086936e-06
3.6524025748946016 4.2335549997498685e-06
3.756756934177305 3.6854863095519363e-06
3.8611112934600076 3.4941463927397586e-06
3.9654656527427106 3.029063605674832e-06
4.0698200120254135 3.845597460045611e-06
4.1741743713081165 3.917187792133137e-06
4.2785287305908195 3.6564638759369654e-06
4.3828830898735225 3.0216156454779145e-06
4.4872374491562255 3.2025903287952794e-06
4.5915918084389284 3.544456853429127e-06
4.6959461677216305 3.161152164503548e-06
4.800300527004334 3.3190592578969173e-06
4.9046548862870365 2.787627698756544e-06
5.0090092455697395 3.160945728154495e-06
5.1133636048524425 2.7642574607755626e-06
5.217717964135145 3.298657798106744e-06
5.322072323417848 2.6940587092418667e-06
5.426426682700551 3.058969378594641e-06
5.530781041983254 2.815464324723126e-06
5.635135401265957 2.8201140841565657e-06
5.73948976054866 2.7631724258486862e-06
5.843844119831362 2.444208657715386e-06
5.948198479114066 2.754135498114309e-06
6.052552838396768 2.482148996968777e-06
6.156907197679472 2.5299761384326746e-06
6.261261556962174 2.440482086342798e-06
6.365615916244878 2.839795236481431e-06
6.46997027552758 2.0701215931545354e-06
6.574324634810284 2.296859062129994e-06
6.678678994092986 2.413665052539255e-06
6.783033353375689 2.1365410168523704e-06
6.887387712658391 2.195245999431741e-06
6.991742071941095 2.2341477660786692e-06
7.096096431223798 2.0078959065775787e-06
7.200450790506501 2.00858285997074e-06
7.304805149789203 2.242641704142406e-06
7.409159509071906 1.7836484152637565e-06
7.51351386835461 2.045226923388374e-06
7.617868227637313 1.7416505082936295e-06
7.722222586920015 1.816899306001133e-06
7.826576946202718 2.039582236112878e-06
7.930931305485421 1.7570317845554657e-06
8.035285664768125 1.45344792676346e-06
8.139640024050827 1.7257179479826512e-06
8.24399438333353 1.7458417977400292e-06
8.348348742616233 1.3892127786417966e-06
8.452703101898935 1.702002428869236e-06
8.557057461181639 1.60815414547677e-06
8.661411820464341 1.5358831860670388e-06
8.765766179747045 1.236960780035804e-06
8.870120539029747 1.4557164579856664e-06
8.974474898312451 1.3637635622653614e-06
9.078829257595153 1.2165162590143474e-06
9.183183616877857 1.8654210857224927e-06
9.287537976160559 1.291526536569852e-06
9.391892335443261 6.361526018290761e-07
9.496246694725965 1.6128969932072722e-06
9.600601054008669 1.598253960765371e-06
9.704955413291371 5.259740462560481e-07
9.809309772574073 1.6751537395960102e-06
9.913664131856777 1.651847132838285e-06
10.018018491139479 8.076695276911594e-07
10.122372850422183 1.2795336660359143e-06
10.226727209704885 1.0671204691320672e-06
10.331081568987589 6.310739020906872e-07
10.43543592827029 2.394705533354557e-06
10.539790287552993 1.2092379749710279e-06
10.644144646835697 1.1729486618572887e-06
10.7484990061184 1.196594715997802e-06
10.852853365401103 1.075007681646146e-06
10.957207724683805 1.5431400024603884e-06
11.061562083966509 3.7037627314867564e-06
11.165916443249213 4.747847662119401e-08
11.270270802531915 6.18602283700334e-07
11.374625161814617 3.801134233488995e-06
11.47897952109732 2.6316380209856774e-08
11.583333880380025 1.677895774354107e-07
11.687688239662725 4.719019730961113e-06
11.792042598945429 5.305590906287182e-07
11.896396958228133 1.8255780390445893e-06
12.000751317510835 1.349405650269417e-06
12.105105676793537 1.437739882140184e-07
12.20946003607624 3.214340363548834e-08
12.313814395358945 6.036829448542809e-06
12.418168754641647 5.45104443107898e-06
12.522523113924349 5.610179975168938e-06
12.626877473207053 1.3141049483039972e-06
12.731231832489756 3.6078511185398515e-06
12.835586191772459 3.3172596255465226e-06
12.93994055105516 1.533866670699384e-06
13.044294910337864 7.801559613593208e-06
13.148649269620568 7.546163177169881e-06
13.253003628903269 1.536007837371345e-05
13.357357988185973 1.1865145555695754e-06
13.461712347468676 5.31825673716595e-06
13.566066706751378 5.635893010883022e-06
13.67042106603408 1.397622066704219e-05
13.774775425316783 5.826324282535201e-07
13.879129784599488 5.310307221274909e-05
13.98348414388219 2.3719346912302793e-06
14.087838503164894 6.25501559878778e-05
14.192192862447596 5.317788883251572e-05
14.296547221730298 3.075412791416441e-05
14.400901581013002 7.623683340241635e-05
14.505255940295704 7.442611222539713e-05
14.609610299578407 3.7875984895393186e-05
14.71396465886111 0.00023171514730520865
14.818319018143812 1.9124829129117596e-05
14.922673377426518 0.0002656032931185337
15.02702773670922 0.00016273010616593716
15.131382095991922 0.00013963744519264256
15.235736455274626 0.000153495047504408
15.340090814557328 0.0005324226503239501
15.44444517384003 0.00015045260138192167
15.548799533122734 0.0005071314891822842
15.653153892405436 0.0002037494230602647
15.757508251688138 0.001048738189191471
15.861862610970842 0.0008813468309328196
15.966216970253544 0.00018246621716666147
16.07057132953625 0.001063377575298294
16.174925688818952 0.0018094286412633288
16.279280048101654 0.000541328110683748
16.38363440738436 0.0016480077898487814
16.48798876666706 0.0004533937673678614
16.59234312594976 0.0029885829418669673
16.696697485232466 0.003364243735210188
16.801051844515168 0.0017056963282549385
16.90540620379787 0.00047755809558053437
17.009760563080576 0.007295559589297137
17.114114922363278 0.00740640530017499
17.21846928164598 0.003542461650834065
17.322823640928682 3.836293531121749e-05
17.427178000211384 0.015700758191521436
17.53153235949409 0.02298537553598964
17.635886718776792 0.009460747839100357
17.740241078059494 0.0027140109384708637
17.8445954373422 0.024709728089123025
17.948949796624902 0.03368901603405143
18.053304155907604 0.027215244745997413
18.157658515190306 0.0029717587228640777
18.262012874473008 0.03400215741008928
18.366367233755714 0.08538240185338163
18.470721593038416 0.07975487091826515
18.575075952321118 0.010922075312451238
18.679430311603824 0.025359294588299063
18.783784670886522 0.11480645578349247
18.888139030169224 0.12529233086167121
18.99249338945193 0.051717300289273835
19.096847748734632 0.01774329276451073
19.201202108017338 0.12943055604868148
19.30555646730004 0.22446723750542968
19.409910826582742 0.038120170800652144
19.514265185865444 0.042913395775823926
19.618619545148146 0.28092323976372635
19.722973904430848 0.42049438195811956
19.827328263713554 0.19564027985397903
19.931682622996256 0.029146545991521017
20.036036982278958 0.8479565625129122
20.140391341561664 2.9350374251121623
20.244745700844366 5.534065407817831
20.349100060127068 7.415253324292621
20.45345441940977 7.979538711338997
20.557808778692472 5.87904505597784
20.662163137975178 3.05622647587057
20.76651749725788 0.7258591584800342
20.87087185654058 0.03404683864683005
20.975226215823287 0.09189715329976887
21.079580575105986 0.12589705746411486
21.18393493438869 0.08230507217009678
21.288289293671394 0.05270977285028614
21.392643652954096 0.057524664991563904
21.4969980122368 0.0729099820463471
21.601352371519503 0.10820587971494733
21.705706730802206 0.11011297388032087
21.810061090084908 0.14277906254631864
21.91441544936761 0.26676860102827027
22.018769808650312 0.2834453411843887
22.123124167933018 0.2637078833621327
22.22747852721572 0.4652684222253985
22.331832886498425 0.5172460881648143
22.436187245781127 0.32558130501830795
22.54054160506383 0.062469379751272744
22.64489596434653 0.011089843466080817
22.749250323629234 0.04845841935993503
22.853604682911936 0.13243569118504936
22.95795904219464 0.21014848413698517
23.062313401477343 0.15125844750412767
23.16666776076005 0.06450778684576389
23.27102212004275 0.0025835043520627712
23.37537647932545 0.052772305860796224
23.479730838608155 0.11819281779493879
23.584085197890857 0.03880291368320804
23.68843955717356 0.04380452100474274
23.792793916456265 0.018035341354045005
23.897148275738967 0.004568504714963221
24.00150263502167 0.04240398241644526
24.10585699430437 0.07991441925865492
24.210211353587074 0.022484767516599734
24.31456571286978 0.038482511768803206
24.41892007215248 0.0004100103385588199
24.523274431435183 0.0346490175911129
24.62762879071789 0.058664224082304976
24.73198315000059 0.013476780110066405
24.836337509283293 0.014609856883655533
24.940691868565995 0.01974084496178708
25.045046227848697 0.0014942002519546806
25.1494005871314 0.03208782965763403
25.253754946414105 0.02318442717770296
25.358109305696807 0.01797489058994746
25.462463664979513 0.0011709976456490711
25.566818024262215 0.01806877820227121
25.671172383544917 0.007041663397371424
25.77552674282762 0.027379143902920317
25.87988110211032 0.0014426657096688633
25.984235461393023 0.016292599501115407
26.08858982067573 0.016029890235651826
26.19294417995843 0.0008277964458549662
26.297298539241137 0.020985630754184782
26.401652898523835 0.02354789329486418
26.506007257806537 0.0026609605216561362
26.610361617089243 0.005333159088103137
26.714715976371945 0.007048767944842004
26.819070335654647 0.006997231910773502
26.923424694937353 0.0023529808202195925
27.027779054220055 0.005582866304029379
27.132133413502757 6.0988732369900794e-05
27.23648777278546 0.007674896875590904
27.34084213206816 4.819157695772778e-05
27.445196491350863 0.007866493290183635
27.549550850633565 0.0016167291582683341
27.653905209916275 0.0019503144645326308
27.758259569198977 0.009884265316073358
27.86261392848168 0.0036803083898255713
27.96696828776438 0.0008202402205996069
28.07132264704708 0.007613556840201767
28.17567700632979 0.00372260642904412
28.28003136561249 0.0005366943968886879
28.384385724895193 0.0015699183500732547
28.488740084177895 0.003918196060479641
28.593094443460597 0.0004376778994989264
28.6974488027433 0.0008809662639050671
28.801803162026005 0.0005967839156042142
28.906157521308707 0.0008497800149098366
29.01051188059141 0.00021152790708186818
29.11486623987411 0.0003165706385729818
29.219220599156813 0.0004264972958214467
29.323574958439522 0.0012153487764900686
29.42792931772222 0.002678473166311844
29.532283677004923 0.0009133007201213218
29.636638036287625 0.0004710646012112782
29.740992395570327 0.0013131770839837928
29.845346754853036 0.0007147042559877126
29.94970111413574 0.00287347022825939
30.05405547341844 0.0051478463255987235
30.158409832701143 0.0007760331876641737
30.262764191983845 0.0016389989619808368
30.367118551266543 0.007281172665258032
30.471472910549252 0.006048941315471704
30.575827269831954 0.0004505050212471884
30.680181629114657 8.380581063270701e-05
30.78453598839736 0.0004690484007115642
30.88889034768006 0.0010266675813600224
30.993244706962766 0.0032471871108203485
31.09759906624547 0.0014598145599912333
31.20195342552817 0.0020316079119238667
31.306307784810873 0.005002913295281706
31.410662144093575 0.003411622109478363
31.515016503376277 0.002573308400660136
31.619370862658986 0.00035116445929703655
31.723725221941685 3.701829156941028e-05
31.828079581224387 0.002132464133500236
31.93243394050709 0.0041663884180261415
32.03678829978979 0.0040696732330672575
32.1411426590725 0.004743304895555688
32.2454970183552 0.002171717873011618
32.349851377637904 0.00021260949707516962
32.454205736920606 0.00029675953171302366
32.55856009620331 0.00032680035027449287
32.66291445548601 0.0006939971235657255
32.76726881476872 0.0026761077738762682
32.87162317405142 0.006682695483980775
32.97597753333412 0.008936322401221128
33.08033189261682 0.003288165964686612
33.18468625189952 1.9332825663091736e-06
33.28904061118223 0.0020860776768011798
33.39339497046493 0.002808817914861333
33.497749329747634 0.0009722382540396779
33.602103689030336 0.00013721686171193446
33.70645804831304 0.00027068205517783204
33.81081240759574 0.0014802423095752275
33.91516676687845 0.0018716477083225592
34.01952112616115 0.00026112895788182563
34.123875485443854 0.0007938004853560645
34.228229844726556 0.0016426757908289413
34.33258420400926 8.041352005637747e-05
34.43693856329196 0.0026089680100450747
34.54129292257466 0.007099100995906695
34.645647281857364 0.00398064564058999
34.75000164114007 0.0002982734315610757
34.85435600042277 0.00187665946116058
34.95871035970548 0.0020089761389429483
35.06306471898818 0.000292844123015406
35.16741907827088 0.00013004617755593478
35.271773437553584 0.0001280873287621249
35.376127796836286 0.00027123798857501825
35.48048215611899 0.0012070335316888702
35.5848365154017 0.0009834477979008206
35.6891908746844 3.5447622855149586e-05
35.7935452339671 0.0015307405297127874
35.897899593249804 0.00440945305156936
36.002253952532506 0.005976994327522381
36.10660831181521 0.00542246835587152
36.21096267109791 0.0017985336802488626
36.31531703038061 1.0735972527091492e-05
36.419671389663314 0.0011962723555234056
36.524025748946016 0.0015418786677107545
36.62838010822872 0.000589685632682901
36.73273446751143 0.0010664873722523072
36.83708882679413 0.0012727324912629174
36.94144318607683 0.00019143582299455247
37.045797545359534 7.438444271765476e-05
37.150151904642236 0.00013856953882459625
37.254506263924945 0.00011810090750558866
37.35886062320765 0.0013129902508680433
37.46321498249035 0.0022605964130484337
37.567569341773044 0.0018893952313532834
37.671923701055746 0.0009454536393989466
37.77627806033845 0.0004874388539451148
37.88063241962116 0.0005614997847967903
37.98498677890386 0.0008846338758659275
38.08934113818656 0.0007916132881161181
38.193695497469264 0.00017438090531993986
38.298049856751966 7.075204845087836e-05
38.402404216034675 0.0005102480860168073
38.50675857531738 0.000666967383572597
38.61111293460008 0.00035869952610712225
38.71546729388278 0.00011433715254676103
38.819821653165484 0.0003224847606309744
38.924176012448186 0.0011916146953829352
39.02853037173089 0.0019260673855081157
39.13288473101359 0.0019453564081735432
39.23723909029629 0.0009923077673233847
39.341593449578994 0.00023184670130758627
39.445947808861696 4.186612487454893e-06
39.550302168144405 0.00016567694024370656
39.65465652742711 0.0002969574695349763
39.75901088670981 0.0006137318575750775
39.86336524599251 0.0010678526670876273
39.967719605275214 0.0012310990563813573
40.072073964557916 0.000541182393138331
40.176428323840625 0.0001270288205061858
40.28078268312333 0.0005502371503953814
40.38513704240603 0.0014141842378424623
40.48949140168873 0.002180460777219804
40.59384576097143 0.0023842457950217304
40.698200120254135 0.001667763355074707
40.80255447953684 0.0008639365005005849
40.90690883881954 0.00020953489973207093
41.01126319810224 0.00021213488509227643
41.115617557384944 0.0005104116569283738
41.21997191666765 0.0006754529981600145
41.324326275950355 0.0003683019545288125
41.42868063523306 0.00010829128274660423
41.53303499451576 0.00025824570446180117
41.63738935379846 0.0005439820120163223
41.74174371308116 0.0004123115047506622
41.84609807236387 5.713254711480084e-05
41.950452431646575 0.0002802277701641015
42.05480679092928 0.0011678918762465958
42.15916115021197 0.0017008962503800534
42.263515509494674 0.0012706805692955555
42.36786986877738 0.00045139963269233896
42.472224228060085 1.928733908966039e-05
42.57657858734279 7.629422951331966e-05
42.68093294662549 0.0001820948930783769
42.78528730590819 0.00011664693256587033
42.889641665190894 0.00026465110564722255
42.9939960244736 0.0007904898510697765
43.098350383756305 0.0012426853968584154
43.20270474303901 0.000947687507550213
43.30705910232171 0.0002516549287631241
43.41141346160441 0.00014777570579626974
43.51576782088712 0.001104769704832168
43.620122180169815 0.0020783093604358413
43.72447653945252 0.0022513474761934726
43.82883089873522 0.001466269044704527
43.93318525801792 0.0005493213877381174
44.037539617300624 6.288662804984186e-05
44.14189397658333 3.578078488210616e-05
44.246248335866035 0.00010136813022575101
44.35060269514874 0.00010563025434014937
44.45495705443144 0.00017113965483645928
44.55931141371414 0.0002756084789378152
44.66366577299685 0.0003624602388443081
44.76802013227955 0.00036711558669529407
44.872374491562255 0.00019057411829809901
44.97672885084496 3.736098499118365e-05
45.08108321012766 2.749879216034891e-05
45.18543756941036 0.00018392537023344773
45.28979192869306 0.0003366471415570241
45.394146287975765 0.000351323920431142
45.49850064725847 0.00015253167896676106
45.60285500654117 1.8060239530545423e-05
45.70720936582387 1.4835571031613067e-05
45.81156372510658 5.6597451599409324e-05
45.91591808438928 0.00014576670184901367
46.020272443671985 0.0003480391337743542
46.12462680295469 0.0006508188501788455
46.22898116223739 0.0008430481022025879
46.3333355215201 0.0006773242563654532
46.4376898808028 0.0002810224846681958
46.5420442400855 8.6730761107265e-05
46.646398599368204 0.0004122836474358128
46.7507529586509 0.001002019595836762
46.8551073179336 0.0012544240488664552
46.95946167721631 0.0009221996167402372
47.06381603649901 0.0003858617953915873
47.168170395781715 0.00012527630702376756
47.27252475506442 0.00010241081224244572
47.37687911434712 7.788172308869445e-05
47.48123347362983 1.560215183268381e-05
47.58558783291253 9.527452159909826e-05
47.68994219219523 0.000369194630049217
47.794296551477935 0.0005258962970719999
47.89865091076064 0.00038414778422352856
48.00300527004334 9.600180664092436e-05
48.10735962932605 5.573896764806066e-05
48.21171398860874 0.0002903629666234547
48.316068347891445 0.0005679097320346594
48.42042270717415 0.0005979903423069926
48.52477706645685 0.0005315894695492812
48.62913142573956 0.00041441557219835164
48.73348578502226 0.00031892845590232366
48.83784014430496 0.0001482719966933447
48.942194503587665 0.00015837193778104241
49.04654886287037 0.0005630117031532683
49.15090322215307 0.0012439863577698163
49.25525758143578 0.001470279085838675
49.35961194071848 0.0009610980710415853
49.46396630000118 0.00021488366780654189
49.568320659283884 0.00018993640843558245
49.672675018566586 0.0008061225629930536
49.77702937784929 0.0011639999955639965
49.88138373713199 0.0007673918527417053
49.98573809641469 0.0002041295542119074
50.090092455697395 0.0001187157678012516
50.1944468149801 0.0004197616831694094
50.2988011742628 0.0005404732931342886
50.40315553354551 0.0002489923784918022
50.50750989282821 1.159151974340568e-06
50.61186425211091 0.00034294412674069387
50.716218611393614 0.0011480584775748657
50.82057297067632 0.0015102893318674044
50.924927329959026 0.0008935891301008981
51.02928168924173 7.543877575727933e-05
51.13363604852443 0.00032982951541951286
51.23799040780713 0.0015903196509766196
51.342344767089834 0.0023580607998022435
51.446699126372536 0.0017623123262725238
51.55105348565524 0.0005688880887051099
51.65540784493794 3.534392372800825e-05
51.75976220422064 0.00028145763274253197
51.864116563503345 0.0005679612807394751
51.96847092278605 0.00042580493286095765
52.072825282068756 0.00010811301347488088
52.17717964135146 2.2497417615189634e-05
52.28153400063416 0.00023549101002794822
52.38588835991686 0.000438793644258546
52.490242719199564 0.00034690508492615416
52.59459707848227 9.325676461705332e-05
52.698951437764975 0.00012569494854584629
52.80330579704767 0.0005547733359151384
52.90766015633037 0.0009047644893846273
53.012014515613075 0.0008412949726565608
53.11636887489578 0.00046300934447007373
53.220723234178486 0.00021531512740345958
53.32507759346119 0.00016029023998882314
53.42943195274389 0.0001616880541506945
53.53378631202659 8.77190523034411e-05
53.638140671309294 3.0054638170423926e-05
53.742495030592 4.034420292342696e-05
53.846849389874706 9.425253193326121e-05
53.95120374915741 0.0001231973339266054
54.05555810844011 0.0001422060729773081
54.15991246772281 0.00016132730119031152
54.264266827005514 0.00018665230504400925
54.368621186288216 0.00015362387541337447
54.47297554557092 9.860386663507129e-05
54.57732990485362 9.99159116063061e-05
54.68168426413632 0.00016225909693705478
54.786038623419024 0.00018131116216658924
54.89039298270173 9.29134053211894e-05
54.99474734198443 1.6037736468673558e-05
55.09910170126713 0.00011190098106885308
55.20345606054985 0.0003368842347507027
55.30781041983255 0.00042934464109597976
55.41216477911525 0.0002673702211205333
55.51651913839795 4.6225731560524254e-05
55.620873497680655 3.0781033423510266e-05
55.72522785696336 0.000326414430532214
55.82958221624606 0.0007766758218202589
55.93393657552876 0.0010889347834343163
56.03829093481146 0.0010784901454887884
56.14264529409416 0.0008596149293526241
56.24699965337686 0.0005822303122497071
56.35135401265958 0.00029438901403481865
56.45570837194228 9.241218460923358e-05
56.56006273122498 4.31642798980745e-05
56.66441709050768 0.00022042313412036374
56.768771449790385 0.0005202148320807276
56.87312580907309 0.0006914213433082044
56.97748016835579 0.0005769191136117379
57.08183452763849 0.0003389153955896804
57.186188886921194 0.00024188783952502438
57.290543246203896 0.00036402094409219456
57.3948976054866 0.0006033795547491289
57.49925196476931 0.0007498873163707549
57.60360632405201 0.0006430687707290232
57.70796068333471 0.00040111324700236776
57.81231504261741 0.0001952952142957946
57.916669401900116 5.8674904102512034e-05
58.02102376118282 6.834142729607111e-06
58.12537812046552 1.4507190463694075e-05
58.22973247974822 8.811135772782409e-05
58.334086839030924 0.00025374656896384523
58.438441198313626 0.0004526559358668907
58.54279555759633 0.0005952613133782802
58.647149916879044 0.0006584226828575587
58.75150427616175 0.0006636370678308393
58.85585863544444 0.0005826412762960813
58.960212994727144 0.0004323009505449356
59.064567354009846 0.0002539968085141647
59.16892171329255 8.439220385510551e-05
59.27327607257525 1.4842160060545468e-05
59.37763043185795 7.331878931205784e-05
59.481984791140654 0.00017741415295535946
59.586339150423356 0.00022787727498123798
59.69069350970607 0.00017393875650753
59.795047868988775 5.520353026982842e-05
59.89940222827148 8.222960537285228e-07
60.00375658755418 9.82519017961977e-05
60.10811094683688 0.0003275828003882887
60.21246530611958 0.0006199336680623247
60.316819665402285 0.0008587924788007977
60.42117402468499 0.0009124826065421483
60.52552838396769 0.000793386651250455
60.629882743250384 0.0005751649005046529
60.734237102533086 0.0003969073052545785
60.8385914618158 0.00033191882083785326
60.942945821098505 0.0004014442940951593
61.04730018038121 0.0005131796825299799
61.15165453966391 0.0005707469282504897
61.25600889894661 0.0005270522920048934
61.36036325822931 0.0003899365521567107
61.464717617512015 0.00026626464110631674
61.56907197679472 0.0002258004078131551
61.67342633607742 0.0003098046816546658
61.77778069536012 0.00045067769391916136
61.88213505464282 0.0005826412999156575
61.98648941392553 0.0005974829035256856
62.090843773208235 0.0005029923810747947
62.19519813249094 0.0003437811122562146
62.29955249177364 0.0001934393619609379
62.40390685105634 0.00011316531518036838
62.50826121033904 0.0001191769588468948
62.612615569621745 0.00018666386945812466
62.71696992890445 0.00026139037175276607
62.82132428818715 0.0003168127611407119
62.92567864746985 0.00033151334716212963
63.030033006752554 0.0003267218936679734
63.13438736603527 0.0003158417224060271
63.23874172531797 0.0003231658180608005
63.343096084600674 0.0003368178859225527
63.44745044388337 0.000335260879197405
63.55180480316607 0.000295903329157327
63.65615916244877 0.00022159683483990918
63.760513521731475 0.00013676383234282732
63.86486788101418 6.47974289940737e-05
63.96922224029688 2.0147804939608124e-05
64.07357659957958 7.606365534431023e-06
64.17793095886229 1.7759600025774852e-05
64.282285318145 3.462262879891593e-05
64.3866396774277 4.933852194081594e-05
64.4909940367104 6.308251855715973e-05
64.5953483959931 7.306353260938582e-05
64.69970275527581 8.467687533002538e-05
64.8040571145585 9.505157064692477e-05
64.90841147384121 0.00010646004631755573
65.01276583312391 0.00011793403316800403
65.11712019240662 0.00012125511198922803
65.22147455168931 0.00012399852803208732
65.32582891097202 0.00012087493744726459
65.43018327025473 0.00012109722665788296
65.53453762953744 0.00012495990920682084
65.63889198882013 0.00012489433111687466
65.74324634810284 0.00012652946949666624
65.84760070738554 0.00011888998713648129
65.95195506666823 0.00010896757181755941
66.05630942595094 9.332204552406026e-05
66.16066378523364 7.116122377385931e-05
66.26501814451635 4.99894964838797e-05
66.36937250379904 2.7672268318620352e-05
66.47372686308175 1.2069432517283515e-05
66.57808122236446 5.2232987878538105e-06
66.68243558164717 1.3301721093586352e-05
66.78678994092986 4.0610671757213094e-05
66.89114430021257 8.480115957523015e-05
66.99549865949527 0.00013996861577011315
67.09985301877798 0.0002052512704694212
67.20420737806067 0.00026217276650715486
67.30856173734338 0.0003017031792166228
67.41291609662608 0.0003142570324565143
67.51727045590879 0.00030577792136843177
67.62162481519148 0.00027973972511685733
67.72597917447419 0.00023468671590090234
67.8303335337569 0.0001782487091607809
67.9346878930396 0.00012155107491708038
68.0390422523223 7.321705262126172e-05
68.143396611605 3.571629856220045e-05
68.24775097088771 1.3073820278962832e-05
68.3521053301704 1.0999287802433604e-05
68.45645968945311 2.9089573529710325e-05
68.5608140487358 6.497709844832348e-05
68.66516840801852 0.00011271490591473891
68.76952276730121 0.00016349071559947214
68.87387712658392 0.00020165287755973324
68.97823148586663 0.0002183940832499632
69.08258584514932 0.00022233940533791574
69.18694020443203 0.0002108348421821945
69.29129456371473 0.000190217619284761
69.39564892299744 0.00015348515790285385
69.50000328228013 0.00011780345151442147
69.60435764156284 8.725351301093633e-05
69.70871200084554 6.400061601264273e-05
69.81306636012825 4.628241150600848e-05
69.91742071941096 3.290726049214107e-05
70.02177507869366 2.7595776293089543e-05
70.12612943797636 2.7583569603351916e-05
70.23048379725907 3.41201874765315e-05
70.33483815654176 4.096489986414914e-05
70.43919251582446 4.814576864195266e-05
70.54354687510717 5.017068408815748e-05
70.64790123438986 5.432356940605806e-05
70.75225559367257 5.8455900938488806e-05
70.85660995295527 6.440195658156284e-05
70.96096431223798 6.539134077187664e-05
71.06531867152069 6.344951735077119e-05
71.1696730308034 6.170723425254176e-05
71.27402739008609 6.0847736358085186e-05
71.3783817493688 5.8502889814431945e-05
71.4827361086515 4.906378310402512e-05
71.5870904679342 3.7347709070493754e-05
71.6914448272169 2.614992842837161e-05
71.79579918649961 1.817220202962738e-05
71.9001535457823 1.189189011318916e-05
72.00450790506501 8.56219026674857e-06
72.1088622643477 8.738784499700892e-06
72.21321662363042 1.2041510021315163e-05
72.31757098291313 1.868697134173438e-05
72.42192534219582 2.8689867119050306e-05
72.52627970147853 3.870500761758769e-05
72.63063406076122 4.524599787282597e-05
72.73498842004393 4.917729923630425e-05
72.83934277932663 5.4315045110315715e-05
72.94369713860934 5.529227707385811e-05
73.04805149789203 4.9266793192148436e-05
73.15240585717474 3.6250907203769444e-05
73.25676021645744 2.4131374854029083e-05
73.36111457574015 1.4796124767198387e-05
73.46546893502286 8.017610949860596e-06
73.56982329430555 4.561022995901133e-06
73.67417765358826 4.65900976115883e-06
73.77853201287095 6.696470316132942e-06
73.88288637215366 1.0108462771839665e-05
73.98724073143636 1.5519998806749556e-05
74.09159509071907 1.9981226744187625e-05
74.19594945000176 2.2828230258367016e-05
74.30030380928447 2.3056460802616e-05
74.40465816856717 2.541787650476238e-05
74.50901252784989 2.5713743910563232e-05
74.61336688713259 2.2115711881935e-05
74.7177212464153 1.5597802153838836e-05
74.82207560569799 9.467735372888859e-06
74.9264299649807 5.967609739871431e-06
75.0307843242634 3.393932025906551e-06
75.13513868354609 2.5249195409487374e-06
75.2394930428288 2.3517549877564897e-06
75.34384740211149 2.6556715281826736e-06
75.4482017613942 2.8710030102453992e-06
75.5525561206769 3.8118320625743516e-06
75.65691047995962 4.0713844966681355e-06
75.76126483924232 3.563575447604056e-06
75.86561919852502 2.853331192906337e-06
75.96997355780772 2.718635088770546e-06
76.07432791709043 2.518991264763915e-06
76.17868227637312 1.5921145588016318e-06
76.28303663565583 7.15084182564559e-07
76.38739099493853 3.3897688693950694e-07
76.49174535422124 4.0734734802125996e-07
76.59609971350393 8.00533727428463e-07
76.70045407278664 1.2079325076389082e-06
76.80480843206935 1.153428742060913e-06
76.90916279135205 5.761069294574058e-07
77.01351715063475 2.442679400749063e-07
77.11787150991745 1.852985253236911e-07
77.22222586920016 1.1608517058289487e-07
77.32658022848285 2.9499468308848156e-07
77.43093458776556 8.350059582919129e-07
77.53528894704826 1.1443978234895785e-06
77.63964330633097 1.3636655657216285e-06
77.74399766561366 1.759151747604128e-06
77.84835202489637 2.6943151503293403e-06
77.95270638417908 3.154368167682165e-06
78.05706074346178 2.7650555785321336e-06
78.16141510274448 2.6370406852785946e-06
78.26576946202718 2.0908375204661694e-06
78.37012382130989 1.3388151225982628e-06
78.47447818059258 5.313787943184945e-07
78.5788325398753 4.216097941688446e-07
78.68318689915799 9.643336015759937e-07
78.7875412584407 1.5518611644310348e-06
78.89189561772339 2.263033360632462e-06
78.9962499770061 3.4397749377017076e-06
79.10060433628881 3.904081906948226e-06
79.20495869557152 4.231391965144547e-06
79.30931305485421 4.701075350629425e-06
79.41366741413692 5.196398565819262e-06
79.51802177341962 5.522940436116377e-06
79.62237613270231 4.951664355511904e-06
79.72673049198502 4.518393398584371e-06
79.83108485126772 4.009983644243441e-06
79.93543921055043 3.2638805138879143e-06
80.03979356983312 2.7960258633089742e-06
80.14414792911583 2.7226423733785766e-06
80.24850228839854 3.0578845703331047e-06
80.35285664768125 3.3016950738869683e-06
80.45721100696395 3.240444929385598e-06
80.56156536624665 3.0685844059316666e-06
80.66591972552935 2.8151481487235357e-06
80.77027408481206 2.614840683111252e-06
80.87462844409475 2.607702897893733e-06
80.97898280337746 3.09150255646475e-06
81.08333716266016 3.908978571317186e-06
81.18769152194287 4.71093484019456e-06
81.29204588122558 5.388621005209343e-06
81.39640024050827 5.8049759643641504e-06
81.50075459979098 6.365792230395369e-06
81.60510895907368 6.41065171785433e-06
81.70946331835638 6.030563175602266e-06
81.81381767763908 5.728991156134839e-06
81.91817203692179 5.136457932310905e-06
82.02252639620448 4.349032047483393e-06
82.12688075548719 2.8554431594084395e-06
82.23123511476989 1.6675758811326464e-06
82.3355894740526 1.0472664864325671e-06
82.4399438333353 6.222136040768786e-07
82.544298192618 8.386803903813129e-07
82.64865255190071 1.960430071564639e-06
82.7530069111834 3.168990932366274e-06
82.85736127046611 4.328663618704518e-06
82.96171562974881 5.128142798717717e-06
83.06606998903152 6.12383312797832e-06
83.17042434831421 6.66009747241201e-06
83.27477870759692 5.841074105769835e-06
83.37913306687962 5.237446769301729e-06
83.48348742616233 4.640128317779804e-06
83.58784178544504 3.896569182744788e-06
83.69219614472775 2.5107330041308346e-06
83.79655050401044 1.2356644840431872e-06
83.90090486329315 7.221230352024783e-07
84.00525922257584 3.316280675967765e-07
84.10961358185855 1.8580694453886092e-07
84.21396794114125 7.351129769855162e-07
84.31832230042394 1.5281355376533634e-06
84.42267665970665 1.9489893428215233e-06
84.52703101898935 2.265915569112816e-06
84.63138537827206 2.8371683460332823e-06
84.73573973755477 3.1409357582023564e-06
84.84009409683748 2.5826610100118446e-06
84.94444845612017 1.965752302441329e-06
85.04880281540288 1.8938140867270599e-06
85.15315717468557 1.7616979302920706e-06
85.25751153396828 1.1144612279894594e-06
85.36186589325098 6.857051603179974e-07
85.46622025253369 7.328842890477899e-07
85.57057461181638 6.861873253695005e-07
85.67492897109909 4.476578770673061e-07
85.77928333038179 4.894467515203826e-07
85.8836376896645 8.52013492322072e-07
85.9879920489472 8.595842178019392e-07
86.0923464082299 5.202880986919794e-07
86.19670076751261 4.971897653914274e-07
86.3010551267953 4.911341441526898e-07
86.40540948607801 2.6620491718826513e-07
86.50976384536071 5.261852351786061e-08
86.61411820464342 1.8543909999721365e-07
86.71847256392611 3.7602011571819817e-07
86.82282692320882 3.909764244818237e-07
86.92718128249152 6.446040820973936e-07
87.03153564177424 1.3178779414264926e-06
87.13589000105694 1.4811234463617528e-06
87.24024436033963 1.3114525190446567e-06
87.34459871962234 1.2437647410382882e-06
87.44895307890503 1.5644720564295074e-06
87.55330743818774 1.661183186490233e-06
87.65766179747044 1.1213532088952953e-06
87.76201615675315 6.882464315701942e-07
87.86637051603584 5.012288823296519e-07
87.97072487531855 5.958916012322165e-07
88.07507923460125 6.240915196080291e-07
88.17943359388397 7.20531208200031e-07
88.28378795316667 6.905821629337896e-07
88.38814231244938 8.767414613943797e-07
88.49249667173207 1.4151310427535317e-06
88.59685103101478 2.1391695037112695e-06
88.70120539029747 2.3531518166154456e-06
88.80555974958018 2.0766661762053492e-06
88.90991410886288 2.052390016850376e-06
89.01426846814557 2.452997744178792e-06
89.11862282742828 2.692018081077718e-06
89.22297718671098 2.2933003205768295e-06
89.3273315459937 1.6947781892011005e-06
89.4316859052764 1.502149905710543e-06
89.5360402645591 1.6965774777885933e-06
89.6403946238418 1.8856249129795698e-06
89.74474898312451 1.7593805520060455e-06
89.8491033424072 1.5083735559092241e-06
89.95345770168991 1.541385234714924e-06
90.05781206097261 1.9829275804127077e-06
90.16216642025532 2.5390068271481736e-06
90.26652077953801 2.5047703652571182e-06
90.37087513882072 2.253800953772168e-06
90.47522949810343 2.10763100115313e-06
90.57958385738613 2.54266736904503e-06
90.68393821666884 2.7109970663300287e-06
90.78829257595153 2.4762668142083113e-06
90.89264693523424 1.9388278125160587e-06
90.99700129451693 1.7488551040615324e-06
91.10135565379964 1.9953911894412657e-06
91.20571001308234 2.092362492977194e-06
91.31006437236505 1.9974570289774132e-06
91.41441873164774 1.581628825100664e-06
91.51877309093047 1.5889004098264996e-06
91.62312745021316 1.773625195918817e-06
91.72748180949586 2.1173336391711534e-06
91.83183616877857 1.9607812135573022e-06
91.93619052806126 1.706604566474266e-06
92.04054488734397 1.6075136677446747e-06
92.14489924662666 1.812654896305603e-06
92.24925360590937 1.9928067561897745e-06
92.35360796519207 1.75906046869924e-06
92.45796232447478 1.4602572512869805e-06
92.56231668375747 1.287495793673242e-06
92.6666710430402 1.4491028748351165e-06
92.77102540232289 1.5026441668648462e-06
92.8753797616056 1.387005797174958e-06
92.9797341208883 1.1235595601575966e-06
93.084088480171 1.0392024316528227e-06
93.1884428394537 1.153248072447907e-06
93.29279719873641 1.2593665053361813e-06
93.3971515580191 1.1811785429436287e-06
93.5015059173018 1.0028482758012238e-06
93.60586027658451 9.327875454606784e-07
93.7102146358672 1.0371358361469644e-06
93.81456899514993 1.086034777012076e-06
93.91892335443262 1.010551468457412e-06
94.02327771371533 8.153465797343127e-07
94.12763207299803 7.57672036469215e-07
94.23198643228073 7.847448733895155e-07
94.33634079156343 8.140278299107095e-07
94.44069515084614 7.379356919156469e-07
94.54504951012883 5.974294362623176e-07
94.64940386941154 5.465200398945549e-07
94.75375822869424 5.34934416098793e-07
94.85811258797695 5.886675187958069e-07
94.96246694725966 5.185018798289159e-07
95.06682130654235 4.832113403624471e-07
95.17117566582506 4.1528460971336113e-07
95.27553002510776 4.5671070094120143e-07
95.37988438439046 4.588576695092446e-07
95.48423874367316 4.5099719300953154e-07
95.58859310295587 3.981573541067387e-07
95.69294746223856 3.533687654616013e-07
95.79730182152127 3.5593990950349617e-07
95.90165618080397 3.3089605424669566e-07
96.00601054008668 3.361994208203737e-07
96.11036489936939 2.6676653470318423e-07
96.2147192586521 2.487325393532041e-07
96.31907361793479 1.9705168593224092e-07
96.42342797721749 2.052124975510006e-07
96.5277823365002 1.921393773033234e-07
96.63213669578289 1.888231338916408e-07
96.7364910550656 1.6383368481867534e-07
96.8408454143483 1.3995150941601012e-07
96.945199773631 1.4559466932308935e-07
97.0495541329137 1.5285211879031385e-07
97.15390849219641 1.703776742987512e-07
97.25826285147912 1.4307008486783156e-07
97.36261721076183 1.1934731935130528e-07
97.46697157004452 1.0591644510610602e-07
97.57132592932723 1.1954082173093666e-07
97.67568028860993 1.2502703426182706e-07
97.78003464789263 9.850707738491309e-08
97.88438900717533 6.230346810692732e-08
97.98874336645804 4.919586973348537e-08
98.09309772574073 6.362724371015933e-08
98.19745208502343 7.836184716878128e-08
98.30180644430614 5.756003711828932e-08
98.40616080358885 3.5054645094169644e-08
98.51051516287156 2.5041083777156235e-08
98.61486952215425 5.2765830258911684e-08
98.71922388143696 6.425275716749117e-08
98.82357824071966 5.966795168100001e-08
98.92793260000236 2.5764235837235215e-08
99.03228695928506 1.703623116525979e-08
99.13664131856777 3.735648339279636e-08
99.24099567785046 5.02475502110389e-08
99.34535003713317 4.6286507746545215e-08
99.44970439641587 1.3727856702974018e-08
99.55405875569858 6.82556774837244e-09
99.65841311498129 1.888289576503438e-08
99.76276747426398 4.0429802501629e-08
99.86712183354669 2.3151043816494045e-08
99.97147619282939 7.1053720281810625e-09
100.0758305521121 4.567689769938707e-09
100.18018491139479 1.9541424464887444e-08
100.2845392706775 3.71366439279714e-08
100.3888936299602 2.4784694465264827e-08
100.4932479892429 6.900497878646426e-09
100.5976023485256 1.6060015131534905e-10
100.70195670780832 1.1949622090062121e-08
100.80631106709102 2.1493136434832115e-08
100.91066542637373 2.4967189640854856e-08
101.01501978565642 9.659936109788393e-09
101.11937414493912 1.5214749890361803e-09
101.22372850422182 8.538726070476681e-09
101.32808286350452 1.8081915195238016e-08
101.43243722278723 1.55917309539053e-08
101.53679158206992 5.405689838635516e-09
101.64114594135263 3.773641998800175e-09
101.74550030063534 1.5337912525152992e-08
101.84985465991805 2.319695470711489e-08
101.95420901920075 1.7477126934510753e-08
102.05856337848346 6.402658909971618e-09
102.16291773776615 4.135876801098457e-09
102.26727209704886 1.0073331524482002e-08
102.37162645633155 1.4067033115664e-08
102.47598081561426 1.4373206059172407e-08
102.58033517489696 1.5537367577879344e-08
102.68468953417967 1.0256621000647317e-08
102.78904389346236 7.62288493652317e-09
102.89339825274507 1.1277354675717353e-08
102.99775261202778 1.1660922452579677e-08
103.10210697131048 1.0852226026222581e-08
103.20646133059319 1.1218417877858952e-08
103.31081568987588 1.1613626910668574e-08
103.41517004915859 1.580854263314551e-08
103.51952440844128 1.6545646483734095e-08
103.623878767724 7.902297250750403e-09
103.72823312700669 7.96107538760719e-09
103.8325874862894 1.2821970514964473e-08
103.9369418455721 1.0209823174921285e-08
104.0412962048548 1.1986820761046026e-08
104.14565056413751 1.6982005985906806e-08
104.2500049234202 1.3972705625906234e-08
104.35435928270292 1.2570917975369572e-08
104.45871364198561 7.722455857381065e-09
104.56306800126832 7.133209655623694e-09
104.66742236055102 1.4796559192833989e-08
104.77177671983372 1.576429690706143e-08
104.87613107911642 9.787619454801969e-09
104.98048543839913 1.1901205046842433e-08
105.08483979768182 1.2119394327078599e-08
105.18919415696455 9.426721883668114e-09
105.29354851624724 9.870832288524754e-09
105.39790287552995 9.676139653511045e-09
105.50225723481265 9.973366507207778e-09
105.60661159409534 1.154186369108372e-08
105.71096595337805 1.129987518690919e-08
105.81532031266075 1.2616991592495995e-08
105.91967467194345 1.1386656154850013e-08
106.02402903122615 6.096626486525766e-09
106.12838339050886 5.67163282292184e-09
106.23273774979155 1.1076967279879699e-08
106.33709210907428 1.4916089980036e-08
106.44144646835697 1.1090727333226668e-08
106.54580082763968 5.870164587601496e-09
106.65015518692238 7.0779685780396274e-09
106.75450954620509 9.3618948503586e-09
106.85886390548778 7.605004080797537e-09
106.96321826477049 7.359550874970371e-09
107.06757262405318 7.008172801855843e-09
107.1719269833359 7.13422518907656e-09
107.27628134261859 9.495437301291754e-09
107.38063570190128 7.358149853041135e-09
107.484990061184 6.426297715131147e-09
107.5893444204667 6.285509296010194e-09
107.69369877974941 3.3301536492920033e-09
107.7980531390321 5.341608282211034e-09
107.90240749831482 1.1440146944864256e-08
108.00676185759751 6.9084264026304716e-09
108.11111621688022 4.005743099568556e-09
108.21547057616291 3.495917903018706e-09
108.31982493544562 4.344621935842395e-09
108.42417929472832 6.277298940209581e-09
108.52853365401103 4.730227678284462e-09
108.63288801329374 2.309880040897198e-09
108.73724237257643 4.732588482253079e-09
108.84159673185914 5.861124431136533e-09
108.94595109114184 2.689975807108777e-09
109.05030545042455 2.6576739631003365e-09
109.15465980970724 2.8371663295208366e-09
109.25901416898995 1.9610479180368942e-09
109.36336852827264 2.9287953268178347e-09
109.46772288755535 3.826830866169921e-09
109.57207724683805 3.265163718591471e-09
109.67643160612076 2.4400305762959402e-09
109.78078596540345 6.082060772823921e-10
109.88514032468616 1.1618638839044491e-09
109.98949468396886 2.8796140351505043e-09
110.09384904325157 1.96645343553092e-09
110.19820340253426 7.935099249599494e-10
110.30255776181698 1.0500307617992907e-09
110.4069121210997 1.7146680982238046e-09
110.51126648038239 1.2150692034599385e-09
110.6156208396651 2.6858250468085346e-10
110.7199751989478 4.643122631116628e-10
110.8243295582305 1.109418955408999e-09
110.9286839175132 8.730234366313471e-10
111.0330382767959 8.494653833261817e-10
111.1373926360786 5.306311216208776e-10
111.24174699536131 5.211136760244902e-10
111.346101354644 3.5030995478443354e-10
111.45045571392671 2.7505221320821188e-11
111.55481007320941 1.5394709420217236e-10
111.65916443249212 8.898872508720056e-10
111.76351879177481 2.0920082684440454e-10
111.86787315105752 2.64796267585584e-10
111.97222751034022 3.7326260808890637e-10
112.07658186962291 3.3026058759693733e-10
112.18093622890562 1.2412959540823495e-09
112.28529058818832 8.833628921305222e-11
112.38964494747103 7.725147064386618e-11
112.49399930675372 8.808781811709617e-10
112.59835366603646 1.098458837924034e-09
112.70270802531915 1.2751456822699257e-09
112.80706238460186 9.26189059808288e-10
112.91141674388456 2.3526608171655344e-10
113.01577110316725 9.159197594356576e-10
113.12012546244996 9.859333591509266e-10
113.22447982173266 3.517200785547875e-10
113.32883418101537 1.3385975105719379e-09
113.43318854029806 1.6592151568721194e-09
113.53754289958077 9.959135326456228e-10
113.64189725886347 2.012270941673077e-09
113.74625161814618 2.4244564086473286e-09
113.85060597742887 1.9035739631142342e-09
113.95496033671158 9.100230158157526e-10
114.05931469599427 9.139664137459777e-10
114.16366905527698 3.0274646259967564e-09
114.26802341455968 5.0664890656069295e-09
114.37237777384239 3.1339720345857924e-09
114.47673213312508 1.5635297894236923e-09
114.58108649240779 2.276173779509727e-09
114.68544085169049 3.51731434832007e-09
114.7897952109732 3.2370367731917687e-09
114.89414957025592 2.50540758024217e-09
114.99850392953861 3.605323188365634e-09
115.10285828882132 4.4783509128946454e-09
115.20721264810402 4.198953528114292e-09
115.31156700738673 5.291568217656388e-09
115.41592136666942 4.642105538098702e-09
115.52027572595213 2.769695392050377e-09
115.62463008523483 2.892455074348382e-09
115.72898444451754 5.4969910859016346e-09
115.83333880380023 8.285388734957143e-09
115.93769316308294 8.710167937701027e-09
116.04204752236564 2.940775737420248e-09
116.14640188164834 2.9270868735189227e-09
116.25075624093104 7.891308461070533e-09
116.35511060021375 6.842358892052777e-09
116.45946495949644 5.513331727274186e-09
116.56381931877915 6.000467182075424e-09
116.66817367806185 6.493894478465431e-09
116.77252803734454 9.189083669007575e-09
116.87688239662725 8.789295421355451e-09
116.98123675590995 5.297277164342819e-09
117.08559111519266 5.5962499133102744e-09
117.18994547447538 5.960478798849722e-09
117.29429983375809 6.98264093941225e-09
117.39865419304078 1.2125654902053714e-08
117.5030085523235 1.1231934978489529e-08
117.60736291160619 5.327219237892399e-09
117.71171727088888 5.028050284591793e-09
117.81607163017159 9.097096363363155e-09
117.92042598945429 1.0551067262947557e-08
118.024780348737 9.081054855047293e-09
118.12913470801969 5.7919267387322306e-09
118.2334890673024 8.069228111376244e-09
118.3378434265851 1.2682160158077748e-08
118.4421977858678 1.063666415337302e-08
118.5465521451505 7.096040398807858e-09
118.65090650443321 6.318075089537346e-09
118.7552608637159 7.64276780954349e-09
118.85961522299861 1.0212724105245857e-08
118.96396958228131 1.1781661684727705e-08
119.06832394156402 1.1536575703405479e-08
119.17267830084671 7.718096160272374e-09
119.27703266012942 5.052514861914714e-09
119.38138701941214 8.820297117495414e-09
119.48574137869484 1.2463409152450469e-08
119.59009573797755 9.846766743331256e-09
119.69445009726024 7.107295743669624e-09
119.79880445654295 7.888661274761626e-09
119.90315881582565 1.1491914296799953e-08
120.00751317510836 1.335883098846022e-08
120.11186753439105 6.870116537448192e-09
120.21622189367376 4.887281112919391e-09
120.32057625295646 9.379709807048057e-09
120.42493061223917 1.085749481573129e-08
120.52928497152186 1.0825042874588586e-08
120.63363933080457 1.0307318787842165e-08
120.73799369008727 6.236826518318951e-09
120.84234804936997 5.908953802745279e-09
120.94670240865267 9.124392259922875e-09
121.05105676793538 9.665082596917739e-09
121.15541112721807 9.860245533758603e-09
121.25976548650077 6.814297785906191e-09
121.36411984578348 5.45448804043134e-09
121.46847420506617 1.0272072871271095e-08
121.57282856434888 1.167587194619881e-08
121.6771829236316 5.79077771158038e-09
121.78153728291431 4.1021529774671775e-09
121.88589164219701 7.620253224729353e-09
121.99024600147972 9.847713050609826e-09
122.09460036076241 9.937107390832075e-09
122.19895472004512 6.102342672400193e-09
122.30330907932782 4.420626646922138e-09
122.40766343861051 5.746690954120754e-09
122.51201779789322 6.386809907267506e-09
122.61637215717592 6.4241240345372746e-09
122.72072651645863 6.668804140007241e-09
122.82508087574132 5.052385085377272e-09
122.92943523502403 4.445327635990627e-09
123.03378959430673 6.35112140053869e-09
123.13814395358943 7.096658843630865e-09
123.24249831287213 4.614852051955744e-09
123.34685267215484 2.2572882706800117e-09
123.45120703143753 4.392605474390681e-09
123.55556139072024 7.7712886816224e-09
123.65991575000294 6.412788976660658e-09
123.76427010928565 3.4611079524374966e-09
123.86862446856834 2.106352206626855e-09
123.97297882785107 3.15972681187838e-09
124.07733318713377 5.030634571657761e-09
124.18168754641647 3.9108322363028996e-09
124.28604190569918 2.5850877020199663e-09
124.39039626498187 3.13223380375615e-09
124.49475062426458 2.514342673702079e-09
124.59910498354728 2.6732662626342353e-09
124.70345934282999 3.907555258742764e-09
124.80781370211268 1.8398373208526493e-09
124.91216806139539 9.264952933612217e-10
125.01652242067809 2.4912789778251975e-09
125.1208767799608 3.4891553185157073e-09
125.22523113924349 3.771256854107417e-09
125.3295854985262 1.5539759808587811e-09
125.4339398578089 2.1406777363125825e-10
125.5382942170916 1.5320232333325589e-09
125.6426485763743 2.983261630180741e-09
125.74700293565701 1.367317094431284e-09
125.8513572949397 6.984040122898289e-10
125.9557116542224 8.109951128943188e-10
126.06006601350511 9.092421235858416e-10
126.1644203727878 1.227319973713266e-09
126.26877473207054 6.865091475043802e-10
126.37312909135323 2.628132909804189e-10
126.47748345063594 3.1562141964506674e-10
126.58183780991864 5.455478445885949e-10
126.68619216920135 8.610011939516891e-10
126.79054652848404 1.2114913653383559e-09
126.89490088776674 5.144875906152488e-10
126.99925524704945 6.063347468867758e-11
127.10360960633214 2.4684474576599426e-10
127.20796396561485 8.502452447957706e-10
127.31231832489755 9.084221347147381e-10
127.41667268418026 4.656394722394428e-10
127.52102704346295 2.2672926202535212e-11
127.62538140274566 1.185958175346699e-10
127.72973576202835 4.5554594908925656e-10
127.83409012131106 5.221172273664282e-10
127.93844448059376 1.8353704826977205e-10
128.04279883987647 5.983435844027684e-11
128.14715319915916 1.9804069993875396e-10
128.25150755844186 3.568545079317112e-10
128.35586191772458 9.686922539620495e-10
128.4602162770073 1.079881476717312e-09
128.56457063629 6.728984482499636e-10
128.6689249955727 1.7903221529515197e-10
128.7732793548554 4.3446943453446225e-10
128.8776337141381 1.305617946728296e-09
128.9819880734208 2.6385605156746865e-09
129.0863424327035 9.941200943313293e-10
129.1906967919862 2.7666015551168526e-10
129.29505115126892 1.33524550757209e-09
129.39940551055162 1.8813752620154698e-09
129.5037598698343 1.9141191081116405e-09
129.608114229117 9.026026124436841e-10
129.71246858839973 6.747257529131502e-10
129.81682294768243 2.2238717658222936e-09
129.92117730696512 3.560725198050129e-09
130.02553166624782 2.4150665400421187e-09
130.12988602553054 2.023364373566395e-09
130.23424038481323 1.115723839657212e-09
130.33859474409593 1.320466684117281e-09
130.44294910337862 3.690545727142695e-09
130.54730346266132 4.8708859735486395e-09
130.65165782194404 3.125642659463765e-09
130.75601218122677 1.7693110468152619e-09
130.86036654050946 2.6006986983696216e-09
130.96472089979216 4.4202225149892355e-09
131.06907525907488 4.5389120800799674e-09
131.17342961835757 2.2197814636188708e-09
131.27778397764027 2.2258249884743727e-09
131.38213833692296 5.334008540554226e-09
131.4864926962057 6.714435634966803e-09
131.59084705548838 4.836591345279437e-09
131.69520141477108 2.7260916962322045e-09
131.79955577405377 2.6625307417682246e-09
131.90391013333647 4.370697662927944e-09
132.0082644926192 6.142755354486092e-09
132.11261885190189 7.030406769526261e-09
132.21697321118458 5.602409785043713e-09
132.32132757046728 3.458715116773517e-09
132.42568192975 4.269090867153115e-09
132.5300362890327 6.5424384081725295e-09
132.6343906483154 6.1122536788989206e-09
132.73874500759808 4.7850037749813705e-09
132.8430993668808 4.4255745220032395e-09
132.9474537261635 7.068784620828362e-09
133.05180808544623 1.033698297522175e-08
133.15616244472892 6.265188253130273e-09
133.26051680401162 3.210963781909896e-09
133.36487116329434 4.900802300843028e-09
133.46922552257703 7.173484773587092e-09
133.57357988185973 8.934045410665677e-09
133.67793424114242 9.338756641989576e-09
133.78228860042515 5.616558091353068e-09
133.88664295970784 5.176203470246555e-09
133.99099731899054 6.484875116627138e-09
134.09535167827323 6.937534414226151e-09
134.19970603755596 8.413340915794346e-09
134.30406039683865 6.421615029025661e-09
134.40841475612135 5.284695414745644e-09
134.51276911540404 9.308369095835481e-09
134.61712347468676 1.0482431437408617e-08
134.72147783396946 6.847491747841015e-09
134.82583219325215 3.955861281480334e-09
134.93018655253485 5.421669450075171e-09
135.03454091181757 9.771892895184818e-09
135.13889527110027 1.1082969517298409e-08
135.24324963038296 8.057053752779306e-09
135.34760398966569 5.7424230450034555e-09
135.45195834894838 5.615649025774863e-09
135.5563127082311 7.019174418051141e-09
135.6606670675138 7.620460650646971e-09
135.7650214267965 7.30914155012063e-09
135.8693757860792 7.147670363195436e-09
135.9737301453619 6.666863227532499e-09
136.0780845046446 8.067488368263155e-09
136.1824388639273 9.281622599135047e-09
136.28679322321 5.9866558943412645e-09
136.3911475824927 3.746509301347167e-09
136.49550194177542 5.913834456631489e-09
136.5998563010581 9.599046554442428e-09
136.7042106603408 1.0424729492815312e-08
136.8085650196235 6.927356090527865e-09
136.91291937890622 4.333117414602304e-09
137.01727373818892 4.915102544528332e-09
137.1216280974716 6.5494565824994204e-09
137.2259824567543 6.8349973540961e-09
137.33033681603703 5.9297065777112775e-09
137.43469117531973 6.5824707217656615e-09
137.53904553460242 6.399727033952625e-09
137.64339989388515 5.650088691447337e-09
137.74775425316784 6.574969052297631e-09
137.85210861245056 4.347932021003951e-09
137.95646297173326 2.9947796583633847e-09
138.06081733101595 5.812020759591881e-09
138.16517169029865 7.360647583437669e-09
138.26952604958137 7.625538337601076e-09
138.37388040886407 5.1733674046165156e-09
138.47823476814676 1.9747141432950255e-09
138.58258912742946 3.701879718808122e-09
138.68694348671218 5.978336739207507e-09
138.79129784599488 4.307659264618614e-09
138.89565220527757 4.393065960635873e-09
139.00000656456027 4.093811222029506e-09
139.104360923843 3.783103435031195e-09
139.20871528312568 4.1349346557351295e-09
139.31306964240838 2.857241411139142e-09
139.41742400169107 2.6122064643175047e-09
139.5217783609738 2.878799814952943e-09
139.6261327202565 3.2592021584035325e-09
139.7304870795392 4.607520635878764e-09
139.8348414388219 3.897862597297844e-09
139.9391957981046 2.23458665115796e-09
140.04355015738733 1.1997157997174123e-09
140.14790451667002 1.8299000180822884e-09
140.25225887595272 3.4121315109230366e-09
140.35661323523541 2.8896852370194917e-09
140.46096759451814 1.64120041199174e-09
140.56532195380083 2.0372256742483727e-09
140.66967631308353 1.9164453864639235e-09
140.77403067236622 1.5433163022530926e-09
140.87838503164892 1.139295470087061e-09
140.98273939093164 9.059939479206315e-10
141.08709375021434 1.427108337826125e-09
141.19144810949703 1.758431841373674e-09
141.29580246877973 1.507266579625879e-09
141.40015682806245 1.3103965634353925e-09
141.50451118734514 7.047427347857452e-10
141.60886554662784 2.7741539691083723e-10
141.71321990591053 5.288610441592116e-10
141.81757426519326 1.203775872038313e-09
141.92192862447595 1.192429940906833e-09
142.02628298375865 4.5015070051792183e-10
142.13063734304137 4.4212049848092646e-10
142.23499170232407 3.841117142037181e-10
142.3393460616068 2.8626740724851576e-10
142.44370042088948 2.890371962482571e-10
142.54805478017218 1.279424513288812e-10
142.65240913945487 3.4540949923422906e-10
142.7567634987376 7.364357916634876e-10
142.8611178580203 1.8530610196104374e-10
142.965472217303 3.96762971718508e-10
143.06982657658568 5.7914718034544555e-11
143.1741809358684 6.531000087112517e-11
143.2785352951511 1.321315039155029e-10
143.3828896544338 1.1302449016586828e-10
143.4872440137165 4.753877458783877e-10
143.59159837299921 4.3760752903555e-10
143.6959527322819 2.766874505683924e-10
143.8003070915646 2.3245902249686207e-10
143.9046614508473 1.2369786519805498e-10
144.00901581013002 3.9862729486288255e-10
144.11337016941272 1.515026577177383e-10
144.2177245286954 1.484019047434412e-10
144.3220788879781 9.399463786158754e-10
144.42643324726083 7.551932675922255e-10
144.53078760654356 1.088763221897474e-09
144.63514196582625 4.480000035117805e-10
144.73949632510895 2.5607471741418187e-10
144.84385068439164 1.0098504564010695e-09
144.94820504367436 6.213044678753356e-10
145.05255940295706 8.268619104683736e-10
145.15691376223975 1.7781165730687095e-09
145.26126812152245 1.137531479927844e-09
145.36562248080517 1.6250165949056872e-09
145.46997684008787 1.121980191840741e-09
145.57433119937056 9.343022931153874e-10
145.67868555865326 1.5438208752885601e-09
145.78303991793595 1.2201052250436923e-09
145.88739427721868 2.2157734759924054e-09
145.99174863650137 2.818785142273728e-09
146.09610299578407 2.0278406151820594e-09
146.20045735506676 1.932951525284493e-09
146.30481171434948 1.274320932537332e-09
146.40916607363218 2.458224112634904e-09
146.51352043291487 3.2186429008220174e-09
146.61787479219757 1.7881256428807633e-09
146.7222291514803 3.8464529192445395e-09
146.82658351076302 3.1928886209623264e-09
146.9309378700457 2.485486956949505e-09
147.0352922293284 3.480044336740081e-09
147.1396465886111 1.8290154645292454e-09
147.24400094789382 3.415128880941882e-09
147.34835530717652 5.1236880461833315e-09
147.4527096664592 2.844760479958573e-09
147.5570640257419 5.716212417599989e-09
147.66141838502463 3.488537524136076e-09
147.76577274430733 2.200130137811491e-09
147.87012710359002 4.625090481663921e-09
147.97448146287272 3.6722502397654445e-09
148.07883582215544 5.7228175361394845e-09
148.18319018143814 5.3270230306433436e-09
148.28754454072083 3.0194268623682696e-09
148.39189890000353 6.352531756555548e-09
148.49625325928625 4.075569649543903e-09
148.60060761856894 3.7210972666416342e-09
148.70496197785164 5.53232688417436e-09
148.80931633713433 3.75594362236787e-09
148.91367069641706 7.696600867282278e-09
149.01802505569978 6.3546990246350124e-09
149.12237941498248 4.043489186819377e-09
149.22673377426517 6.4321142211584845e-09
149.33108813354787 3.211952096766462e-09
149.4354424928306 5.137565065157759e-09
149.53979685211328 8.349165399771929e-09
149.64415121139598 4.77852469089159e-09
149.74850557067867 7.660388431005706e-09
149.8528599299614 4.8095592943756134e-09
149.9572142892441 4.846204706935431e-09
150.0615686485268 7.922066155332127e-09
150.16592300780948 3.4524006608392668e-09
150.27027736709218 5.878146356179806e-09
150.3746317263749 7.525228078245932e-09
150.4789860856576 6.3437379523070634e-09
150.5833404449403 9.049089956969978e-09
150.68769480422299 3.5014497527204313e-09
150.7920491635057 5.2227998072128476e-09
150.8964035227884 7.126088523936779e-09
151.0007578820711 4.266636150677749e-09
151.1051122413538 9.967560646558509e-09
151.20946660063652 5.862472323475055e-09
151.31382095991924 5.198629713183506e-09
151.41817531920194 7.78042665674278e-09
151.52252967848463 3.46912793954606e-09
151.62688403776733 7.4281240616968875e-09
151.73123839705005 6.519549954103604e-09
151.83559275633274 3.5933146778292606e-09
151.93994711561544 9.515360612360079e-09
152.04430147489813 5.789578577842678e-09
152.14865583418086 6.022775390528467e-09
152.25301019346355 5.457438628290103e-09
152.35736455274625 2.8158440049880423e-09
152.46171891202894 7.694063758750625e-09
152.56607327131167 6.253980735144252e-09
152.67042763059436 5.388287469474713e-09
152.77478198987706 7.275279257842131e-09
152.87913634915975 3.184339777161234e-09
152.98349070844247 5.510896010985376e-09
153.08784506772517 5.321159434856367e-09
153.19219942700786 3.5655453282514796e-09
153.29655378629056 6.776455300160554e-09
153.40090814557328 3.85299361706982e-09
153.505262504856 5.157949563020636e-09
153.6096168641387 6.6537896685318595e-09
153.7139712234214 2.8721958376930137e-09
153.8183255827041 3.973808780234872e-09
153.92267994198681 3.6653179324761904e-09
154.0270343012695 4.3069809964695715e-09
154.1313886605522 6.487836017420191e-09
154.2357430198349 3.068920284794043e-09
154.34009737911762 3.799737733106647e-09
154.44445173840032 3.3031864373137528e-09
154.548806097683 2.6090875071985783e-09
154.6531604569657 4.509801568169177e-09
154.7575148162484 2.61780055590109e-09
154.86186917553113 3.6219200396573822e-09
154.96622353481382 3.997888739769494e-09
155.07057789409652 2.052687903891883e-09
155.1749322533792 4.058417190134267e-09
155.27928661266193 2.0067816746699563e-09
155.38364097194463 1.3123838221950185e-09
155.48799533122732 3.6384829783567677e-09
155.59234969051002 2.4608403475895515e-09
155.69670404979274 3.4244148439636243e-09
155.80105840907547 2.2891816401694823e-09
155.90541276835816 7.113053383698145e-10
156.00976712764086 2.3637121042704934e-09
156.11412148692355 1.9848669027238444e-09
156.21847584620627 1.4050561009879575e-09
156.32283020548897 2.1091590383758582e-09
156.42718456477166 1.1005050307648827e-09
156.53153892405436 1.7386683719988101e-09
156.63589328333708 1.39817815730263e-09
156.74024764261978 6.695099164668836e-10
156.84460200190247 1.2401535917391013e-09
156.94895636118517 7.034329221409988e-10
157.0533107204679 9.523447049860107e-10
157.1576650797506 1.6146299316921807e-09
157.26201943903328 6.566817135835421e-10
157.36637379831598 8.08393377970508e-10
157.4707281575987 3.520972759341254e-10
157.5750825168814 2.895688048924041e-10
157.6794368761641 1.0027558589039227e-09
157.78379123544678 3.3219126477000736e-10
157.8881455947295 3.56064686343379e-10
157.9924999540122 5.119136897131495e-10
158.09685431329493 2.3309469934427285e-10
158.20120867257762 4.1207693073664297e-10
158.30556303186032 9.193669935227188e-11
158.40991739114304 6.59838722513995e-11
158.51427175042573 2.2512970236109605e-10
158.61862610970843 1.6360486755123847e-10
158.72298046899112 3.304144289407749e-10
158.82733482827385 1.9211222839228776e-10
158.93168918755654 2.1265682905319132e-10
159.03604354683924 2.6262885579949443e-11
159.14039790612193 4.4217829797363145e-12
159.24475226540463 2.730374131409678e-10
159.34910662468735 1.894945402398007e-10
159.45346098397005 3.308608494168068e-10
159.55781534325274 2.1601249250741797e-10
159.66216970253544 1.0936505696492036e-10
159.76652406181816 5.949613037914007e-10
159.87087842110085 2.3995029935687134e-10
159.97523278038355 1.8051794218368484e-10
160.07958713966624 3.656244639225482e-10
160.18394149894897 3.5685006848319546e-10
160.28829585823166 8.490625356109998e-10
160.3926502175144 8.696959101110932e-10
160.49700457679708 4.683555950405288e-10
160.60135893607978 6.580159366452813e-10
160.7057132953625 4.5291162238850456e-10
160.8100676546452 6.857854329221683e-10
160.9144220139279 1.3221315005144651e-09
161.01877637321059 1.0301317661324102e-09
161.1231307324933 1.1069342635048864e-09
161.227485091776 1.0288031567295212e-09
161.3318394510587 1.222381486724844e-09
161.4361938103414 1.538472276170069e-09
161.54054816962412 9.107176477329881e-10
161.6449025289068 1.1766403750643252e-09
161.7492568881895 2.0528773023694994e-09
161.8536112474722 2.0852841068938805e-09
161.95796560675493 2.3440708362195544e-09
162.06231996603762 1.559830103127806e-09
162.16667432532032 1.4195069838624996e-09
162.271028684603 2.146607477539331e-09
162.37538304388573 2.0896000240311663e-09
162.47973740316843 2.4335008072569074e-09
162.58409176245115 2.8100037316591186e-09
162.68844612173385 2.3977500156936547e-09
162.79280048101654 2.584010445338286e-09
162.89715484029927 2.815591523861511e-09
163.00150919958196 2.640202602158792e-09
163.10586355886466 2.4567275855707285e-09
163.21021791814735 2.7702708849450193e-09
163.31457227743007 3.6860339116413114e-09
163.41892663671277 3.929779812820657e-09
163.52328099599546 3.6094332362275357e-09
163.62763535527816 2.686710306606566e-09
163.73198971456088 2.6687027452738107e-09
163.83634407384358 4.055864693418498e-09
163.94069843312627 4.032296470134003e-09
164.04505279240897 3.907074008217101e-09
164.14940715169166 4.438136016317147e-09
164.25376151097439 3.632966610435865e-09
164.35811587025708 3.901157140021278e-09
164.46247022953978 4.271197938359394e-09
164.56682458882247 3.602250445880408e-09
164.6711789481052 4.252212391822087e-09
164.7755333073879 4.527116649648627e-09
164.8798876666706 4.7849879698605e-09
164.9842420259533 5.6983575772257364e-09
165.088596385236 4.207865309679498e-09
165.19295074451873 3.5592222721653074e-09
165.29730510380142 4.454995444600237e-09
165.40165946308412 5.178107277292222e-09
165.5060138223668 5.841878927519891e-09
165.61036818164953 4.799219391282685e-09
165.71472254093223 4.388940183577461e-09
165.81907690021492 5.167817136817649e-09
165.92343125949762 4.731794184645656e-09
166.02778561878034 4.920943275190705e-09
166.13213997806304 4.998790904295199e-09
166.23649433734573 4.688164288952966e-09
166.34084869662843 5.83947325974732e-09
166.44520305591115 5.676562264060935e-09
166.54955741519385 5.043284878914336e-09
166.65391177447654 4.935972129779603e-09
166.75826613375924 4.1514807947541526e-09
166.86262049304196 4.9404957130773135e-09
166.96697485232465 6.267833724616652e-09
167.07132921160735 5.440317914399188e-09
167.17568357089007 4.794670294999429e-09
167.28003793017277 4.802634632378989e-09
167.3843922894555 5.047827759742931e-09
167.48874664873819 5.2215706131133505e-09
167.59310100802088 4.789048861518125e-09
167.69745536730358 4.6586957855987396e-09
167.8018097265863 4.989739026470209e-09
167.906164085869 5.388371567591575e-09
168.0105184451517 4.941695910630365e-09
168.11487280443438 4.232965155493063e-09
168.2192271637171 4.411345916542641e-09
168.3235815229998 4.287515739678769e-09
168.4279358822825 4.554432211017591e-09
168.5322902415652 5.452227545911436e-09
168.6366446008479 4.515170436457138e-09
168.7409989601306 3.808729532201922e-09
168.8453533194133 4.03203553939936e-09
168.949707678696 3.960957267734932e-09
169.0540620379787 4.394075247543267e-09
169.15841639726142 4.066064193614326e-09
169.2627707565441 3.4329831198575294e-09
169.3671251158268 4.171100167139334e-09
169.47147947510953 4.124221283243577e-09
169.57583383439223 3.5166738510856167e-09
169.68018819367495 3.3443554677117613e-09
169.78454255295765 3.1189567057703457e-09
169.88889691224034 3.4743769946092987e-09
169.99325127152304 3.655069290627437e-09
170.09760563080576 3.331245457558192e-09
170.20195999008845 3.212268650116628e-09
170.30631434937115 2.5467101026643655e-09
170.41066870865384 2.5591231949787125e-09
170.51502306793657 3.1548312703641634e-09
170.61937742721926 2.782304975570482e-09
170.72373178650196 2.656834754760817e-09
170.82808614578465 2.4525250519056315e-09
170.93244050506738 2.2647313273222607e-09
171.03679486435007 2.6687248348480523e-09
171.14114922363277 2.0826108555312285e-09
171.24550358291546 1.569759568926584e-09
171.34985794219818 2.097211984571919e-09
171.45421230148088 2.1115139005328473e-09
171.55856666076357 1.889181611016873e-09
171.6629210200463 1.854973633038373e-09
171.767275379329 1.3850050129459443e-09
171.87162973861172 1.3290292249641414e-09
171.9759840978944 1.5006474028288013e-09
172.0803384571771 1.337019827842158e-09
172.1846928164598 1.3237334421768953e-09
172.28904717574252 1.2421246030761353e-09
172.39340153502522 9.104927499584653e-10
172.49775589430791 9.35015031657623e-10
172.6021102535906 1.0053796837792062e-09
172.70646461287333 7.11246346795479e-10
172.81081897215603 6.405943080442947e-10
172.91517333143872 8.013294868730203e-10
173.01952769072142 7.523494628408143e-10
173.1238820500041 6.434914175149698e-10
173.22823640928684 4.438051883217279e-10
173.33259076856953 3.126104407951579e-10
173.43694512785223 3.902536847884098e-10
173.54129948713492 3.7015095906588933e-10
173.64565384641764 2.7716782739184166e-10
173.75000820570034 3.0886581150285786e-10
173.85436256498303 2.803222563817737e-10
173.95871692426576 2.1069106095040234e-10
174.06307128354848 1.554030685241268e-10
174.16742564283118 1.30729530996567e-10
174.27178000211387 1.3136412463576828e-10
174.37613436139657 9.454091993680699e-11
174.48048872067926 1.0492642999163636e-10
174.58484307996198 1.3952072607961587e-10
174.68919743924468 1.2519235675713377e-10
174.79355179852737 1.3823128663204788e-10
174.89790615781007 5.736174447191947e-11
175.0022605170928 7.310893717266546e-11
175.1066148763755 1.5797550869204406e-10
175.21096923565818 1.1134158832716875e-10
175.31532359494088 1.7300140818808237e-10
175.4196779542236 2.3317667425862256e-10
175.5240323135063 2.1794100848801543e-10
175.628386672789 3.5889002790898555e-10
175.7327410320717 2.5739417854241396e-10
175.8370953913544 2.1616743201415038e-10
175.9414497506371 3.8226963411674574e-10
176.0458041099198 3.6346231405849184e-10
176.1501584692025 4.4322660221122964e-10
176.25451282848522 6.742354932664332e-10
176.35886718776794 5.933352525680226e-10
176.46322154705064 5.894121131046897e-10
176.56757590633333 6.794451619386119e-10
176.67193026561603 7.231387636349702e-10
176.77628462489875 8.965916022994746e-10
176.88063898418145 9.3317256859592e-10
176.98499334346414 8.457812389769538e-10
177.08934770274684 1.09827040201133e-09
177.19370206202956 1.3261748606354084e-09
177.29805642131225 1.1213077056999476e-09
177.40241078059495 1.0806066815927323e-09
177.50676513987764 1.3830107466473435e-09
177.61111949916037 1.6007553466321765e-09
177.71547385844306 1.757082841757218e-09
177.81982821772576 1.6746294087019773e-09
177.92418257700845 1.5491942197387595e-09
178.02853693629115 1.7582771419097104e-09
178.13289129557387 1.931068254473132e-09
178.23724565485657 2.008244230849856e-09
178.34160001413926 2.121365930475165e-09
178.44595437342196 2.099290526856316e-09
178.5503087327047 2.2259127936588424e-09
178.6546630919874 2.50303776747091e-09
178.7590174512701 2.6154180086516266e-09
178.8633718105528 2.493626774886627e-09
178.9677261698355 2.2706673433015724e-09
179.0720805291182 2.703293163370193e-09
179.1764348884009 3.2176870486637027e-09
179.2807892476836 2.927456794255977e-09
179.3851436069663 2.8401076716157114e-09
179.48949796624902 2.8601304510493264e-09
179.5938523255317 2.9668900499888586e-09
179.6982066848144 3.5187529303502015e-09
179.8025610440971 3.3928219441991462e-09
179.90691540337983 3.1861187225621215e-09
180.01126976266252 3.649196650161071e-09
180.11562412194522 3.489796060750794e-09
180.2199784812279 3.531794771271304e-09
180.32433284051064 3.944656448829137e-09
180.42868719979333 3.462175898564119e-09
180.53304155907603 3.4650075800912134e-09
180.63739591835872 4.12318537368312e-09
180.74175027764144 4.192335161581023e-09
180.84610463692417 4.196494379146644e-09
180.95045899620686 3.958065316915899e-09
181.05481335548956 3.6713222988159923e-09
181.15916771477225 4.286607382027195e-09
181.26352207405498 4.639742674674309e-09
181.36787643333767 4.1387759727219405e-09
181.47223079262037 4.032423087894677e-09
181.57658515190306 4.249212877056395e-09
181.68093951118578 4.387135965064516e-09
181.78529387046848 4.560001480411468e-09
181.88964822975117 4.447393647288025e-09
181.99400258903387 4.168682557746152e-09
182.0983569483166 4.31195776140845e-09
182.2027113075993 4.652881366667195e-09
182.30706566688198 4.778602480506625e-09
182.41142002616468 4.484092694745782e-09
182.51577438544737 4.0384144231218315e-09
182.6201287447301 4.129194543246114e-09
182.7244831040128 4.6720439543735044e-09
182.82883746329549 4.877794371373919e-09
182.93319182257818 4.421812331506476e-09
183.03754618186093 4.017316271255571e-09
183.14190054114363 4.384375490904834e-09
183.24625490042632 4.792473973515138e-09
183.35060925970902 4.3883351414188485e-09
183.4549636189917 4.108212795117699e-09
183.55931797827444 4.074770505623378e-09
183.66367233755713 4.127990192687519e-09
183.76802669683983 4.572246293568263e-09
183.87238105612252 4.407539397914573e-09
183.97673541540524 3.80724326940219e-09
184.08108977468794 3.891248726069785e-09
184.18544413397063 4.002730618208609e-09
184.28979849325333 4.0993330027545316e-09
184.39415285253605 4.340496164184447e-09
184.49850721181875 3.5839777088579744e-09
184.60286157110144 3.26976365896232e-09
184.70721593038414 3.897856989177738e-09
184.81157028966686 3.847094647260022e-09
184.91592464894956 3.5082780041265654e-09
185.02027900823225 3.337391409238114e-09
185.12463336751495 3.125224666881499e-09
185.22898772679767 3.3989632760337212e-09
185.3333420860804 3.566017252643366e-09
185.4376964453631 3.0579334649024337e-09
185.54205080464578 2.9116536148502125e-09
185.64640516392848 2.9381018653938008e-09
185.7507595232112 2.8019701961461304e-09
185.8551138824939 2.8417753406728395e-09
185.9594682417766 2.764907380909249e-09
186.0638226010593 2.454674064071296e-09
186.168176960342 2.413086666985527e-09
186.2725313196247 2.597485151357082e-09
186.3768856789074 2.569385097986632e-09
186.4812400381901 2.2869772818761294e-09
186.58559439747282 1.9624352638422098e-09
186.6899487567555 1.927357440373363e-09
186.7943031160382 2.109325549108779e-09
186.8986574753209 2.1218709637265806e-09
187.0030118346036 1.7833398766227343e-09
187.10736619388632 1.5224709171373305e-09
187.21172055316902 1.586798230805399e-09
187.3160749124517 1.672889991322161e-09
187.4204292717344 1.568041488454232e-09
187.52478363101713 1.431219728864872e-09
187.62913799029985 1.268786341105205e-09
187.73349234958255 1.1278029352007713e-09
187.83784670886524 1.2041290250485834e-09
187.94220106814797 1.1758986805151476e-09
188.04655542743066 9.070934841561818e-10
188.15090978671336 8.130395261368249e-10
188.25526414599605 8.556888078293825e-10
188.35961850527875 8.528455389004823e-10
188.46397286456147 8.885587340619717e-10
188.56832722384416 6.441020785147767e-10
188.67268158312686 4.6330900399806486e-10
188.77703594240955 6.301503706183301e-10
188.88139030169228 5.818645958244322e-10
188.98574466097497 4.0894164861832165e-10
189.09009902025767 3.9027025747079396e-10
189.19445337954036 3.052169335550826e-10
189.2988077388231 3.0808135031848806e-10
189.40316209810578 3.864925980076485e-10
189.50751645738848 2.388904063010312e-10
189.61187081667117 2.1309841266731685e-10
189.7162251759539 2.050047184987838e-10
189.8205795352366 1.2697459320636257e-10
189.9249338945193 1.7844430434856417e-10
190.029288253802 1.707345590202897e-10
190.1336426130847 1.0433755288631832e-10
190.23799697236743 1.0575960921588741e-10
190.34235133165012 8.083078610662203e-11
190.44670569093282 9.283670238353499e-11
190.5510600502155 1.1278974806130675e-10
190.65541440949823 7.894563452356446e-11
190.75976876878093 9.49374714568198e-11
190.86412312806362 1.292098310025284e-10
190.96847748734632 1.7475005094996723e-10
191.07283184662904 1.88696831578604e-10
191.17718620591174 1.6721414336614494e-10
191.28154056519443 1.9137834152677163e-10
191.38589492447713 2.0033800153914206e-10
191.49024928375985 2.4413627589482227e-10
191.59460364304255 3.221255757501387e-10
191.69895800232524 3.2435064470913657e-10
191.80331236160794 3.876796704705409e-10
191.90766672089063 4.130385080589193e-10
192.01202108017335 3.8580065244374863e-10
192.11637543945605 5.514190508658092e-10
192.22072979873877 6.118490638853593e-10
192.32508415802147 5.527985079604156e-10
192.4294385173042 7.0102169380698e-10
192.5337928765869 7.554363098212129e-10
192.63814723586958 7.474689754899568e-10
192.74250159515228 8.696625304728312e-10
192.84685595443497 8.325074840576033e-10
192.9512103137177 9.219509960133843e-10
193.0555646730004 1.1847466802260568e-09
193.15991903228309 1.1022327090189397e-09
193.26427339156578 1.1390263589208813e-09
193.3686277508485 1.364978513616633e-09
193.4729821101312 1.347732555275626e-09
193.5773364694139 1.4268167184222906e-09
193.6816908286966 1.567208741129062e-09
193.7860451879793 1.4858485768127137e-09
193.890399547262 1.5835294612846738e-09
193.9947539065447 1.794997487637971e-09
194.0991082658274 1.8584030495035471e-09
194.20346262511012 1.99312001645692e-09
194.30781698439282 2.018806940461287e-09
194.41217134367554 1.963933487726791e-09
194.51652570295823 2.1720161682496108e-09
194.62088006224093 2.3769799425925246e-09
194.72523442152365 2.2837144565984015e-09
194.82958878080635 2.313960458794427e-09
194.93394314008904 2.5292258742201315e-09
195.03829749937174 2.6199312059728094e-09
195.14265185865446 2.593584211996267e-09
195.24700621793716 2.5590302836266336e-09
195.35136057721985 2.6921468135936247e-09
195.45571493650255 3.0117961945436014e-09
195.56006929578527 3.214183906128332e-09
195.66442365506796 3.085968583036833e-09
195.76877801435066 2.9317531061605203e-09
195.87313237363335 2.9909610252450883e-09
195.97748673291608 3.198207580078918e-09
196.08184109219877 3.348890898473963e-09
196.18619545148147 3.4765489092525615e-09
196.29054981076416 3.4620213060007317e-09
196.39490417004686 3.3364001521154977e-09
196.49925852932958 3.564924777568731e-09
196.60361288861228 3.7082572990900444e-09
196.707967247895 3.499921561538125e-09
196.8123216071777 3.640908809139602e-09
196.91667596646042 3.843395946219703e-09
197.0210303257431 3.813817427634899e-09
197.1253846850258 3.978588643480253e-09
197.2297390443085 3.6719954357069898e-09
197.3340934035912 3.459314313238533e-09
197.43844776287392 3.9844947273885324e-09
197.54280212215662 4.027967794748859e-09
197.6471564814393 3.907335988587759e-09
197.751510840722 4.125217179297311e-09
197.85586520000473 3.796595925671084e-09
197.96021955928742 3.752900469992364e-09
198.06457391857012 4.14049566497442e-09
198.1689282778528 3.926428590444044e-09
198.27328263713554 3.899302720364296e-09
198.37763699641823 3.945847591956335e-09
198.48199135570093 3.771237226673423e-09
198.58634571498362 4.135152203794688e-09
198.69070007426635 4.1916214590949084e-09
198.79505443354904 3.7216015886402697e-09
198.89940879283174 3.731328738718503e-09
199.00376315211446 3.91119957711227e-09
199.10811751139715 4.034133539395999e-09
199.21247187067988 4.081313148717904e-09
199.31682622996257 3.746828164416454e-09
199.42118058924527 3.6680090991798e-09
199.52553494852796 3.763612752792403e-09
199.62988930781069 3.732796482792321e-09
199.73424366709338 3.741120323166509e-09
199.83859802637608 3.516900194628132e-09
199.94295238565877 3.5202941526760125e-09
